19810101
0.028
0.008
0.000
0.000
0.000
0.093
0.000
0.000
0.003
0.000
0.000
0.000
0.000
0.249
0.000
0.000
0.000
0.000
0.000
0.000
0.000
0.000
0.000
0.000
0.000
0.527
0.000
0.010
0.000
0.000
0.074
4.779
0.197
0.000
0.000
0.003
0.070
0.897
2.755
0.761
0.003
0.000
0.000
0.000
0.000
0.000
0.000
0.000
0.392
0.000
0.000
0.005
2.353
0.000
0.000
0.000
0.000
0.278
8.883
0.000
0.000
0.154
0.000
0.000
0.000
0.000
0.000
0.000
0.326
0.342
0.000
0.000
0.000
0.000
0.000
0.000
0.000
0.000
0.000
0.000
0.000
0.000
0.000
1.664
4.599
0.008
0.860
8.428
4.969
2.348
3.242
0.000
1.589
2.982
0.005
0.000
0.000
0.000
0.000
3.985
0.000
0.000
6.025
0.177
0.000
0.153
0.000
0.113
0.943
0.000
0.767
4.815
8.275
0.014
0.526
0.555
5.909
2.637
5.762
2.175
2.132
0.007
0.655
0.000
0.925
0.000
0.000
0.000
3.129
0.000
0.000
0.000
0.000
0.000
0.000
0.000
0.000
0.000
0.000
0.000
0.000
0.999
2.329
23.834
5.692
4.819
0.044
1.314
0.633
0.078
0.168
5.151
2.268
13.443
0.000
6.524
0.496
2.650
0.489
0.444
5.498
0.216
0.318
12.791
22.503
8.913
1.810
0.029
0.890
0.258
6.239
2.100
21.111
0.854
14.538
0.409
0.186
0.092
11.410
8.631
0.000
0.000
0.000
1.665
0.148
0.000
0.000
0.000
0.000
0.000
0.000
25.612
0.888
2.903
19.570
9.762
0.811
0.665
0.000
0.019
3.013
2.614
0.762
8.228
2.694
7.883
0.000
0.000
0.000
0.000
0.000
21.480
1.539
6.634
1.766
11.124
0.046
10.976
11.008
1.249
1.728
0.358
0.399
0.000
0.000
0.000
0.000
0.000
0.000
0.000
0.000
0.000
3.119
4.622
1.487
15.012
22.449
11.986
2.339
0.000
0.011
0.000
0.561
13.931
0.000
0.000
0.000
0.000
0.165
18.298
0.000
5.504
0.000
0.001
0.000
0.000
0.004
0.000
0.012
0.000
0.000
0.000
0.000
0.644
0.000
0.080
0.362
1.362
3.458
4.649
1.651
2.244
2.964
5.284
0.599
0.142
27.671
9.985
10.442
0.000
0.000
0.164
3.628
0.011
3.400
8.645
7.624
0.000
0.000
11.066
4.923
2.564
0.300
0.925
0.906
0.257
0.334
0.361
0.000
0.000
0.002
0.000
0.207
0.958
0.000
0.000
0.000
0.000
0.000
0.000
0.000
0.000
0.000
0.000
0.000
0.000
0.000
0.000
0.533
2.333
0.000
0.000
0.323
0.000
0.000
0.000
0.007
0.351
3.068
5.317
0.042
0.000
0.000
1.146
0.000
0.000
0.001
0.023
0.000
0.000
0.280
0.000
0.000
0.000
0.190
5.069
0.000
0.000
0.000
0.000
0.000
0.000
0.000
0.002
4.752
0.000
0.086
0.011
0.017
0.536
0.366
0.666
0.001
0.140
5.528
0.000
0.612
5.821
0.100
0.000
0.000
0.000
0.002
0.000
0.002
0.008
0.000
0.000
0.051
2.757
0.112
0.061
2.140
0.063
0.107
4.530
0.838
8.510
0.002
3.910
0.000
0.000
0.000
0.442
0.005
0.000
2.828
2.467
0.000
0.000
0.000
0.053
0.110
0.063
0.000
0.000
0.000
0.000
0.455
0.371
0.008
0.007
2.012
2.506
0.000
0.000
0.000
0.000
0.069
2.880
0.002
0.000
0.000
0.022
0.008
0.000
0.000
0.000
0.000
0.000
0.000
5.345
0.716
0.000
0.003
1.403
4.305
0.000
2.283
1.335
0.015
4.470
0.000
7.717
1.493
1.205
0.000
0.000
0.107
0.000
0.000
0.035
0.392
5.622
4.918
0.000
0.245
16.771
1.312
7.860
0.000
0.000
0.002
0.007
0.221
0.000
0.281
5.289
0.062
5.847
4.350
0.156
0.000
0.033
0.000
0.000
0.001
0.000
0.000
0.000
0.000
0.000
0.000
0.000
1.764
0.000
0.000
0.001
1.688
15.001
0.000
0.000
0.000
0.715
13.370
1.478
0.711
10.615
10.984
6.057
8.199
15.412
31.742
1.661
0.000
0.000
0.000
0.000
0.000
0.000
0.000
0.000
0.000
4.918
1.329
0.510
0.000
0.000
0.000
0.000
0.000
5.990
5.042
0.103
0.641
1.099
0.000
0.372
0.004
0.060
7.961
0.039
0.815
0.000
1.017
6.479
1.391
0.965
2.039
19.052
0.000
0.000
0.094
2.111
12.550
0.000
0.000
0.082
0.962
0.000
1.061
12.336
10.201
0.000
18.331
0.216
0.048
1.067
4.997
3.160
2.268
7.567
0.429
0.000
12.138
8.111
0.520
0.000
0.016
2.645
0.654
2.243
0.818
0.338
9.432
0.512
0.006
0.005
0.316
1.094
0.000
0.000
3.150
1.412
1.197
1.055
0.000
0.000
0.026
0.459
0.052
0.000
0.862
11.453
0.079
2.350
0.000
0.849
8.150
0.159
0.155
0.412
1.833
1.286
0.148
0.200
0.145
2.548
3.616
0.153
0.000
0.000
5.412
0.000
0.000
0.000
0.000
0.000
0.154
14.054
11.705
0.778
13.591
0.949
3.438
0.047
0.009
1.141
0.000
0.000
0.319
0.873
0.000
0.000
0.008
3.312
4.193
0.006
0.425
20.525
1.693
2.640
0.397
30.077
15.944
0.129
8.412
15.607
6.922
3.036
0.438
0.141
0.750
0.204
1.514
0.418
0.292
0.041
0.001
0.000
0.000
0.261
0.000
0.000
0.032
0.515
0.686
0.006
0.000
0.000
1.933
4.553
0.492
0.010
0.000
0.000
0.000
0.004
5.564
0.262
2.281
0.012
0.020
0.000
0.000
0.000
0.000
1.810
6.653
2.242
0.819
0.000
0.000
0.000
0.000
0.000
0.000
0.002
0.000
0.213
0.628
0.002
0.000
0.000
0.000
0.000
0.000
0.000
0.000
0.000
0.000
0.000
0.132
0.797
0.000
0.359
1.900
1.347
0.791
0.000
0.007
0.294
0.000
1.216
0.002
0.001
1.791
0.053
0.000
0.667
0.000
0.000
0.201
0.382
0.000
8.067
4.581
0.385
0.009
4.383
0.416
0.002
0.039
0.011
0.000
0.000
0.000
0.000
0.008
0.000
0.000
0.000
0.000
0.000
0.000
0.000
0.000
0.000
1.681
1.356
0.000
0.000
0.000
0.000
0.000
0.000
0.000
0.000
0.000
0.000
0.431
0.074
0.022
0.000
0.000
0.000
0.000
0.000
0.184
0.000
1.221
0.000
0.000
0.044
0.012
0.000
0.000
0.090
0.102
0.775
0.000
0.028
0.000
3.223
7.615
14.485
4.036
1.684
0.000
0.000
0.000
0.000
0.000
0.000
0.050
1.864
1.571
0.000
0.000
0.000
0.000
0.000
0.000
0.000
0.014
0.321
0.000
0.380
2.716
6.643
0.664
0.390
0.031
0.000
0.000
1.206
2.017
0.000
0.000
0.000
0.000
0.000
5.748
0.579
0.000
0.005
0.000
0.000
0.000
0.000
0.000
0.000
0.000
0.000
0.000
0.004
0.777
1.096
0.248
0.000
0.000
0.000
0.000
0.000
0.001
0.000
0.000
0.000
0.000
2.718
1.307
2.400
14.530
0.000
0.612
0.218
0.000
0.000
0.873
4.920
3.165
0.073
0.000
0.948
0.089
0.000
6.798
1.873
3.154
1.311
2.486
0.000
0.000
7.161
2.211
0.262
0.000
0.000
0.176
0.162
3.047
8.344
1.423
7.088
46.268
14.426
0.650
0.000
0.007
0.000
0.013
10.666
9.948
0.000
13.167
4.712
9.044
2.742
0.000
3.396
25.382
0.031
6.868
45.955
12.797
8.604
0.000
0.000
0.000
0.000
0.000
0.000
0.000
0.000
0.000
0.000
6.993
7.685
16.685
3.309
2.988
0.475
0.000
0.000
0.000
0.000
0.020
0.000
0.042
0.244
7.758
13.427
0.044
0.290
1.961
0.000
0.000
0.081
0.000
0.667
1.353
10.982
0.000
0.000
0.939
0.191
0.179
1.473
5.632
0.000
1.347
0.180
0.644
0.263
0.019
0.043
0.337
1.977
0.081
0.513
2.969
1.936
0.000
1.241
0.018
0.000
0.688
4.261
2.071
0.000
0.010
0.037
9.070
0.131
15.542
0.029
0.008
7.489
13.532
0.148
0.407
0.646
0.561
1.288
0.633
0.002
0.000
0.000
0.000
0.043
0.015
1.503
4.617
9.418
3.439
12.017
0.400
2.230
0.013
1.981
0.093
0.064
2.979
7.527
0.438
3.066
0.960
2.266
4.951
0.374
0.849
3.335
2.573
0.008
0.000
0.000
0.583
0.585
0.000
0.171
0.000
0.000
0.000
0.002
0.120
0.000
0.000
0.000
0.000
0.024
0.030
0.129
1.702
0.000
0.000
0.059
1.934
0.574
0.000
0.000
0.004
0.051
2.125
13.664
10.767
0.000
2.927
2.526
0.012
0.000
0.000
6.898
4.022
0.703
0.629
0.000
0.010
0.045
0.000
0.005
0.000
0.000
0.053
1.030
3.177
2.826
2.980
4.680
0.952
0.000
0.000
0.000
0.000
0.002
3.447
0.603
0.000
0.056
0.130
0.001
0.576
0.022
0.000
0.000
0.000
0.000
0.000
0.007
0.000
0.000
0.000
0.000
0.000
0.045
0.013
0.721
2.338
0.897
0.041
0.001
0.130
0.059
0.000
0.000
0.000
0.000
0.000
0.000
0.065
0.263
4.584
0.000
2.089
0.000
0.051
0.020
0.090
0.053
0.961
0.143
0.865
0.000
0.000
0.000
0.000
0.000
0.000
2.424
1.968
0.000
3.282
2.499
6.492
0.067
0.233
0.000
0.000
0.000
0.010
0.000
0.000
0.010
0.000
0.000
0.000
0.000
0.000
0.000
2.988
8.275
0.000
0.217
0.584
0.000
0.000
0.000
0.287
4.017
0.077
0.530
0.000
0.000
0.000
0.000
0.000
0.000
0.000
0.000
0.000
0.000
0.000
0.029
0.000
0.000
0.000
0.000
0.000
0.000
0.000
0.000
0.000
0.000
0.000
0.002
0.000
0.118
6.737
8.990
1.906
0.038
0.000
0.000
0.000
0.061
0.196
0.119
0.000
0.000
0.000
0.098
0.788
4.548
14.152
7.824
0.039
2.013
0.003
0.000
0.000
0.037
1.329
7.041
28.867
0.149
0.000
0.223
0.000
0.414
2.083
0.456
0.004
4.111
0.775
0.000
0.000
0.048
5.402
1.136
0.074
0.000
0.002
0.019
0.040
0.000
0.000
0.000
0.002
4.270
4.979
0.000
4.453
29.006
10.254
11.909
25.645
1.948
23.236
1.897
4.516
1.620
0.322
0.681
3.004
0.903
4.033
0.815
3.490
1.775
12.407
3.013
0.069
0.000
2.866
0.185
0.000
0.000
0.064
0.325
2.333
8.748
0.273
1.043
0.197
0.000
1.053
2.033
2.343
0.000
0.000
0.008
0.000
0.003
1.133
5.319
0.038
0.024
0.000
0.218
0.930
0.384
0.214
0.207
2.153
0.486
0.000
0.000
0.000
0.614
4.771
0.000
0.000
0.542
4.817
0.088
3.012
6.329
0.040
0.000
0.000
0.000
0.000
0.033
0.544
0.000
0.000
0.000
0.000
0.970
20.303
0.000
0.000
0.303
4.923
0.049
1.248
0.065
0.591
0.047
0.119
2.901
3.344
1.456
0.565
0.000
0.052
1.408
4.059
2.117
1.488
0.385
6.289
1.431
0.014
0.000
0.000
0.000
0.000
0.000
0.000
0.000
0.115
1.150
20.520
2.241
0.105
0.370
0.045
0.000
0.000
0.000
0.000
0.000
0.121
0.022
0.106
3.037
1.405
0.002
0.000
0.006
0.000
0.000
18.872
49.771
26.888
18.275
2.605
38.110
4.809
3.144
0.797
0.034
0.000
0.000
0.018
0.106
0.872
0.201
0.993
0.138
2.218
0.000
0.481
0.781
0.206
0.000
0.000
0.000
0.000
0.000
0.000
0.000
0.000
0.000
0.086
0.001
0.000
0.000
0.000
0.000
0.000
0.000
0.000
0.000
0.007
0.503
0.119
1.108
0.000
0.000
0.045
0.115
0.000
0.006
0.000
0.002
0.000
0.000
0.000
0.000
0.000
0.000
0.000
0.000
0.000
11.512
7.790
0.888
0.000
0.023
0.010
0.000
0.023
0.000
0.000
0.000
0.057
0.758
0.736
0.072
1.269
0.026
0.000
0.000
0.000
0.000
0.160
0.796
0.000
0.164
0.003
0.187
0.000
0.030
0.139
0.000
0.000
0.305
1.058
0.000
0.004
0.187
0.017
0.040
0.551
1.167
0.000
0.000
0.000
0.001
0.003
0.000
0.000
0.000
0.000
0.000
0.012
0.418
0.068
0.000
0.897
3.413
1.768
0.000
0.027
0.186
0.000
0.000
0.000
0.262
0.087
0.000
0.007
0.000
0.000
0.000
0.237
0.241
0.006
0.000
0.000
0.000
1.517
35.629
6.072
0.000
0.000
0.000
0.000
0.000
0.000
0.018
1.500
0.005
0.000
0.000
0.000
0.000
0.000
0.000
0.000
0.000
0.547
3.904
0.878
0.000
0.000
0.848
4.736
0.000
0.000
0.000
0.000
0.000
0.000
0.000
0.000
0.000
0.000
0.000
0.000
0.000
0.043
3.851
0.335
0.019
0.000
0.059
0.000
0.000
0.295
8.054
26.366
28.969
5.317
0.413
0.082
0.000
0.000
0.005
5.807
0.000
0.000
0.000
0.009
0.288
3.368
0.056
0.008
2.155
1.597
20.558
32.710
6.783
1.663
7.846
6.852
0.000
0.000
0.000
0.000
0.000
0.455
1.300
0.000
2.823
0.909
0.087
0.166
4.337
10.205
49.506
0.120
0.000
0.004
0.073
0.024
0.002
1.932
0.001
0.000
0.242
12.539
17.548
0.175
0.448
5.807
0.126
1.461
2.417
0.904
0.000
1.244
16.500
0.936
0.073
5.010
40.086
5.438
7.850
0.000
0.000
0.018
0.237
0.000
2.056
2.344
0.012
0.000
0.005
5.384
0.018
0.509
0.000
0.000
0.000
0.046
0.000
29.033
78.286
1.207
0.135
4.568
0.387
1.097
33.501
4.423
0.253
8.596
0.550
0.188
0.090
2.103
0.000
0.000
0.000
3.104
5.570
0.188
0.000
0.016
0.622
1.906
2.515
40.067
11.529
0.000
0.106
3.964
3.192
0.772
0.329
0.000
0.000
1.406
16.420
6.040
1.640
0.013
0.033
1.190
17.717
0.021
0.092
0.887
6.309
15.272
0.435
1.628
10.708
0.016
1.586
14.623
1.003
0.000
0.000
0.000
0.000
0.000
0.186
3.329
0.002
1.581
4.340
0.034
1.861
1.783
2.205
0.000
0.000
0.000
0.000
0.017
4.884
3.239
0.000
0.120
0.815
0.926
0.000
0.312
13.655
0.261
0.000
0.000
12.143
0.326
2.399
0.000
0.000
0.000
0.001
0.000
0.000
0.000
0.000
1.048
0.048
0.004
0.000
0.102
0.000
0.212
0.331
0.000
0.000
0.000
0.000
0.000
0.004
4.340
0.000
0.000
0.000
0.000
0.000
0.510
0.000
0.826
0.000
1.964
0.142
4.822
13.449
2.870
0.031
3.345
0.636
0.171
2.308
8.012
0.088
0.087
0.108
3.895
4.720
3.990
0.083
2.463
0.000
0.024
0.000
0.150
0.007
0.089
0.000
0.000
0.000
0.142
0.591
0.123
0.000
0.000
0.000
0.000
0.000
0.000
0.242
0.092
0.001
1.327
0.027
0.000
0.000
0.000
0.001
0.000
0.221
1.426
0.207
0.000
0.000
0.018
0.006
0.000
0.000
0.000
0.004
0.000
0.000
0.000
0.000
0.407
2.113
0.078
0.000
0.583
3.501
0.000
1.584
1.375
0.124
0.095
0.133
1.392
0.002
0.127
1.587
0.000
0.965
0.000
0.022
0.000
0.000
0.000
0.020
0.000
0.000
0.000
0.064
0.762
0.006
0.003
0.000
0.149
0.261
7.908
0.001
0.448
0.000
0.000
0.074
1.203
1.682
0.000
0.000
0.000
0.000
0.000
0.606
0.000
0.000
0.001
0.116
7.110
0.000
0.000
0.820
3.861
0.000
0.000
0.000
0.247
0.762
0.000
0.000
0.000
0.004
0.000
0.000
0.000
0.000
0.000
0.000
0.000
0.211
0.478
0.005
4.321
1.192
3.510
2.202
1.262
0.016
0.000
0.000
0.000
0.892
0.634
12.070
12.625
0.000
0.283
2.001
12.601
1.946
1.058
0.000
0.000
0.452
1.349
9.386
5.465
23.757
12.116
11.271
1.522
0.156
0.000
0.000
0.028
0.529
1.130
13.446
10.981
1.868
1.648
4.388
2.690
1.568
7.548
0.306
0.000
0.000
0.075
0.000
0.000
0.000
0.244
4.920
2.163
1.226
0.620
0.000
0.000
0.097
0.201
0.209
0.000
0.545
9.220
0.007
0.408
7.854
0.002
0.786
10.351
19.003
0.259
0.595
1.329
3.414
6.313
0.569
5.116
2.704
2.884
18.249
10.136
0.987
0.968
0.181
1.168
1.501
0.001
0.000
0.163
0.550
2.748
0.371
13.900
1.706
0.161
0.624
4.573
2.057
0.651
16.010
15.757
5.053
1.504
3.964
3.244
2.175
1.494
6.726
0.652
0.001
0.091
0.841
4.810
2.388
0.346
19.698
0.722
0.292
2.349
0.000
0.255
0.211
0.000
3.071
3.886
6.038
17.101
1.922
0.369
3.181
0.000
0.000
2.497
12.346
0.341
0.000
0.045
0.000
0.415
5.014
4.406
14.382
7.920
0.538
1.991
1.820
0.249
0.000
0.000
0.012
1.420
13.034
17.015
18.866
3.199
0.009
0.000
0.000
0.000
1.156
6.196
10.309
1.470
2.076
0.811
5.884
1.105
16.089
1.190
9.225
12.210
7.256
7.825
0.000
0.178
6.395
0.000
0.044
0.611
2.420
0.005
0.000
0.409
0.051
0.013
0.000
0.022
0.103
0.189
0.086
0.109
2.156
1.434
2.722
0.955
0.000
0.000
0.000
0.000
0.000
0.000
0.000
0.000
0.000
0.119
0.000
0.000
0.000
0.097
0.359
0.095
0.998
0.000
0.000
0.086
0.000
0.795
4.331
4.723
9.942
2.674
4.082
0.000
1.370
0.000
0.000
1.580
0.043
0.364
0.106
0.264
2.580
0.000
0.299
0.354
0.238
0.000
0.000
0.000
0.000
0.000
0.000
0.000
0.107
1.299
0.024
0.000
0.000
0.024
0.000
0.000
0.001
1.485
0.000
0.000
0.006
0.000
0.000
0.000
0.000
0.000
0.000
0.000
0.000
0.000
0.000
0.000
0.000
0.000
0.000
0.000
0.009
0.278
0.002
0.053
0.000
0.000
0.009
0.964
0.249
0.000
0.000
0.000
0.000
0.000
0.000
0.000
0.000
0.000
0.000
0.000
1.695
1.716
0.425
0.023
0.006
0.000
0.000
0.000
0.000
0.000
2.727
3.217
0.000
0.090
1.342
0.015
0.000
0.000
0.000
0.000
0.000
0.000
0.000
0.000
0.000
0.000
0.000
0.001
0.320
0.012
0.000
0.000
0.000
1.017
0.288
0.638
0.820
0.216
0.000
0.003
0.123
2.645
1.790
0.000
0.000
0.000
0.000
0.000
0.000
0.000
0.000
0.000
0.000
0.185
0.033
0.000
0.032
0.000
0.000
0.094
0.003
0.204
1.342
13.198
10.379
0.039
0.063
0.000
0.000
0.000
0.000
0.000
0.461
0.000
0.000
0.000
0.000
0.000
0.000
0.000
0.000
0.141
0.104
0.003
0.052
0.008
0.000
0.000
0.000
0.000
0.000
3.553
0.051
0.000
0.000
0.000
0.033
0.357
0.022
0.000
0.000
0.000
0.958
0.096
0.046
0.000
0.000
0.000
0.000
0.000
0.000
0.232
0.330
0.000
2.520
5.329
0.217
1.627
8.531
22.918
1.218
1.356
25.828
18.064
1.375
0.200
4.142
12.046
1.530
0.069
0.101
2.361
2.205
0.318
2.273
0.731
0.000
0.000
0.000
0.000
0.008
0.006
0.731
4.229
0.000
0.000
0.000
0.000
0.425
1.508
0.000
0.000
0.000
0.000
0.518
5.272
0.000
0.195
0.406
0.001
0.644
2.797
0.065
1.070
5.725
0.042
0.000
1.928
2.206
0.000
0.017
0.026
0.477
17.451
2.004
1.655
0.366
1.935
0.108
4.490
21.667
17.480
22.949
3.678
7.392
11.137
1.462
0.854
1.992
0.278
0.129
0.000
0.001
0.077
0.746
0.066
11.706
0.000
0.007
0.512
0.000
0.000
0.063
0.000
0.000
4.083
1.276
0.179
10.540
14.623
9.445
5.903
0.382
0.910
0.376
0.450
0.004
0.123
0.218
2.864
0.167
0.015
0.576
2.803
0.063
0.000
0.000
0.008
0.721
11.430
2.470
0.149
3.254
0.612
0.908
1.001
1.443
3.227
0.031
0.000
0.001
0.903
19.849
25.011
5.200
2.908
0.000
0.000
0.014
0.000
0.000
0.193
0.088
0.731
0.016
0.237
0.571
0.000
0.000
2.122
1.058
0.000
0.000
0.000
0.000
0.000
0.000
0.000
0.000
0.764
2.610
2.326
0.271
0.082
1.498
0.024
3.190
1.449
1.084
0.160
0.260
0.000
0.000
0.000
0.000
0.000
0.046
0.349
0.686
0.905
0.000
0.000
0.000
0.000
0.000
0.000
0.000
0.000
0.000
0.000
0.374
13.508
3.028
0.006
0.000
0.011
0.000
0.000
0.000
0.000
0.000
0.000
0.000
0.002
0.798
0.168
0.000
0.115
1.789
0.031
0.000
5.554
7.000
0.559
0.004
0.315
0.033
0.968
0.049
0.724
0.000
0.000
0.000
0.319
0.011
0.248
0.088
0.000
0.011
0.139
0.050
0.000
0.000
0.000
0.010
0.101
3.398
0.043
0.000
0.063
0.000
0.000
0.000
0.000
0.000
0.000
0.000
0.241
11.816
0.908
0.337
0.000
0.000
0.000
0.000
1.355
2.895
0.000
0.042
0.570
2.002
2.802
0.000
0.224
0.385
0.061
0.303
3.454
0.154
0.000
0.000
0.000
0.000
0.002
0.386
0.431
0.135
0.001
0.000
0.000
0.000
0.000
0.003
0.000
0.000
0.000
0.031
0.005
0.000
0.003
0.006
0.000
0.000
0.000
0.000
0.000
0.000
0.000
0.000
0.000
0.000
0.000
0.000
1.230
7.914
7.648
0.188
2.118
4.917
2.331
0.531
0.000
0.000
0.000
0.000
0.035
0.096
0.048
0.000
0.000
3.334
14.678
0.677
0.000
1.144
1.933
0.000
0.080
0.087
0.687
4.217
1.185
0.000
0.013
0.061
0.371
0.474
0.084
0.052
0.000
0.000
0.000
0.000
0.000
0.000
0.000
0.000
0.000
0.000
0.000
0.000
0.000
0.001
0.000
0.012
0.000
0.000
0.000
0.072
0.000
0.000
0.000
0.000
0.121
1.211
3.820
7.115
0.249
0.143
4.276
3.746
0.483
0.345
0.769
0.016
0.000
0.381
0.301
4.042
3.447
1.230
0.000
0.125
1.118
7.159
0.738
0.005
0.019
0.095
0.000
0.368
1.432
0.000
0.005
0.001
0.000
0.146
0.150
0.000
0.000
0.014
2.441
11.931
0.733
1.240
0.934
0.445
3.566
0.012
18.003
4.981
0.338
1.206
0.368
0.000
0.004
4.041
0.000
0.000
0.000
0.004
0.000
0.000
0.000
3.182
10.832
0.403
0.134
0.136
0.000
3.437
16.540
0.234
0.000
0.000
0.000
0.000
0.142
1.947
0.531
0.050
0.439
4.657
0.000
0.000
0.000
0.139
3.263
0.583
18.088
2.580
36.927
4.528
6.296
4.720
0.001
5.770
6.730
0.000
0.001
6.517
10.718
15.980
29.239
2.397
0.041
0.272
0.146
0.000
0.000
1.290
7.512
11.048
0.000
0.000
0.009
0.138
0.020
0.054
0.000
0.076
15.158
0.064
3.254
0.006
0.006
0.547
0.000
0.000
0.000
0.000
0.073
1.095
0.000
0.000
0.432
16.861
4.700
0.901
32.033
10.712
0.228
0.388
0.782
0.065
0.000
0.156
0.006
0.798
14.283
0.045
0.154
0.000
0.189
0.002
0.000
0.000
0.000
0.000
0.000
0.000
0.000
0.000
0.000
0.000
0.063
1.236
2.308
2.706
2.289
1.550
5.015
0.000
1.537
0.160
0.000
0.000
0.542
2.328
0.002
0.008
0.206
0.000
0.000
0.000
0.005
0.079
0.000
0.069
1.062
2.113
0.000
0.517
7.917
1.013
1.283
2.010
9.470
1.204
0.398
4.506
0.004
0.665
0.101
0.423
0.000
0.397
0.906
10.366
2.096
0.000
0.000
0.000
0.000
0.000
0.000
0.000
0.000
0.027
0.000
0.000
0.000
0.008
0.197
0.504
7.688
0.113
0.488
0.451
0.015
0.020
0.021
0.027
0.074
2.541
0.000
0.000
0.506
10.314
0.000
0.000
0.000
0.000
0.123
0.009
1.965
0.000
0.000
0.000
15.168
3.475
4.114
0.000
1.004
1.910
0.016
0.000
0.714
0.608
0.344
1.025
0.032
0.045
0.000
0.000
0.059
0.000
1.722
0.010
0.000
0.000
0.000
0.000
0.006
0.809
0.688
0.000
0.000
0.000
0.000
0.143
0.281
0.000
0.000
0.000
0.004
1.420
0.060
0.006
0.006
0.207
0.009
0.000
0.000
0.000
0.000
0.000
0.000
0.000
0.000
0.102
2.618
0.000
0.027
2.707
4.436
0.001
0.480
0.000
0.835
0.002
0.000
0.000
0.000
1.813
6.590
3.201
0.472
0.000
0.000
0.000
0.028
0.008
0.000
0.000
0.046
1.051
0.000
0.141
2.108
1.484
7.069
0.000
0.697
2.984
8.367
5.690
0.002
0.051
0.092
2.120
0.000
0.025
0.617
0.000
0.000
0.002
0.012
0.000
0.580
0.000
0.000
0.000
0.000
0.049
0.000
0.000
6.836
1.152
1.151
0.714
2.724
6.174
1.145
0.000
0.000
3.219
7.712
0.077
0.318
9.122
3.233
0.000
0.000
0.000
0.000
0.000
0.000
0.000
0.000
8.160
3.062
2.955
0.000
1.197
4.905
5.017
14.009
1.423
0.000
0.842
4.031
6.311
0.566
0.000
0.001
0.000
0.039
0.133
0.345
0.194
1.417
0.735
0.000
0.234
12.333
3.669
5.722
0.000
0.000
0.000
0.035
0.052
0.044
8.178
24.095
0.151
0.211
9.858
7.212
0.886
0.000
0.750
0.221
0.000
0.236
7.649
0.000
0.000
0.398
0.000
0.389
0.528
0.000
0.205
0.728
1.927
0.000
0.000
0.050
1.132
0.328
3.082
0.000
0.000
0.000
0.000
0.057
0.000
0.000
0.000
0.831
11.429
0.126
0.057
0.063
0.000
0.008
6.359
0.002
0.087
0.000
0.000
0.000
0.000
1.176
9.092
8.643
5.358
0.019
0.000
0.000
0.000
8.836
2.501
1.079
7.318
0.000
0.000
0.000
8.963
5.857
12.834
0.302
0.864
67.892
1.626
0.000
3.191
28.115
2.974
0.000
0.000
0.060
0.000
0.000
8.243
4.180
0.000
0.000
0.619
0.000
0.000
0.000
1.069
5.501
35.592
3.720
0.000
0.295
0.000
0.000
0.000
0.000
0.000
0.000
2.635
8.933
0.000
0.050
2.097
0.754
0.000
0.000
0.703
2.874
0.161
0.000
0.000
0.000
0.000
0.004
0.000
0.000
0.000
0.000
0.000
0.000
0.000
0.000
0.000
0.000
0.000
0.090
12.495
0.075
0.000
0.031
0.011
0.000
1.101
3.310
0.798
0.193
2.091
1.641
1.184
0.045
0.000
0.188
0.886
0.636
0.038
1.376
0.128
0.000
0.024
0.321
7.824
0.000
0.001
0.000
0.000
7.506
1.029
0.000
0.000
0.000
0.008
0.000
0.000
0.000
0.000
0.000
0.000
0.000
0.000
0.000
0.005
0.000
0.006
0.172
0.000
0.062
0.153
0.002
0.000
0.000
0.000
0.000
0.028
0.195
0.879
3.100
0.000
0.000
0.000
0.023
0.003
0.000
0.000
0.000
0.124
0.000
0.000
0.000
0.000
0.000
0.053
0.264
0.000
0.000
0.000
0.000
3.273
0.000
0.000
0.000
0.000
0.053
1.016
0.891
0.000
0.051
1.312
0.079
0.681
0.000
1.264
1.192
0.010
0.005
0.000
0.000
0.000
0.000
0.000
0.007
0.022
0.137
0.000
0.000
0.000
0.055
8.481
0.050
0.028
0.000
0.139
0.000
0.000
4.232
1.633
0.012
0.289
0.001
0.000
0.072
0.000
0.000
0.117
0.000
0.000
0.000
4.934
1.862
0.000
2.475
20.485
0.827
4.296
3.562
15.633
0.235
0.670
0.000
0.000
1.825
0.000
0.000
0.000
0.000
0.000
0.000
5.609
0.099
0.000
0.000
6.894
1.820
0.000
0.000
0.005
0.000
0.000
0.000
0.038
0.000
0.000
0.000
0.000
0.024
0.088
0.901
0.009
0.000
0.000
0.000
0.000
0.000
1.323
2.534
3.152
7.076
5.768
10.689
4.743
5.371
0.029
0.000
0.000
0.027
0.000
0.000
0.008
0.302
0.001
0.000
0.000
0.000
0.020
4.908
0.455
2.857
1.750
0.208
0.752
0.947
0.382
1.438
3.719
0.000
0.000
5.138
4.444
0.000
0.026
0.000
0.000
0.195
5.490
31.222
6.288
6.921
2.143
0.454
1.726
1.023
0.263
13.968
6.473
0.010
0.230
2.674
4.638
5.181
5.586
2.250
4.323
3.180
2.983
0.138
0.000
0.040
0.023
1.946
3.140
1.627
0.090
0.006
0.010
0.000
0.000
0.000
0.000
3.114
13.753
0.000
0.000
12.598
7.723
0.000
0.000
0.013
0.465
7.924
0.000
0.252
0.143
0.391
0.546
1.374
0.274
0.014
3.338
3.692
0.351
0.752
0.000
0.000
0.000
0.000
0.404
0.776
0.000
0.000
0.000
0.000
0.000
0.000
0.030
5.862
0.000
0.000
0.000
0.000
0.030
7.096
1.298
0.481
0.036
0.000
7.722
2.220
2.819
16.634
0.000
0.009
0.000
0.000
1.353
0.022
0.122
4.006
2.259
0.279
1.982
8.612
0.000
0.179
0.000
0.019
0.164
0.607
2.755
0.000
0.000
0.000
2.717
5.816
1.235
7.661
0.024
0.181
0.001
0.000
0.000
0.000
0.000
0.113
0.288
0.694
1.890
39.743
1.301
0.000
0.001
0.000
0.000
0.000
0.000
0.203
0.707
0.039
0.046
0.272
2.445
25.726
10.890
0.000
0.573
1.232
0.269
0.000
0.000
0.000
0.000
0.286
0.022
0.000
0.000
0.000
0.000
0.000
0.000
0.000
0.000
0.000
0.000
0.000
0.220
0.021
0.000
0.000
0.000
0.000
0.004
0.301
0.000
0.000
0.000
0.847
1.021
0.000
0.000
0.000
0.000
0.003
1.535
2.305
0.000
0.000
0.000
0.000
0.000
0.000
0.000
0.000
0.000
0.000
0.000
0.000
0.000
0.621
0.018
0.000
0.045
0.000
0.000
0.000
0.900
13.865
0.823
0.835
0.017
0.354
0.082
0.016
1.195
0.018
0.252
0.000
0.402
0.121
0.007
0.000
0.155
0.000
0.000
0.106
0.271
0.008
0.000
2.585
0.039
0.001
0.544
0.013
0.036
0.000
0.000
0.000
0.002
0.000
0.482
0.476
0.000
0.000
0.239
0.770
1.529
0.000
0.000
0.000
0.000
0.000
0.000
0.000
0.000
0.000
0.000
0.000
0.000
0.000
0.000
0.000
0.940
5.234
0.000
0.000
0.000
0.397
7.866
0.056
0.005
0.000
4.064
3.487
1.692
0.004
0.085
0.000
0.499
1.157
0.000
0.655
0.370
0.660
0.000
0.008
0.003
0.000
0.000
0.030
0.029
0.000
0.000
0.043
0.056
0.000
0.000
0.153
3.537
1.267
15.263
1.566
2.532
0.000
0.000
0.000
0.000
0.125
1.193
0.002
0.000
0.000
1.143
0.000
0.000
0.000
0.000
0.984
0.010
0.000
0.145
3.950
16.390
13.943
6.914
0.000
0.000
0.000
0.113
0.000
4.068
0.250
0.000
0.000
0.149
8.087
5.441
4.873
24.924
1.356
0.036
0.399
19.364
0.338
5.938
1.546
0.328
0.000
0.000
0.000
0.000
11.358
0.000
0.003
1.536
0.000
0.000
0.000
0.000
0.000
0.507
14.373
16.745
0.000
0.000
0.080
1.831
7.670
1.209
6.903
2.267
1.286
0.240
0.000
0.000
0.000
0.000
0.000
1.952
7.120
0.012
3.155
0.043
7.770
7.090
0.104
0.102
0.107
0.170
16.311
13.219
1.218
0.000
0.000
0.001
0.080
7.789
0.855
20.471
5.821
22.108
0.526
2.086
6.243
0.359
1.580
0.097
0.669
1.436
0.862
1.099
8.849
4.933
0.000
0.000
0.011
0.584
3.801
10.885
1.895
2.115
3.351
0.000
0.000
0.029
0.417
0.371
5.952
0.086
0.032
0.834
0.000
0.282
13.984
5.017
0.447
0.000
0.005
0.068
0.000
0.174
0.098
0.000
0.104
0.000
0.000
2.118
3.337
0.000
0.015
0.000
0.000
0.000
0.136
3.498
13.118
0.000
0.037
0.001
0.239
0.024
0.000
0.000
0.680
22.013
0.000
0.000
0.000
2.286
20.509
21.259
0.009
0.003
0.319
0.000
15.990
8.474
4.278
1.125
4.886
0.505
0.000
0.000
0.283
0.376
0.000
2.094
0.072
0.000
0.000
0.040
2.014
0.155
0.506
0.036
0.334
0.174
0.576
0.101
0.000
0.000
0.000
0.000
0.000
0.105
1.462
0.009
0.001
0.031
0.000
0.072
0.151
0.558
0.005
0.066
0.473
0.000
0.000
0.000
2.210
18.346
0.011
0.028
7.029
5.701
1.682
0.003
2.035
1.073
0.000
0.000
0.382
1.942
1.292
2.817
0.000
0.002
0.000
0.000
0.076
4.194
0.131
0.000
0.000
0.000
0.000
0.000
0.000
0.144
0.409
0.000
0.014
3.148
0.000
0.396
1.335
0.029
4.921
0.768
0.026
0.188
0.258
0.000
0.000
0.000
0.276
1.152
0.005
0.000
0.512
0.021
0.122
1.555
0.001
0.000
0.000
0.000
0.000
0.002
0.000
0.000
0.000
0.005
0.002
0.072
0.007
0.000
0.000
0.040
1.131
0.000
7.826
0.700
0.000
0.000
0.000
0.000
0.012
0.002
0.027
0.542
0.000
0.140
0.000
0.000
0.000
0.000
0.000
0.639
0.024
0.364
0.000
0.000
0.000
0.000
0.000
0.000
0.000
0.000
0.000
0.000
0.000
0.000
0.000
0.000
0.000
0.000
0.350
0.010
1.437
0.259
0.565
0.772
2.768
3.193
0.000
0.640
0.170
1.890
0.023
0.000
0.000
0.000
0.000
0.000
0.000
0.000
0.015
4.342
13.802
13.036
1.095
0.705
0.000
2.806
0.029
2.562
0.386
0.000
0.001
0.000
0.000
0.000
0.000
0.001
0.000
0.000
0.000
0.000
0.000
0.000
2.391
0.763
0.000
0.006
0.000
0.000
0.000
0.000
0.000
0.228
3.543
0.096
0.104
3.018
2.885
0.000
0.033
0.000
0.299
0.080
0.000
1.986
17.144
6.919
8.715
2.630
0.393
0.088
0.013
0.000
0.000
0.000
0.000
0.003
0.000
0.000
0.056
0.022
0.000
0.000
0.000
0.000
0.000
0.779
8.785
2.715
0.025
0.003
0.098
2.545
3.314
0.007
0.000
0.009
0.545
3.656
4.046
0.812
5.006
0.248
0.446
0.000
0.000
0.000
0.000
0.000
0.229
0.101
3.255
0.008
4.443
0.457
0.254
0.000
0.000
0.000
0.000
0.543
6.751
1.601
11.469
33.772
9.094
13.801
2.194
0.064
9.407
1.309
1.315
0.060
0.018
0.000
0.000
0.017
3.007
43.701
4.550
9.177
0.262
0.469
0.000
0.011
1.486
4.510
12.271
0.632
3.958
0.964
2.379
11.992
3.344
1.719
0.064
0.116
0.638
1.704
1.663
0.494
0.000
0.851
0.170
0.021
0.346
0.000
0.000
0.000
0.203
0.395
0.000
0.000
0.000
0.000
31.292
3.701
0.079
0.433
0.025
3.486
0.004
0.257
0.000
0.000
1.711
2.293
0.038
0.048
14.418
1.558
0.540
10.896
6.155
1.138
0.301
0.466
5.166
11.661
0.164
0.420
17.730
0.054
0.805
10.349
1.127
11.044
7.271
0.260
1.411
0.000
0.000
0.015
0.000
0.018
0.462
4.702
1.132
0.000
0.000
0.082
0.000
0.000
0.000
0.000
0.322
0.002
0.097
0.000
0.000
0.000
0.000
0.000
0.000
0.000
0.000
0.003
0.616
0.558
0.000
0.000
0.000
0.000
0.047
0.000
5.123
0.000
0.024
0.096
1.366
0.000
0.000
0.000
0.000
0.000
0.000
0.000
0.000
0.000
0.000
1.452
0.027
12.816
5.001
2.766
0.000
0.000
0.070
0.000
1.866
0.624
0.000
0.000
0.052
0.000
0.000
0.069
0.000
0.000
1.392
6.360
0.000
0.000
0.165
0.014
0.000
0.000
0.000
0.000
0.000
0.000
0.043
0.149
0.002
0.005
0.000
0.000
0.000
0.000
0.000
0.000
0.000
0.000
0.233
7.057
2.558
0.198
0.000
0.338
1.936
0.001
0.658
0.037
0.139
0.000
1.414
0.000
0.000
0.369
3.716
0.386
1.147
0.046
0.095
0.613
2.519
0.061
0.027
0.000
0.000
0.000
0.000
0.000
7.358
4.489
1.337
0.102
0.055
0.018
0.000
0.001
0.000
1.114
1.009
6.770
1.524
0.139
2.096
0.166
0.595
0.000
0.000
0.000
0.000
0.000
0.000
0.000
0.000
0.000
0.000
0.000
0.000
0.000
0.000
0.776
0.000
0.001
0.000
0.000
0.000
0.000
0.000
0.000
0.569
1.526
0.023
0.000
0.000
0.000
0.000
0.000
0.000
0.000
0.000
0.000
0.000
0.000
0.000
0.000
0.000
8.630
0.050
0.210
0.000
0.000
0.001
1.345
0.000
0.000
0.000
0.000
0.000
0.000
0.000
0.000
0.000
0.000
0.000
0.000
0.000
6.410
11.580
0.013
0.000
0.000
0.000
0.000
0.000
0.143
6.120
3.254
0.011
7.959
1.386
0.000
0.000
0.000
0.000
0.017
0.006
0.000
0.000
0.000
0.000
0.000
41.707
5.011
0.243
0.217
0.508
2.208
1.006
1.888
13.772
0.000
0.000
0.114
0.007
2.278
14.308
4.907
0.117
0.000
0.000
0.100
0.993
0.022
0.000
0.000
0.008
0.000
0.081
2.758
0.956
8.731
44.553
2.266
3.900
11.213
1.108
0.122
26.786
13.760
0.758
0.000
0.000
0.000
0.000
6.467
2.335
7.818
3.188
1.620
0.000
0.000
8.644
10.585
1.153
17.031
2.092
0.992
1.219
4.401
0.000
0.213
5.241
29.460
2.401
1.782
0.366
0.012
0.291
2.320
0.845
7.050
0.384
18.930
1.798
1.866
2.526
5.864
11.793
0.082
6.117
0.029
5.903
1.745
1.198
40.595
6.452
0.000
0.253
0.000
0.000
0.231
2.765
0.520
17.775
7.244
0.906
1.775
0.406
0.000
0.220
0.211
0.794
1.319
0.700
1.713
3.162
0.000
0.326
16.482
0.000
0.034
2.156
0.056
7.698
10.009
0.080
0.000
15.893
0.019
0.008
0.000
1.146
15.950
0.926
0.000
1.292
20.556
0.000
0.030
21.949
0.000
0.130
1.192
0.001
0.394
0.055
0.399
0.039
0.007
0.851
0.031
0.000
0.000
4.133
11.984
0.646
0.000
0.000
0.461
0.075
9.640
0.894
1.193
0.008
0.000
0.000
0.550
0.595
4.137
0.139
0.000
0.000
0.000
0.000
0.000
0.000
0.000
0.005
0.852
0.000
0.000
0.000
0.000
0.000
0.000
0.002
1.053
0.005
0.086
0.267
3.596
2.833
0.450
0.000
0.000
0.037
0.005
0.002
0.691
0.710
0.045
0.000
0.025
0.000
0.000
2.604
13.623
0.180
0.000
0.000
0.103
0.000
0.000
0.000
10.359
0.455
2.451
0.000
0.000
0.000
0.000
0.000
0.000
0.000
5.384
0.032
6.280
3.287
3.657
1.847
0.316
0.000
0.031
0.235
0.000
0.000
0.000
3.102
0.000
0.000
0.000
0.784
0.000
0.000
0.000
0.465
0.008
0.000
0.987
4.768
0.000
2.364
0.152
0.767
0.073
0.049
0.009
0.002
0.074
0.013
0.358
0.000
0.028
3.559
2.064
0.667
0.592
0.073
5.356
2.191
0.000
0.218
0.171
0.025
0.258
0.000
0.000
0.000
3.362
0.987
0.667
0.000
0.000
0.000
0.000
0.000
0.000
0.229
0.467
1.389
1.622
0.025
0.000
0.000
0.000
0.000
0.000
0.000
0.000
0.009
0.004
1.202
2.147
0.610
1.029
3.975
0.186
0.018
0.000
0.004
0.000
0.000
0.291
0.000
0.000
0.000
0.000
0.040
4.096
0.338
0.000
0.000
0.010
0.454
0.000
0.000
0.009
0.000
0.005
0.000
0.003
0.012
0.000
0.000
0.000
0.000
0.000
0.000
0.000
3.549
0.000
2.154
6.654
0.000
1.529
7.229
0.000
0.693
0.636
0.882
0.011
0.000
0.000
0.000
0.000
0.022
0.033
0.000
0.000
0.000
0.560
3.181
0.070
0.000
0.000
0.000
0.000
14.616
0.637
0.000
0.000
0.000
0.000
0.000
0.000
0.000
0.004
4.251
24.990
9.538
0.040
12.549
0.548
0.000
0.032
0.059
3.992
0.000
0.000
0.000
0.000
0.000
0.000
0.014
0.000
0.409
18.004
0.326
0.000
0.659
0.000
0.000
0.000
0.037
0.473
0.566
11.840
2.020
1.346
0.000
0.000
4.841
0.072
0.000
0.000
0.000
0.000
0.000
16.073
0.028
0.000
0.001
0.773
2.079
1.648
3.056
1.007
5.420
3.684
7.050
26.109
2.936
0.000
45.936
0.000
3.425
0.302
0.585
5.501
13.025
0.000
4.959
4.415
0.000
0.976
0.000
0.000
0.724
7.152
0.101
7.905
23.564
3.051
0.174
1.590
0.000
0.383
4.551
1.481
0.039
0.125
1.081
18.262
7.359
5.682
3.461
0.138
0.131
0.071
0.001
0.014
0.000
0.000
0.359
10.662
0.000
0.020
7.025
2.107
0.000
0.000
8.669
5.737
0.049
0.272
0.000
0.360
4.211
0.008
0.000
0.000
0.000
0.000
9.679
0.187
0.000
0.127
8.569
3.503
2.066
7.919
0.331
0.010
0.137
2.159
1.119
0.266
0.011
0.550
6.501
5.350
1.051
0.000
0.000
0.000
0.012
3.366
9.443
8.284
14.941
17.187
0.369
0.307
0.000
0.019
0.019
1.178
1.930
0.613
0.000
0.000
0.010
0.002
0.030
0.008
0.005
0.224
1.964
18.053
2.359
0.000
0.673
8.286
2.955
1.041
0.402
0.000
0.000
0.000
0.000
0.335
20.705
10.791
25.307
5.934
0.492
0.000
0.982
2.345
1.237
0.030
0.000
0.000
0.000
0.005
0.000
0.000
0.004
0.000
0.000
0.000
0.000
0.000
0.000
0.000
0.000
0.000
0.000
0.124
3.345
1.821
0.000
0.000
0.000
6.177
0.084
0.745
10.776
0.001
0.000
0.000
0.000
0.127
0.089
6.125
0.200
0.000
0.000
0.000
0.000
0.281
0.280
0.000
0.000
0.993
2.387
0.000
0.001
0.000
0.000
0.000
2.114
0.605
0.000
0.000
0.000
0.000
0.000
0.000
0.000
0.000
0.000
0.000
0.000
0.000
0.000
0.844
0.010
0.000
0.042
0.049
0.000
0.000
0.000
0.000
0.000
0.000
0.357
0.068
0.208
12.155
0.041
0.000
0.084
3.286
3.762
0.422
0.000
0.056
0.000
0.000
0.000
0.000
0.000
0.000
0.000
0.000
0.000
0.000
0.000
0.000
0.000
0.000
0.000
0.000
0.003
0.000
0.785
1.975
0.000
0.000
0.340
0.013
8.528
0.001
0.198
0.000
0.002
0.067
0.193
0.004
0.000
0.002
0.707
1.480
1.643
0.000
0.000
0.000
0.197
0.000
7.357
3.000
1.630
0.000
0.008
0.000
0.000
0.000
0.000
0.000
0.000
0.000
0.000
0.602
0.000
2.234
0.000
0.000
0.000
0.000
1.356
5.595
22.224
3.839
0.000
0.000
0.000
0.017
0.000
0.002
0.003
0.680
0.016
0.074
0.000
0.000
0.000
2.448
10.107
3.456
0.000
1.683
3.291
0.316
0.545
4.785
0.145
0.000
0.000
1.510
3.861
0.021
0.000
0.000
0.022
0.000
0.000
0.002
0.001
0.570
0.773
2.036
0.008
2.458
0.642
15.280
3.499
0.008
0.000
3.676
19.643
0.115
0.250
0.000
0.000
0.420
1.944
0.028
0.046
0.000
0.017
5.143
0.074
1.837
2.865
0.014
0.000
0.000
0.000
0.415
0.082
0.000
0.350
2.330
3.408
3.184
0.068
5.346
1.781
0.570
0.000
0.000
0.000
0.000
0.000
0.000
0.000
0.000
0.002
0.144
3.209
0.008
0.072
2.767
2.937
2.252
8.133
0.098
0.003
4.115
35.887
9.580
19.320
13.759
0.271
3.187
0.022
0.039
0.158
7.705
10.973
10.603
0.021
0.347
7.207
1.285
2.118
2.541
1.252
2.202
0.010
0.635
0.016
0.011
0.075
0.615
0.000
0.000
6.875
0.004
0.000
0.059
0.080
0.000
0.574
19.927
6.415
3.436
0.000
3.755
2.221
7.383
2.182
0.000
0.000
0.000
0.399
12.226
0.000
0.000
0.002
0.000
46.206
47.913
2.994
0.009
0.629
0.001
0.001
0.000
0.511
0.002
0.000
0.081
0.012
3.082
4.266
0.000
0.000
0.000
0.000
0.000
0.000
0.000
0.841
7.012
0.000
0.001
1.446
0.060
0.064
1.638
0.106
0.800
0.007
0.000
0.255
1.269
3.184
33.809
40.967
8.955
14.086
1.942
9.523
1.064
0.818
0.430
11.378
1.248
0.000
0.223
0.097
1.244
0.201
0.156
0.000
0.848
4.330
1.773
0.139
0.001
0.246
11.259
0.486
0.000
0.759
3.639
1.795
0.858
0.467
1.988
1.296
2.143
0.048
0.003
0.000
0.000
0.008
1.653
1.663
0.000
0.000
0.450
0.602
0.000
0.171
2.829
0.002
0.020
0.192
0.020
0.000
0.000
0.086
1.963
5.143
2.688
0.011
0.000
2.347
0.000
0.542
0.565
0.271
0.211
0.000
0.000
4.734
4.603
0.000
0.588
0.934
4.619
7.610
0.000
0.006
0.001
0.000
0.000
0.000
0.000
0.048
0.000
0.000
0.000
0.000
0.218
0.000
0.000
0.000
0.420
1.798
1.019
0.000
0.000
0.000
0.000
0.000
0.005
0.000
0.018
3.436
1.352
0.000
0.000
0.076
0.403
0.150
13.795
2.363
0.000
0.054
0.000
0.000
0.000
0.000
0.000
0.000
0.631
6.542
0.000
0.000
0.000
0.000
0.000
0.000
0.000
0.166
0.033
0.081
0.000
0.398
0.650
0.197
0.104
0.002
0.010
0.001
0.168
0.117
0.746
0.210
0.030
0.008
5.660
0.437
0.000
0.000
8.520
1.995
0.057
0.000
0.000
0.000
0.854
1.566
0.045
0.000
0.000
0.000
0.000
0.000
0.000
0.000
0.000
0.000
0.223
0.364
0.575
0.147
0.000
0.000
0.000
0.000
8.199
4.223
0.000
0.000
1.830
1.788
0.393
0.000
0.000
0.154
0.095
2.408
0.000
0.000
0.000
0.000
0.000
0.026
2.507
6.306
0.562
0.000
0.001
0.000
0.000
0.134
0.451
0.062
0.000
0.000
0.357
1.383
5.790
3.000
0.000
0.000
0.000
0.000
0.000
0.000
0.000
0.006
1.553
0.516
1.360
0.790
0.569
0.961
0.000
0.000
0.000
1.194
7.733
1.790
12.532
14.547
5.692
0.421
1.301
0.232
0.000
0.000
0.000
0.000
0.000
0.000
0.000
0.000
0.381
5.091
0.235
3.184
0.016
1.120
12.190
2.156
0.000
0.000
0.000
0.018
0.000
0.000
0.000
4.655
5.202
0.000
0.011
0.001
0.000
1.724
4.606
3.489
5.637
0.530
3.626
0.027
0.419
1.094
1.671
0.111
4.407
0.117
0.009
0.008
6.078
5.557
3.106
2.707
0.000
13.759
6.746
0.678
1.434
2.702
0.454
0.031
1.157
0.369
0.093
2.396
6.981
1.028
2.552
1.573
0.138
8.848
10.493
8.136
0.767
1.959
0.000
0.000
0.205
0.950
16.035
4.287
14.664
0.393
0.033
0.000
0.000
0.010
0.480
0.028
0.000
0.006
0.072
0.000
0.482
2.189
0.711
8.073
0.000
0.000
0.032
0.216
0.000
0.000
0.000
0.000
0.000
0.000
23.545
0.999
1.483
0.000
0.000
16.113
3.501
1.050
0.000
0.009
0.340
0.000
0.000
0.000
0.000
0.003
0.000
0.000
4.578
5.306
8.647
0.376
0.009
0.757
14.270
10.926
9.110
0.493
0.828
0.000
0.012
0.000
0.000
0.000
0.003
0.000
0.008
0.056
0.001
0.000
0.000
0.000
0.000
0.619
0.000
28.802
20.203
0.000
0.000
0.000
0.000
0.543
0.387
0.040
0.678
6.867
1.410
4.985
31.103
0.025
0.000
0.837
0.000
0.000
0.316
2.113
1.008
0.011
0.010
0.000
0.000
0.001
0.170
0.014
3.083
5.349
21.054
7.387
0.000
0.332
5.222
0.000
0.850
0.570
0.376
0.000
0.000
0.000
0.000
17.436
0.995
0.009
0.000
0.000
0.009
0.000
0.059
0.000
0.102
0.000
0.453
2.022
0.060
0.000
0.938
0.262
2.188
2.595
0.002
0.000
1.203
0.014
3.157
3.069
0.000
0.000
0.000
0.032
2.651
3.853
0.955
0.014
0.006
0.000
10.580
19.511
0.061
0.000
0.006
0.296
3.534
0.005
0.061
0.007
0.001
1.059
0.000
0.000
0.123
0.333
0.000
0.003
1.513
1.489
5.341
0.004
0.000
0.771
0.000
0.149
0.074
1.010
0.000
0.000
0.000
0.126
0.019
0.000
0.000
0.007
0.000
0.020
0.780
0.461
0.000
0.000
1.406
1.275
0.093
0.015
0.000
0.000
0.000
0.000
0.000
0.000
0.000
0.000
0.000
0.680
11.401
0.035
4.603
4.851
0.240
0.149
0.000
0.000
0.000
0.359
0.005
0.000
1.814
4.559
0.000
0.000
0.000
0.000
0.000
0.000
0.008
0.000
0.000
2.392
5.392
0.000
0.000
0.000
0.000
0.000
0.000
0.008
0.002
0.000
0.293
2.397
22.108
6.739
0.237
0.003
0.000
0.000
0.000
0.000
0.000
0.000
0.000
0.000
0.000
0.000
0.000
0.000
0.000
0.000
0.000
0.000
0.079
2.711
0.081
0.258
0.037
0.019
0.001
0.000
0.164
0.800
0.101
0.863
10.232
0.990
0.067
1.704
0.265
0.032
4.834
1.626
0.618
0.045
1.576
2.682
0.307
0.117
0.282
13.272
10.448
0.379
0.000
0.000
0.002
1.634
0.000
0.000
0.007
0.046
0.525
0.094
1.061
0.000
0.000
0.000
0.000
0.000
0.000
0.000
0.000
0.252
14.205
0.638
1.925
7.339
1.733
7.506
0.526
2.692
19.085
13.917
23.875
0.023
0.093
12.046
20.200
17.890
1.671
24.616
3.942
11.552
0.768
1.027
1.700
12.913
0.000
0.000
0.219
2.160
15.296
17.602
1.021
0.040
0.000
0.737
1.084
1.288
0.324
0.015
0.191
0.000
5.694
0.737
1.014
0.005
0.000
0.000
0.019
0.182
0.271
12.725
2.499
1.790
8.348
0.712
0.000
0.920
1.937
0.063
1.708
0.273
0.156
2.436
1.351
1.637
0.096
3.601
8.319
0.067
0.044
1.883
2.510
1.991
1.328
0.000
0.000
1.043
0.211
0.402
14.896
0.398
0.000
0.000
0.000
0.000
0.000
7.435
1.034
0.000
0.000
0.011
3.178
0.554
9.221
6.384
4.969
0.000
2.804
0.014
0.000
0.000
0.005
0.000
0.000
0.000
0.000
16.714
0.146
0.730
0.000
0.000
0.428
1.542
3.048
0.836
0.007
0.137
12.337
0.011
9.958
6.558
32.279
0.759
0.162
0.000
0.000
0.002
0.000
0.000
0.000
0.000
0.000
0.092
0.000
0.000
0.000
0.000
0.010
0.144
4.842
2.747
2.494
5.294
0.000
0.040
0.209
0.000
0.117
0.483
0.263
1.146
0.005
2.680
6.175
0.003
0.000
0.096
0.000
0.000
0.000
2.738
4.907
0.000
0.036
0.000
0.000
0.000
0.000
0.000
0.000
0.000
0.000
0.427
0.299
0.621
0.001
0.000
0.000
0.070
0.000
0.000
0.000
0.000
0.000
0.000
0.000
0.000
0.000
0.000
0.000
0.000
0.000
0.000
0.000
0.000
0.000
0.000
0.390
0.932
2.447
0.004
0.000
0.000
0.000
0.012
0.000
3.623
0.000
0.003
0.331
0.491
0.129
3.313
0.020
4.664
0.046
0.459
0.085
0.015
0.000
0.028
0.017
0.145
1.027
0.000
0.500
0.501
0.000
0.000
0.000
0.000
0.000
0.000
0.758
0.000
0.000
0.000
0.000
0.000
0.000
0.000
0.000
0.000
0.020
0.783
0.208
1.093
2.058
1.498
0.430
0.033
0.535
0.013
0.000
0.640
0.003
0.523
3.230
1.955
6.813
2.334
2.558
0.230
0.000
0.000
2.349
0.000
0.000
0.000
0.000
0.000
0.000
0.000
0.003
0.026
0.146
0.000
0.000
0.000
0.000
0.000
0.005
0.128
0.000
0.207
0.114
0.025
0.001
1.016
15.640
0.017
8.218
0.117
0.000
0.000
0.000
2.140
3.344
7.095
0.002
0.054
0.205
0.376
5.976
0.483
0.000
0.000
0.000
0.002
0.184
0.182
0.000
0.000
0.000
0.000
0.000
0.000
0.000
0.000
0.000
0.000
0.119
2.728
0.036
0.008
0.000
0.000
0.124
7.661
2.056
0.000
2.551
12.043
5.853
1.169
14.023
37.335
0.036
0.244
0.021
0.000
0.000
0.000
0.000
0.000
0.000
0.012
0.240
5.781
0.390
22.574
8.649
2.436
10.813
0.505
0.020
0.172
0.234
0.313
0.000
0.000
0.000
24.447
14.117
7.908
0.600
3.016
8.014
3.520
12.017
19.138
5.315
0.298
0.137
0.106
1.447
6.950
3.128
20.797
12.647
0.134
0.279
0.000
0.000
1.819
0.051
2.159
11.724
21.923
5.687
0.069
0.000
0.021
0.000
0.000
4.114
15.042
0.000
0.383
0.359
1.339
3.115
6.592
0.012
0.000
0.000
0.000
0.411
0.917
0.000
0.016
0.122
0.000
0.000
0.000
0.072
0.003
0.021
0.000
0.009
0.343
0.000
0.000
0.000
0.000
0.000
0.002
0.000
1.436
6.392
0.224
3.016
11.796
0.000
7.991
5.865
0.128
0.001
0.000
0.889
1.863
0.000
0.000
0.723
7.821
0.000
0.023
0.000
0.000
0.000
0.000
0.000
0.000
0.006
0.007
0.035
18.028
18.410
0.000
0.000
0.000
0.000
0.000
0.000
0.000
0.000
0.000
0.000
0.551
17.402
2.049
0.149
0.260
9.774
0.073
0.000
0.000
0.000
11.113
13.000
1.690
0.000
0.000
0.000
0.047
6.136
0.004
0.067
0.793
38.034
38.768
4.613
0.701
0.000
0.024
0.082
0.000
0.000
4.457
0.743
0.017
0.099
1.128
2.165
0.077
0.000
0.000
0.000
0.000
0.000
0.000
0.000
0.000
0.033
6.824
11.549
2.272
0.000
0.332
0.079
4.158
0.028
0.737
13.730
0.490
0.000
0.000
0.900
0.000
0.000
0.000
0.000
0.000
0.000
0.000
0.000
0.000
0.000
0.000
7.134
0.175
1.240
0.000
0.000
0.000
0.000
0.000
0.000
0.000
0.000
0.010
0.023
3.833
0.330
0.181
0.928
0.013
0.000
0.000
0.000
0.000
1.834
1.300
0.061
0.011
0.175
0.000
2.654
2.017
0.919
0.016
0.178
0.000
0.051
0.000
0.184
1.555
2.126
0.404
3.137
0.000
0.000
0.570
6.849
0.078
0.003
0.004
3.414
0.000
0.015
0.099
0.000
5.488
0.233
0.000
0.000
0.000
0.044
1.074
0.097
1.383
0.000
0.000
0.000
0.000
0.000
0.038
0.399
0.033
0.000
0.000
0.000
2.766
0.672
0.000
0.000
0.000
0.000
0.000
0.008
0.572
0.000
0.000
0.003
0.649
0.003
0.000
0.000
0.600
1.608
0.000
0.000
2.096
6.807
0.181
0.000
0.000
0.000
0.000
0.000
0.000
0.000
0.382
0.000
0.000
0.000
0.000
0.000
0.000
0.000
0.000
0.233
16.587
2.499
0.203
0.010
0.570
6.128
0.259
19.826
0.138
10.693
5.668
0.000
0.000
0.001
1.891
0.000
0.000
0.719
0.690
1.482
0.025
0.013
5.303
1.281
1.547
0.000
0.000
0.000
0.000
0.000
0.000
0.000
0.000
0.000
0.000
0.000
0.127
3.406
16.206
10.442
12.669
1.167
0.074
22.119
25.318
9.595
28.173
1.389
2.431
7.788
3.101
0.014
0.148
0.370
0.319
0.195
3.613
1.314
0.011
0.011
0.000
0.000
0.000
0.021
5.960
1.010
0.296
0.011
0.201
26.909
7.639
4.108
1.394
2.888
10.530
0.018
0.000
0.000
0.000
0.093
0.001
0.000
0.000
1.215
1.167
1.261
6.662
18.471
0.647
0.031
4.839
2.121
5.506
3.805
4.200
1.245
3.227
1.490
10.611
10.383
0.014
0.000
11.164
7.244
2.136
0.010
0.621
6.244
0.117
13.653
42.894
0.104
0.936
1.759
0.000
0.000
1.567
11.204
0.010
2.097
7.922
0.047
0.321
0.134
0.007
0.026
0.000
0.000
20.173
0.011
0.000
0.166
0.505
0.172
17.064
2.294
7.962
15.385
28.606
0.077
0.127
1.151
0.118
7.540
0.011
0.002
0.013
0.194
15.106
1.130
0.011
0.000
0.000
0.000
0.000
2.526
9.227
0.068
4.169
10.944
23.640
6.235
0.195
0.534
1.131
1.022
0.076
1.456
10.734
2.452
3.012
0.012
0.000
0.000
0.000
0.571
0.262
0.010
0.000
0.000
0.043
1.120
16.033
1.341
0.014
0.000
0.000
0.000
0.000
0.000
0.000
0.000
0.000
3.776
10.076
0.044
0.057
0.007
0.013
0.000
0.119
1.222
0.531
0.099
2.037
1.988
0.005
0.015
0.010
0.012
0.000
0.000
0.000
0.000
0.000
0.029
1.723
0.000
0.116
0.002
0.000
0.000
0.000
0.000
0.000
0.000
0.000
0.000
0.000
0.000
0.000
0.000
0.000
0.000
0.000
0.000
1.466
0.022
0.000
0.000
0.000
0.000
0.000
0.000
0.000
0.000
0.000
0.000
0.000
0.000
0.000
0.000
0.000
0.000
0.000
0.000
0.000
0.000
0.000
0.076
0.143
0.000
2.483
0.045
0.000
0.000
0.811
1.236
0.000
0.010
0.847
0.679
0.000
0.552
1.950
0.000
0.000
0.193
0.633
0.000
0.000
0.000
0.350
0.315
1.475
0.000
0.000
0.000
0.330
1.122
0.018
1.554
0.000
0.000
0.000
0.036
0.092
1.106
0.392
0.000
0.013
0.027
0.000
0.000
0.000
0.000
0.000
0.000
0.000
0.000
0.000
0.000
0.240
0.125
0.200
0.000
0.000
0.000
0.000
3.361
0.216
0.733
0.318
1.045
1.476
7.065
0.808
0.008
0.000
0.000
0.000
0.000
0.000
3.472
1.241
7.695
0.157
0.810
0.000
0.000
0.000
0.000
0.000
0.000
0.422
1.606
7.735
12.689
0.000
0.000
0.000
0.000
0.425
8.900
0.000
0.000
0.000
0.000
0.000
0.000
0.000
0.000
9.137
4.197
0.103
0.535
0.161
0.000
0.000
0.008
0.117
1.347
5.347
0.148
2.308
5.323
0.000
0.081
0.178
0.680
4.710
0.033
0.423
0.288
0.117
0.173
0.349
0.095
0.543
7.453
0.029
0.000
0.000
0.000
0.000
0.003
0.000
0.295
0.000
1.697
4.256
0.010
0.000
0.001
0.000
0.000
2.964
29.759
0.112
1.712
8.077
5.207
0.869
0.274
0.760
5.993
0.010
0.000
0.000
0.320
2.202
1.803
0.016
0.010
0.001
0.029
3.626
10.722
0.015
8.311
0.891
0.739
1.119
1.237
10.010
0.625
0.000
0.000
0.000
0.046
0.975
0.012
0.000
3.749
22.987
7.625
19.362
5.266
8.325
2.164
17.372
1.557
4.478
0.873
0.012
1.807
8.440
0.648
0.630
1.453
0.081
0.049
1.216
0.071
0.011
10.507
0.532
13.172
9.334
7.790
0.501
2.327
8.125
0.628
0.000
0.000
0.123
0.000
1.060
0.995
1.829
0.023
0.011
0.000
0.021
5.093
15.054
0.198
0.011
0.011
0.000
0.043
1.180
0.000
0.000
0.000
0.549
4.919
0.767
0.148
0.123
0.000
0.000
2.170
0.812
4.373
14.117
2.428
7.683
0.170
0.023
1.922
4.112
0.033
0.565
0.011
1.086
2.445
0.018
0.629
1.171
0.241
13.342
0.321
0.340
6.615
0.031
0.171
3.216
9.536
0.050
0.290
0.034
0.000
0.012
0.522
0.841
0.001
0.016
0.000
0.174
3.080
0.538
0.648
6.210
15.008
1.381
0.132
0.055
0.015
0.409
0.024
0.147
0.321
1.286
0.416
0.065
2.615
0.332
0.059
0.000
0.005
0.000
0.412
0.000
0.039
15.902
2.503
0.530
0.039
0.012
0.010
0.000
0.191
0.000
0.000
0.001
3.916
5.086
6.405
0.012
1.619
3.578
3.816
31.032
9.162
0.683
0.000
0.000
11.071
19.561
4.225
0.032
0.004
0.003
5.814
6.446
1.196
0.000
0.423
0.128
0.421
0.835
2.773
0.000
0.000
0.000
0.000
0.000
0.000
0.767
0.436
7.144
0.000
0.000
0.000
0.201
0.000
0.008
0.499
2.029
0.000
0.622
0.622
0.007
0.000
0.000
0.003
0.000
1.809
0.114
4.757
0.464
0.256
0.770
0.000
0.000
0.000
0.000
0.036
0.003
3.885
3.474
0.000
0.242
0.001
0.000
1.932
0.000
0.000
0.155
0.000
0.418
0.000
0.000
0.000
0.027
0.000
0.266
1.472
0.882
0.023
0.116
0.000
0.000
0.001
0.002
0.000
0.000
0.000
0.059
0.001
0.000
0.000
6.506
3.864
0.000
0.000
0.392
0.493
0.252
0.000
0.000
4.883
4.297
0.004
0.000
3.045
0.000
0.024
0.000
0.000
0.000
0.000
0.000
0.000
0.000
0.319
0.025
2.771
10.580
9.755
0.000
0.000
0.000
0.000
0.000
0.000
0.000
0.000
0.000
0.000
0.000
0.145
0.000
2.364
2.940
0.000
0.000
0.000
0.000
0.000
0.211
0.009
0.000
0.000
0.000
0.000
0.000
0.000
0.000
0.000
0.100
0.023
1.227
0.000
0.816
0.000
0.144
0.906
1.054
39.437
8.954
0.027
0.120
1.029
20.562
0.170
0.832
0.689
0.179
0.036
0.000
0.018
0.357
0.296
3.040
33.586
0.125
0.000
0.000
0.014
0.004
0.086
7.411
0.688
1.213
0.028
0.000
0.064
4.396
8.558
1.236
0.028
0.120
0.000
0.000
0.000
0.000
0.023
1.249
0.587
0.013
0.511
2.786
25.475
8.530
18.304
5.889
1.326
11.281
1.309
0.200
0.000
0.000
0.019
6.161
7.603
0.023
0.333
0.096
0.234
1.504
2.157
3.235
3.566
5.838
9.542
10.230
37.764
6.018
2.717
0.382
9.722
0.689
2.084
4.637
0.102
0.011
0.082
0.056
0.539
0.731
0.144
2.535
0.000
0.151
1.535
1.116
0.045
0.000
1.473
1.586
0.000
0.000
0.000
0.000
0.080
0.000
0.005
1.100
1.572
1.926
8.005
7.994
0.867
3.542
0.455
0.347
0.000
0.000
0.000
3.182
15.590
0.013
0.524
1.273
0.784
0.000
0.000
0.011
0.000
0.072
0.000
6.152
14.253
0.011
0.011
0.000
0.000
0.304
3.435
2.979
2.346
8.421
0.027
0.352
0.000
0.011
0.003
0.000
0.000
1.317
4.106
0.173
1.971
9.790
0.011
0.192
1.461
0.000
0.000
0.000
0.069
18.130
10.500
0.431
1.904
0.008
0.011
0.000
0.136
3.341
0.135
1.186
0.225
0.442
0.441
1.941
0.328
5.841
0.364
0.000
0.000
0.000
0.000
0.000
0.000
0.000
0.016
0.018
0.000
0.000
0.000
0.000
0.159
1.423
23.495
12.714
0.014
8.767
0.977
2.921
0.967
0.035
0.276
0.000
0.022
0.090
0.013
3.138
5.412
2.852
0.768
0.025
0.000
0.323
0.013
0.281
0.000
0.000
0.000
0.000
0.000
0.000
0.135
1.906
0.000
0.000
0.000
0.014
2.917
0.000
0.000
0.000
0.000
0.000
0.002
0.000
0.000
0.000
0.000
3.771
13.762
5.225
9.398
4.970
1.627
0.215
0.175
0.058
0.447
0.000
2.510
1.508
0.000
0.000
0.000
0.000
0.000
0.000
0.000
0.000
0.000
0.000
0.000
0.000
0.000
0.000
0.000
0.000
6.839
0.016
0.014
0.019
0.074
0.041
0.072
0.015
0.009
0.024
0.000
0.000
0.000
0.045
0.030
0.000
0.000
0.000
0.000
0.000
0.000
0.000
0.007
0.201
0.141
0.358
0.001
0.000
0.000
0.025
0.002
0.007
0.000
0.000
0.000
0.007
1.032
0.947
0.953
0.007
0.010
0.000
0.000
0.000
0.000
0.053
0.000
0.000
0.000
0.406
0.000
0.349
0.000
0.000
0.000
0.000
0.000
0.000
1.505
1.856
0.000
0.000
0.000
1.408
1.388
0.371
0.002
0.000
0.000
0.000
0.000
0.342
0.123
0.695
0.005
5.362
8.031
0.253
0.000
0.000
0.000
0.000
2.449
0.000
0.000
0.348
0.760
0.311
1.342
0.000
0.000
0.000
0.000
0.000
0.000
0.794
0.131
0.078
0.078
0.039
5.544
0.031
0.000
0.000
0.000
0.000
0.000
0.000
3.873
10.926
0.085
0.421
3.507
0.004
0.000
12.428
5.426
0.395
0.000
0.277
2.112
0.258
0.339
0.031
0.007
3.010
5.676
2.366
0.430
0.171
0.030
0.000
3.629
0.811
1.667
0.125
11.933
17.246
1.047
0.004
9.298
0.037
0.015
2.445
0.000
0.000
0.000
0.000
0.000
0.000
0.000
1.582
0.001
0.000
0.000
0.000
0.000
2.798
3.021
0.000
0.000
0.001
1.801
0.107
0.000
0.046
1.383
0.351
1.502
3.554
1.795
0.239
0.121
2.822
1.038
0.000
0.065
0.007
33.613
7.601
2.881
0.196
63.379
12.248
8.579
0.293
0.000
0.000
0.000
0.007
0.000
0.000
0.019
0.000
0.000
0.000
2.685
65.881
0.012
20.611
16.314
0.012
0.000
0.000
0.000
0.000
0.000
8.715
0.314
0.030
7.842
5.230
0.012
2.678
9.042
3.615
2.879
11.765
1.719
0.011
1.431
9.766
1.500
0.507
7.516
0.010
0.008
0.003
0.551
0.072
12.708
0.034
20.832
0.007
0.219
7.639
4.367
13.133
0.010
0.010
0.010
1.771
0.000
0.194
0.000
0.001
0.000
0.803
0.000
34.792
0.246
0.562
8.499
5.246
5.201
0.004
2.652
0.132
0.000
0.011
0.513
14.244
0.004
0.000
0.000
0.000
0.004
0.000
0.000
0.000
12.251
0.004
0.097
0.004
10.854
2.433
0.351
0.225
0.000
0.072
1.178
0.418
0.000
0.044
0.000
21.876
6.178
6.693
4.838
0.065
0.080
0.657
0.017
5.081
0.017
0.250
0.016
0.000
1.544
4.948
1.420
0.017
1.694
0.006
0.000
0.000
0.257
0.224
0.046
1.168
2.878
1.023
0.055
0.000
0.000
0.000
0.000
0.655
0.260
0.000
0.000
0.000
1.262
0.789
0.035
0.191
0.880
0.032
0.000
0.000
0.000
0.000
0.393
1.854
0.000
0.003
0.054
0.071
0.006
0.000
0.000
0.023
0.095
0.010
0.000
0.000
0.596
0.031
0.000
0.000
0.000
0.000
0.000
0.000
0.000
0.000
0.000
0.000
0.000
0.403
2.965
2.256
1.829
0.470
0.226
0.101
0.026
0.000
0.000
0.000
0.902
0.006
0.130
0.004
0.000
0.000
0.000
0.013
0.000
0.000
0.000
0.000
0.075
0.405
0.000
0.000
0.000
0.021
0.000
0.000
0.027
0.931
0.132
0.000
0.015
0.000
0.000
0.042
0.051
0.129
0.980
0.007
0.000
0.031
1.666
0.020
0.000
1.002
0.000
0.000
0.029
0.000
0.006
0.000
0.000
0.531
0.000
0.000
0.000
0.000
0.000
0.103
2.032
0.101
0.000
0.026
0.145
0.000
0.000
0.000
0.000
0.000
0.000
0.007
0.000
1.250
0.477
0.000
0.098
2.627
0.358
0.000
0.314
0.292
0.319
3.319
0.000
0.000
0.000
0.000
0.591
0.000
0.008
2.098
0.001
0.015
0.000
0.000
0.031
2.131
0.899
0.000
0.000
0.000
1.046
3.695
0.000
0.994
0.398
0.000
0.000
0.000
0.000
0.000
0.000
0.000
0.000
0.000
0.005
14.069
15.944
0.000
14.113
2.476
4.492
0.000
0.000
0.000
0.060
0.018
0.829
0.000
0.000
0.000
0.000
0.000
0.000
0.127
11.021
10.882
1.007
0.000
23.187
5.894
2.432
0.016
0.000
1.408
0.104
0.000
0.002
0.050
16.828
0.648
0.019
2.396
1.844
0.012
0.012
0.000
0.000
4.875
0.015
0.682
1.699
0.004
0.034
2.610
0.159
2.792
3.192
9.292
0.769
5.117
15.319
0.586
7.011
0.365
0.000
0.000
0.025
7.623
0.726
0.004
0.000
0.000
15.090
17.833
24.812
25.079
3.298
1.746
2.196
4.446
0.020
0.030
0.000
26.795
1.115
0.000
0.000
6.531
0.009
0.001
29.696
2.513
5.777
0.010
0.295
1.243
0.239
0.045
0.000
0.030
9.593
3.072
1.116
0.068
0.000
0.000
1.342
0.056
0.000
0.176
8.166
1.994
0.647
1.246
3.625
0.320
1.169
0.419
1.856
0.000
0.000
0.245
1.224
0.000
0.000
0.000
0.000
0.000
0.000
0.000
0.900
0.000
6.380
0.134
0.540
0.982
0.233
1.204
0.000
3.304
0.203
0.001
0.000
0.010
0.106
0.146
0.001
0.000
0.000
0.000
0.000
0.004
2.612
8.976
8.577
0.262
0.202
0.186
0.000
0.010
4.060
4.664
0.034
1.983
5.515
0.354
0.162
0.452
0.562
0.227
0.137
1.832
0.717
0.000
0.000
0.000
0.023
0.000
0.000
0.000
0.000
0.000
0.000
0.073
13.333
0.000
0.012
0.013
0.000
0.000
0.000
0.000
0.000
0.114
0.409
0.000
1.625
0.344
0.063
0.304
9.048
3.287
1.318
1.570
0.000
0.000
0.000
5.536
0.590
0.000
0.000
0.000
0.000
0.000
0.000
2.270
0.000
0.047
0.008
0.253
0.437
0.360
0.000
0.000
0.000
0.001
1.712
5.176
0.149
0.000
0.004
0.019
0.000
0.000
0.000
0.000
0.000
0.075
1.048
0.000
0.000
0.000
0.012
0.000
0.000
0.000
0.025
0.000
0.017
3.473
0.000
1.225
0.000
0.000
0.000
0.000
0.000
0.000
0.000
0.000
0.833
0.159
0.911
0.864
1.256
0.000
0.000
0.008
0.003
0.072
0.000
0.000
0.000
0.000
0.034
0.003
0.304
0.035
1.343
0.000
0.000
0.004
0.034
0.000
0.136
0.189
0.076
2.652
0.002
1.660
13.017
0.963
0.096
0.000
0.000
0.029
0.879
0.714
0.000
0.000
1.960
2.431
0.023
0.036
1.344
0.057
0.904
1.816
0.009
0.000
0.000
0.000
0.000
0.009
2.288
6.134
0.074
0.000
0.453
0.000
0.000
0.016
0.000
0.000
0.096
3.959
0.624
0.275
4.620
0.873
2.516
2.739
0.329
0.206
0.051
1.279
0.000
0.226
0.902
0.224
0.354
2.500
2.847
0.000
0.000
0.000
0.000
0.000
0.000
0.144
7.219
0.013
4.977
0.849
0.000
0.000
0.017
0.003
0.000
0.000
0.002
0.005
0.007
0.045
0.000
0.000
0.000
0.000
0.000
0.057
0.052
0.001
0.000
3.964
3.890
0.000
14.733
0.000
0.000
0.022
0.727
0.032
0.002
0.172
0.510
0.046
0.000
0.009
0.003
0.160
0.039
0.070
0.000
0.034
0.111
0.798
0.220
29.172
2.157
0.000
0.077
1.714
20.989
0.002
0.058
5.156
0.142
0.308
0.553
1.588
13.362
0.304
2.284
0.005
0.373
9.659
9.201
6.814
0.237
0.004
0.007
2.056
0.471
0.164
0.304
2.331
0.003
1.368
1.079
3.628
1.306
1.736
3.131
0.044
0.804
0.000
0.000
0.004
0.206
3.100
6.619
0.451
0.004
0.315
2.252
0.006
0.000
0.000
5.634
7.765
22.129
0.787
7.775
27.022
0.532
0.827
0.006
21.759
1.211
6.168
0.000
0.027
2.235
0.000
0.002
0.344
0.017
0.006
0.170
0.000
0.000
0.000
0.000
0.000
0.039
9.709
9.417
5.220
0.016
7.879
0.285
0.000
0.000
0.000
12.508
0.542
5.129
1.128
0.899
0.086
0.012
1.070
0.000
0.857
1.640
0.516
0.050
0.000
0.062
4.585
0.028
0.341
0.193
1.328
0.072
0.000
0.316
6.123
1.644
0.390
0.003
0.000
0.000
51.958
28.811
0.000
0.014
0.001
0.000
0.472
0.000
0.004
0.575
9.327
38.990
0.000
0.000
0.000
12.362
38.025
2.429
5.873
9.518
0.001
0.000
0.000
0.000
0.000
0.551
15.822
2.142
0.000
0.000
0.000
0.000
0.010
0.002
0.036
0.000
0.000
0.137
1.073
0.053
1.555
2.421
0.000
0.706
0.560
0.761
0.056
1.212
21.223
6.621
0.408
0.232
0.000
0.381
5.991
13.328
1.139
0.003
1.573
0.000
0.000
0.000
0.000
0.000
0.000
0.005
0.000
0.001
0.000
0.000
0.000
0.000
0.001
0.000
0.000
0.032
6.915
0.000
0.304
0.000
0.244
0.000
0.424
1.589
0.000
0.014
0.000
0.000
0.437
0.000
1.271
0.000
2.447
1.876
0.000
0.001
5.692
0.000
0.124
0.146
0.011
0.000
0.048
0.000
0.000
0.000
0.708
0.635
0.000
0.025
0.000
0.003
0.000
1.253
0.000
0.000
0.287
5.736
0.458
7.566
0.003
0.405
0.000
0.000
0.000
0.000
0.001
4.437
0.000
5.221
2.156
0.000
0.000
0.000
0.000
0.109
2.193
2.349
1.542
7.484
0.000
0.000
0.021
0.000
0.000
0.443
3.048
0.000
0.000
0.000
0.000
0.000
0.000
0.000
0.000
0.000
0.000
0.065
0.000
0.042
0.000
0.670
3.078
0.000
0.000
0.000
0.000
0.104
3.146
1.951
0.264
0.003
2.084
0.066
0.000
0.000
0.455
0.000
0.000
0.000
0.000
0.000
0.000
0.000
0.000
0.000
0.561
0.321
0.917
0.000
0.000
0.067
0.115
0.000
0.000
0.000
0.000
0.000
0.000
0.000
0.000
0.000
0.000
0.000
0.000
0.000
1.244
12.679
0.111
0.003
0.000
0.008
0.000
2.133
0.000
0.000
0.000
4.486
14.429
21.328
1.263
0.001
0.000
0.112
0.000
0.000
0.000
4.223
0.000
0.000
0.000
0.000
0.117
1.923
0.849
0.028
0.000
0.004
0.267
0.156
0.000
0.000
0.002
0.341
0.131
1.954
4.575
6.299
0.511
0.131
7.176
1.972
1.527
0.166
0.080
3.626
2.643
0.002
3.244
1.970
0.397
0.002
13.778
35.585
2.108
4.331
1.549
2.093
0.000
0.577
0.344
0.179
2.273
19.797
5.609
4.854
19.924
0.000
5.426
1.667
14.274
0.426
19.596
3.477
0.000
0.000
0.000
0.000
11.622
12.033
0.032
0.000
5.252
0.066
0.000
12.532
3.574
0.016
25.987
3.517
0.012
2.604
0.044
0.211
0.066
0.122
0.000
0.010
0.000
0.000
12.145
0.003
0.000
0.203
5.050
0.105
0.624
0.234
0.000
0.010
0.000
0.072
2.620
0.212
16.089
0.000
10.225
0.000
0.000
0.000
0.000
0.001
5.138
5.187
0.000
0.000
0.000
2.491
21.826
3.260
0.000
0.586
0.000
0.000
0.000
0.000
18.388
2.724
1.258
8.644
0.012
0.000
0.000
0.000
0.043
15.081
0.047
0.000
0.000
0.000
0.002
0.604
0.000
0.056
8.338
0.230
19.103
0.000
0.000
0.016
0.027
0.119
6.601
27.349
0.008
1.202
0.071
2.674
0.080
1.713
0.115
0.000
0.011
0.000
5.621
9.255
6.818
0.000
0.017
0.000
0.001
0.000
0.000
0.000
0.171
60.329
3.172
0.062
0.000
0.000
0.000
0.000
0.000
7.748
0.000
0.000
0.005
3.092
0.000
0.008
0.000
0.129
0.049
0.085
0.009
0.000
0.000
0.000
0.000
0.262
1.719
0.400
0.434
0.464
0.000
4.592
0.000
0.000
0.002
0.005
0.802
0.034
0.000
0.000
2.275
2.474
9.175
4.185
0.153
0.246
0.602
0.008
0.000
0.000
0.000
0.000
0.000
0.000
0.097
5.977
16.917
0.009
0.214
0.002
0.228
0.342
0.329
0.197
0.430
0.060
0.030
0.090
0.088
0.495
0.047
2.428
4.487
5.421
0.358
0.000
0.097
0.000
0.000
0.000
0.433
0.057
0.003
0.000
0.080
0.014
0.000
7.603
3.107
0.005
0.175
0.004
0.292
0.057
0.000
0.007
1.090
1.680
0.015
0.000
0.000
0.000
0.000
0.000
0.000
0.940
0.000
0.000
1.158
0.000
0.001
0.000
0.857
0.199
0.040
0.091
0.004
0.012
0.008
0.236
4.283
0.000
2.329
0.000
0.000
0.000
0.000
0.057
0.218
2.504
0.155
0.022
0.000
0.000
0.000
0.000
0.000
0.000
0.000
0.000
0.192
1.608
0.314
1.025
3.264
0.000
0.133
0.000
0.006
0.826
0.046
0.000
1.319
1.874
0.078
8.915
0.000
0.000
0.242
0.235
0.038
0.000
0.000
0.000
0.000
0.000
0.000
0.000
0.000
0.000
0.000
0.054
0.000
0.000
0.000
0.000
0.000
1.382
15.752
2.524
1.546
3.157
0.000
0.000
0.000
0.000
0.000
0.000
0.000
0.000
0.052
0.000
0.024
0.032
0.002
0.000
0.096
1.683
1.555
1.911
1.958
0.000
0.001
0.000
0.000
0.000
0.018
18.109
14.306
9.355
5.931
3.376
0.192
0.017
0.011
0.000
0.034
6.130
19.777
21.898
0.547
5.664
1.844
0.089
0.032
0.000
0.050
0.934
0.051
0.118
0.001
0.042
2.086
3.792
0.000
0.000
0.000
0.000
1.778
0.074
0.719
1.715
0.000
0.054
4.723
6.665
0.000
0.048
4.080
7.189
0.144
0.043
0.010
0.000
0.005
1.675
3.914
3.230
0.205
0.002
0.331
0.146
0.073
1.655
2.036
0.451
5.576
0.126
0.000
0.271
6.506
0.000
7.843
0.000
0.000
0.000
0.000
2.728
0.000
0.000
0.000
0.000
0.023
7.535
0.000
0.033
1.387
0.000
1.692
0.694
0.338
0.170
0.044
0.045
3.186
8.094
0.097
0.047
18.452
2.029
0.008
2.373
0.091
0.469
0.090
0.667
0.121
0.000
0.000
1.019
9.208
0.131
0.000
9.199
7.890
0.000
0.021
1.032
0.004
3.907
0.000
0.060
0.000
20.239
0.001
9.647
0.000
0.008
0.000
0.000
0.000
0.000
2.900
22.011
0.753
0.054
0.000
0.000
0.000
0.000
0.000
0.000
0.001
0.000
0.000
0.000
0.000
10.148
17.727
6.320
5.620
0.005
0.031
14.032
7.211
1.765
0.000
0.222
0.657
1.204
1.264
1.552
0.005
0.000
0.000
12.736
0.000
0.000
0.000
0.000
0.008
0.028
5.678
0.594
0.338
0.043
0.002
0.440
13.030
3.520
0.000
0.106
0.335
0.013
0.162
0.000
0.016
0.000
0.000
0.000
0.000
0.000
0.000
0.000
0.016
0.000
0.000
0.000
0.000
0.000
1.728
0.087
0.002
0.000
0.000
0.305
0.000
0.000
0.000
0.000
0.000
0.000
0.000
0.000
0.000
0.000
0.000
0.000
0.000
0.134
0.949
8.005
0.000
0.000
0.194
0.018
1.233
0.000
0.224
0.000
0.000
0.003
0.000
0.000
0.710
0.034
0.129
0.305
0.114
0.000
0.018
0.000
0.000
0.004
1.722
0.000
0.000
0.000
0.000
0.000
0.000
1.309
2.269
18.176
0.056
0.000
0.000
0.000
0.526
0.000
0.006
0.000
0.000
0.000
0.004
0.663
0.000
0.000
0.000
0.000
0.000
0.004
0.124
0.000
0.119
0.187
0.000
0.000
0.000
0.000
0.313
0.085
0.934
0.005
0.002
0.012
0.226
0.020
0.003
0.000
0.523
0.212
0.000
0.000
0.000
0.000
0.000
0.000
0.000
0.000
0.000
0.000
0.000
0.000
0.000
0.000
0.000
0.000
5.213
22.771
2.979
0.779
0.201
2.715
3.939
0.306
0.000
0.000
0.487
1.694
0.000
0.033
0.000
0.000
0.000
0.000
0.000
0.496
1.204
0.000
0.030
0.000
0.000
0.024
0.333
0.000
0.005
5.568
1.263
0.188
3.921
4.815
16.658
8.542
17.270
5.899
4.271
7.708
0.000
0.000
0.000
0.000
0.000
0.003
0.588
0.050
0.000
0.000
0.000
0.051
0.823
0.000
0.000
0.221
10.774
21.003
9.642
0.002
0.000
0.000
0.000
0.000
0.000
0.000
0.254
0.000
0.000
0.034
7.351
3.110
0.397
0.004
0.000
0.000
0.003
0.796
0.000
0.000
0.137
0.002
0.000
0.000
6.730
0.002
0.319
23.828
10.353
0.190
0.184
1.229
2.233
0.731
6.210
15.144
11.829
0.000
29.472
11.380
0.143
0.000
0.350
2.324
2.514
0.000
0.581
7.102
0.007
0.033
1.282
1.999
6.067
6.838
3.235
0.882
0.000
0.000
0.000
0.222
0.000
0.000
0.253
0.015
0.000
0.000
0.029
0.137
9.314
1.924
2.381
0.195
0.000
0.000
0.000
0.231
14.548
1.025
0.336
0.000
6.584
0.001
7.133
0.000
0.000
0.000
0.000
0.000
3.335
2.213
0.004
3.482
0.000
16.903
0.000
0.000
0.000
0.000
0.029
1.191
0.000
0.000
0.026
0.043
0.780
0.000
0.015
0.063
6.129
0.001
0.021
9.650
0.917
0.000
0.000
0.025
2.230
2.465
1.073
1.704
0.038
0.275
0.002
0.021
0.945
31.577
0.000
0.000
0.286
0.013
0.000
0.003
0.277
0.009
0.016
7.058
0.000
5.832
0.309
0.427
0.002
0.159
0.277
0.000
0.000
0.295
3.148
14.311
5.215
24.743
0.000
0.000
0.000
6.388
0.152
4.790
0.000
4.130
4.488
5.611
0.036
0.305
0.022
5.538
1.807
1.631
25.500
6.087
0.426
0.264
0.260
0.000
0.000
0.049
14.145
2.588
15.146
28.118
0.421
1.856
1.623
0.002
0.000
0.000
0.000
0.000
0.000
0.000
0.000
0.256
0.000
0.000
0.000
0.054
1.264
0.147
0.000
0.018
0.286
0.468
0.016
0.000
0.059
0.464
0.225
0.000
0.000
0.000
1.577
0.000
0.000
0.000
0.000
0.024
0.000
0.090
0.516
0.148
0.110
0.026
0.000
17.376
0.014
0.671
7.611
0.444
0.058
0.000
0.000
0.000
0.000
0.000
0.000
0.034
0.000
0.051
0.000
0.000
0.000
0.007
0.000
3.727
0.363
1.342
0.258
0.036
0.192
0.086
0.275
0.064
0.036
0.033
0.000
0.000
0.000
0.000
0.000
0.000
0.009
0.000
0.002
0.035
0.051
0.118
0.254
0.000
0.000
0.000
0.000
0.000
0.000
0.000
0.000
0.000
0.000
0.000
0.000
0.000
0.000
0.001
0.000
0.000
0.000
0.000
0.000
0.147
0.685
0.000
0.000
0.000
0.615
0.008
0.001
0.013
0.224
4.257
0.390
0.267
0.328
0.179
0.001
0.000
0.000
0.057
0.000
0.000
0.000
0.000
0.079
0.009
1.145
0.000
0.000
0.104
0.000
0.716
0.000
0.000
0.001
0.554
0.000
0.000
0.005
1.493
0.000
0.000
0.000
0.348
1.127
0.002
0.000
1.467
3.341
0.294
0.454
0.362
0.000
0.000
0.000
0.000
0.008
0.311
0.690
0.066
0.538
0.000
0.006
18.381
17.538
0.010
0.000
0.000
19.575
1.785
0.001
0.000
0.000
0.000
0.000
0.000
0.000
0.000
0.149
1.208
0.000
2.775
5.484
19.624
7.759
0.104
0.000
0.000
0.024
5.833
2.384
0.000
0.000
0.185
5.152
0.000
0.000
0.000
12.233
0.085
0.043
1.321
1.919
3.048
0.002
0.005
0.164
3.070
0.000
0.000
0.000
0.000
0.143
1.467
0.002
0.000
0.086
10.975
1.516
6.769
0.870
2.341
8.485
3.682
32.621
7.424
0.065
7.448
4.166
4.035
25.134
3.063
0.976
4.756
0.122
0.000
0.014
0.063
0.466
0.000
1.884
0.154
0.003
5.091
0.041
3.148
10.254
7.418
0.000
0.001
1.649
0.000
0.000
0.000
0.456
0.029
3.322
0.000
11.262
11.362
12.635
1.668
0.059
1.945
2.527
2.872
0.032
0.000
5.197
5.942
0.026
0.000
0.594
0.310
0.000
0.000
0.000
20.623
0.000
0.016
0.118
0.000
0.028
0.709
0.000
0.000
0.000
0.041
0.444
0.000
0.446
8.551
0.268
0.000
0.000
0.000
0.000
0.000
0.000
0.000
0.000
0.001
0.044
0.000
0.000
0.000
11.053
1.071
0.000
0.000
0.000
0.000
13.573
1.517
0.000
0.308
0.466
1.452
0.479
0.226
0.000
21.356
2.015
0.326
6.464
2.238
0.000
0.000
0.000
0.076
0.029
0.000
0.035
7.140
3.141
2.862
3.408
10.842
0.018
1.239
0.003
0.000
0.000
0.000
0.000
2.541
24.400
38.495
1.333
0.004
11.607
22.084
13.372
18.397
0.563
0.000
0.000
0.000
0.000
0.000
0.030
0.077
7.526
4.554
4.028
3.626
1.932
0.888
0.138
0.000
0.000
0.000
0.000
0.000
0.000
0.919
4.308
4.871
10.791
2.415
0.000
0.245
0.011
0.738
0.670
0.024
0.527
0.150
0.442
0.001
0.000
0.000
0.000
0.000
0.000
0.081
0.011
0.000
0.000
0.000
0.000
0.130
0.000
0.000
0.001
0.000
0.026
0.852
0.259
2.051
1.197
0.054
0.545
0.000
0.003
2.798
12.419
0.000
0.307
0.000
0.000
1.419
2.013
0.042
3.565
0.866
0.000
0.024
0.217
0.000
0.000
4.152
2.489
0.001
0.000
1.195
5.218
0.278
0.000
0.006
0.000
0.000
0.000
0.009
0.426
0.303
0.021
0.000
0.000
0.065
0.035
0.183
0.055
0.017
0.000
0.000
0.000
0.000
0.000
0.000
0.053
1.151
0.000
0.005
0.000
0.000
0.000
0.000
0.000
0.000
0.000
0.000
1.338
7.841
2.901
0.258
0.149
0.000
0.000
0.000
0.000
2.062
0.000
0.160
3.352
0.000
0.374
0.000
0.032
2.075
5.982
0.000
0.000
0.000
0.000
0.000
0.000
2.873
0.000
0.030
0.030
1.798
8.223
0.000
0.000
0.000
0.000
0.000
0.000
0.000
0.010
0.735
1.291
0.000
31.345
9.298
17.884
3.109
1.346
0.049
0.000
0.000
8.201
14.208
0.439
0.011
0.000
0.000
0.000
0.000
0.000
0.000
0.000
0.000
0.000
0.000
0.001
0.000
0.000
0.000
0.000
0.015
0.179
0.137
0.349
0.000
0.035
2.224
0.262
5.316
0.000
0.063
9.646
0.046
0.002
0.000
0.000
0.888
1.439
0.007
0.008
0.013
0.000
0.045
3.996
8.412
4.687
0.041
1.982
0.000
0.000
0.019
0.030
0.837
0.030
0.133
0.002
0.294
3.247
0.034
0.000
0.192
1.548
0.342
4.352
0.000
0.000
0.000
0.077
0.000
5.971
2.911
1.911
0.035
0.000
0.000
1.476
1.794
0.000
5.123
16.724
3.887
13.174
3.061
0.000
20.706
0.000
4.328
0.588
0.000
17.012
5.223
0.000
0.022
0.000
0.000
0.000
0.659
0.000
0.003
0.000
0.000
0.007
0.356
0.545
0.415
0.091
11.438
36.868
0.011
0.111
0.017
0.003
0.000
20.218
1.037
0.971
15.511
0.000
0.486
12.946
0.130
0.311
2.502
4.195
7.247
0.443
2.238
0.879
0.073
0.001
0.645
2.427
0.213
0.020
0.000
0.000
0.000
0.053
9.163
21.236
0.563
0.215
0.293
11.349
3.606
0.144
0.000
0.016
0.041
0.003
0.009
0.121
0.017
0.000
0.000
0.000
0.000
0.000
0.000
0.000
0.000
0.003
0.118
5.908
0.016
0.826
3.274
0.031
0.002
0.000
0.000
0.000
0.000
0.000
0.000
0.252
6.026
0.372
0.000
0.027
0.847
0.241
2.108
0.070
0.001
3.187
20.706
2.859
2.456
0.531
6.911
4.375
0.068
0.000
1.018
0.483
0.570
0.796
0.145
7.449
3.713
1.917
0.084
0.005
4.669
11.873
9.964
0.008
0.600
11.670
3.656
0.000
0.000
8.830
23.200
11.019
0.034
2.756
0.205
1.459
0.103
0.000
0.000
0.398
1.488
0.016
0.049
0.000
2.188
8.379
1.191
0.082
0.000
0.000
0.090
0.000
0.000
0.004
2.302
3.527
1.812
0.168
0.000
0.000
0.000
0.069
0.000
0.007
0.063
0.323
0.004
0.000
0.092
0.006
1.126
0.052
0.000
0.000
0.011
1.609
0.011
0.000
0.000
0.000
0.000
0.746
0.000
0.000
0.000
7.741
11.041
8.663
3.181
0.145
0.000
0.000
0.000
0.016
0.000
0.000
0.000
0.000
0.000
0.128
0.000
0.000
0.000
0.000
0.000
0.000
0.000
0.000
0.000
0.000
0.000
0.000
0.001
0.017
0.306
8.375
6.962
3.547
0.265
0.000
0.000
0.000
0.000
0.000
0.005
0.764
0.071
0.078
1.847
0.265
0.814
4.258
0.595
0.000
0.000
0.000
0.000
0.000
0.002
0.000
0.000
0.000
0.000
0.000
0.000
0.000
1.369
0.000
0.000
0.000
0.000
0.000
0.000
0.000
0.000
0.000
0.000
0.000
1.781
0.002
0.377
3.190
7.204
8.299
2.141
0.033
0.407
0.057
0.000
0.000
0.244
0.000
0.000
0.000
0.000
0.041
0.000
0.000
0.006
0.551
0.000
0.000
0.000
0.000
0.016
0.453
1.459
0.263
0.000
0.000
0.000
0.001
0.002
0.056
0.224
4.220
1.308
0.093
0.000
0.000
0.000
0.000
0.000
0.000
0.000
0.000
0.819
6.825
0.000
0.000
0.025
1.745
9.334
6.772
2.614
0.630
0.157
1.493
4.086
4.422
12.569
0.143
0.104
19.444
7.576
4.644
3.942
0.051
0.000
0.000
0.000
0.000
0.000
0.000
0.703
8.194
5.777
2.158
0.099
0.000
0.000
0.000
0.000
0.023
0.021
0.003
0.000
10.713
0.068
3.868
3.134
2.477
6.617
0.758
4.972
5.151
1.332
0.712
8.719
7.223
0.048
19.340
0.073
0.018
0.019
0.644
0.001
1.546
15.954
6.238
3.642
0.472
0.000
0.000
0.000
0.000
0.000
53.111
0.359
0.663
3.530
0.003
2.853
0.102
3.597
0.033
0.000
14.645
11.332
0.000
0.016
22.750
0.000
2.076
0.380
0.051
7.230
2.777
1.631
0.000
12.289
21.410
0.000
0.122
10.054
1.153
16.085
0.000
0.007
0.018
0.000
0.065
5.477
0.017
0.004
13.843
1.437
24.276
2.047
3.591
0.000
0.001
7.767
0.728
8.910
0.014
0.000
0.000
10.178
0.000
0.000
0.000
0.000
0.000
2.654
20.630
0.000
9.299
7.229
0.140
0.000
0.017
30.392
0.312
0.011
8.458
16.445
0.000
0.033
0.698
1.709
10.406
2.515
0.082
0.035
0.000
0.124
0.000
1.656
25.375
2.989
0.652
0.012
0.000
0.225
0.358
0.570
0.870
0.000
0.019
0.000
0.000
0.000
0.000
0.059
0.293
0.005
0.000
0.000
0.000
0.000
0.000
0.000
0.000
0.000
0.000
0.000
0.000
0.097
6.959
6.178
24.060
27.183
2.587
0.120
0.000
0.000
0.000
0.020
0.002
0.000
0.000
0.000
0.000
0.000
0.000
0.338
4.505
0.273
0.001
1.922
0.215
0.000
0.000
0.000
0.000
0.000
0.076
1.015
3.227
0.165
2.081
0.039
0.000
0.000
0.652
9.066
0.598
0.018
0.103
1.560
0.160
1.021
0.000
0.000
1.362
0.402
0.213
0.000
0.000
0.000
0.000
0.000
0.019
0.010
0.010
0.378
8.151
0.441
0.000
1.068
0.126
0.060
0.340
0.004
0.000
3.654
17.479
2.746
0.035
0.146
0.044
0.051
0.000
0.423
0.282
0.152
0.067
1.951
1.177
0.296
0.602
2.983
0.023
1.279
0.067
0.001
0.441
0.000
0.610
0.000
0.491
0.000
0.000
0.787
0.004
0.251
0.000
3.169
1.685
0.000
0.000
0.028
0.000
0.000
0.113
0.000
0.000
0.000
0.000
0.286
0.057
0.000
0.000
0.000
0.000
0.039
0.000
0.002
2.065
0.701
0.211
1.408
0.000
0.000
0.283
0.024
0.000
0.000
0.000
0.000
0.000
0.255
1.948
0.156
0.190
0.000
0.028
2.120
0.017
0.150
0.000
0.001
0.018
0.560
0.038
1.128
0.580
0.466
15.469
0.508
0.000
0.000
0.000
0.000
0.000
0.000
0.036
3.399
0.089
1.131
1.069
0.240
0.000
0.000
0.009
0.077
3.181
14.542
0.006
1.880
0.066
0.072
9.834
0.152
0.071
0.017
0.063
0.647
1.628
11.567
0.404
0.003
0.191
2.176
3.850
0.085
10.366
7.266
0.363
0.006
0.000
4.326
0.332
0.663
2.034
13.132
0.568
0.142
0.000
0.127
1.881
1.899
0.000
0.000
0.000
0.000
0.249
18.559
22.661
11.616
0.095
0.000
0.023
0.121
14.017
0.955
2.520
25.839
0.636
0.002
0.357
0.000
0.003
0.000
0.199
0.000
0.000
0.087
0.782
0.000
0.572
0.781
9.462
14.074
0.323
4.960
0.316
0.083
1.764
15.271
8.003
0.002
0.000
4.453
27.803
1.529
0.000
0.000
0.200
4.769
0.000
0.000
8.620
0.000
0.371
0.000
2.591
0.548
11.483
0.000
0.000
11.136
4.814
2.543
0.001
1.266
9.296
7.807
0.004
0.382
18.674
1.802
0.131
0.000
21.577
0.000
0.550
0.084
3.420
2.631
27.370
0.008
0.000
0.011
1.126
19.462
0.082
0.304
0.016
0.010
0.508
6.437
0.056
0.078
0.273
5.703
0.000
0.658
0.127
1.030
0.053
3.738
0.000
0.000
0.053
0.000
0.000
0.000
0.074
5.530
1.139
1.082
0.015
0.191
0.651
0.000
0.000
0.000
0.000
0.000
0.000
0.000
0.000
0.024
0.101
0.000
0.042
3.015
6.256
2.911
5.029
0.850
0.000
0.000
0.000
0.000
0.000
0.000
0.333
1.068
0.000
0.000
0.000
0.000
0.000
0.000
0.174
9.742
1.587
1.443
3.457
3.928
0.982
0.000
0.000
0.036
0.005
0.000
0.000
0.000
0.000
0.059
2.144
2.244
0.202
1.218
0.351
0.000
0.014
0.001
0.164
0.228
0.018
0.000
0.000
0.000
0.193
0.032
0.025
0.000
0.198
0.000
0.000
0.000
0.001
0.527
1.000
0.055
0.584
0.457
0.657
0.159
0.000
0.000
0.000
0.003
0.742
0.203
0.053
0.000
0.178
0.164
0.000
0.000
0.000
0.000
0.000
0.000
0.018
0.000
0.000
0.000
0.000
0.000
0.164
0.394
0.104
0.000
0.000
0.000
0.000
0.000
0.000
0.270
0.010
0.000
0.000
0.000
0.315
0.587
2.786
1.187
0.577
0.270
0.019
0.000
0.000
0.065
0.004
0.000
0.000
0.006
1.076
0.370
0.013
0.669
0.419
0.000
0.044
0.092
0.613
0.000
0.000
0.950
3.297
0.106
0.007
0.000
0.576
1.265
0.033
0.456
0.000
0.000
0.000
0.000
0.000
0.000
0.000
0.000
0.000
0.000
0.000
0.000
0.000
0.000
0.000
0.269
0.129
0.000
0.000
0.000
0.209
4.672
0.467
0.032
0.002
0.001
1.670
4.382
0.005
2.854
1.134
0.047
1.209
0.000
0.210
0.224
0.000
0.181
0.536
0.000
0.000
0.526
1.028
0.000
0.000
0.005
0.000
0.000
0.647
16.815
0.436
0.045
2.401
0.081
0.000
0.006
0.273
0.033
0.727
15.402
0.000
0.076
0.129
1.098
0.000
0.000
0.000
0.000
0.018
0.000
0.000
0.000
0.000
0.470
5.142
5.837
43.941
0.035
8.889
0.242
0.053
5.117
10.758
0.011
0.000
0.057
0.003
0.000
0.029
0.016
0.011
6.750
5.086
6.877
0.735
0.384
2.220
1.230
1.914
2.903
0.000
0.069
0.000
0.000
0.000
0.000
0.000
0.000
1.187
16.305
11.753
2.141
0.428
5.781
15.728
5.636
0.007
41.879
12.469
1.027
0.066
0.000
0.000
0.000
0.000
0.093
0.000
0.000
0.572
0.005
0.000
0.000
9.387
0.207
0.001
12.919
1.667
0.171
3.421
13.485
14.222
64.778
8.800
4.302
1.663
0.840
0.000
0.000
0.000
0.322
0.000
0.000
1.066
0.305
19.994
0.000
10.019
15.632
8.229
0.000
1.757
0.000
0.000
0.000
0.628
7.953
0.005
0.877
1.757
0.409
1.605
0.007
0.125
0.000
1.843
0.384
39.244
4.472
4.062
0.005
1.020
0.343
0.000
0.297
1.829
9.025
22.758
1.163
0.012
0.000
8.845
3.039
0.000
0.000
0.000
0.018
0.008
0.053
6.915
0.000
0.036
0.880
0.000
0.000
0.000
0.000
0.075
0.010
0.611
0.010
0.493
0.391
0.019
0.217
0.000
0.000
0.114
1.166
0.502
0.389
2.247
0.000
0.000
0.000
0.000
0.000
0.000
0.000
0.000
0.238
1.977
0.215
0.470
0.952
1.451
0.460
0.240
0.000
0.000
0.000
0.000
0.000
0.000
0.000
0.000
0.000
0.000
0.520
1.443
0.474
0.000
0.316
1.317
0.793
2.604
0.000
0.000
0.000
0.018
0.627
3.124
6.722
11.461
1.570
0.143
0.165
0.945
1.593
3.234
0.406
0.059
1.854
0.496
0.026
0.008
0.000
0.000
0.104
0.000
0.183
4.920
1.224
0.002
0.005
1.431
8.235
0.146
0.533
0.000
0.000
0.000
0.000
0.000
0.000
0.000
0.000
0.243
2.551
0.015
0.012
0.481
0.000
0.000
0.000
0.000
0.000
0.000
0.013
0.000
0.000
0.019
0.000
0.150
3.479
2.491
0.009
0.000
0.355
0.000
0.776
11.280
0.000
0.197
0.592
0.003
0.000
0.000
0.001
0.572
0.104
0.719
0.000
1.318
0.224
0.003
0.000
0.000
1.091
0.264
0.000
0.000
0.000
0.000
0.000
0.002
0.015
7.687
3.547
0.001
0.000
0.000
0.722
0.001
1.774
0.000
0.018
0.000
0.000
0.000
0.000
0.288
0.000
0.000
0.305
11.209
0.000
0.292
0.000
0.222
0.668
0.001
0.930
0.583
1.200
0.000
0.000
0.895
22.586
0.024
0.009
0.672
0.000
0.000
0.000
0.024
0.028
0.000
0.000
0.464
0.854
0.000
0.000
0.000
0.000
0.000
0.000
0.000
0.000
0.178
10.010
1.219
0.000
0.000
12.493
10.791
0.020
0.000
0.000
4.282
2.341
5.835
0.000
8.639
0.382
0.000
0.000
0.000
0.000
0.000
0.106
0.000
0.000
0.000
0.000
3.125
0.000
0.000
0.000
0.000
0.001
0.017
0.485
1.926
3.232
0.000
0.000
3.084
6.875
1.359
0.118
9.242
0.944
0.263
4.829
8.073
0.000
0.313
5.477
0.098
0.000
0.400
0.038
0.000
0.014
0.450
3.189
0.000
0.000
0.000
2.398
1.907
0.000
0.037
0.011
1.187
0.000
0.140
0.000
0.001
0.559
0.218
0.000
0.000
17.171
7.759
28.137
21.045
7.332
1.859
0.255
2.605
0.012
0.024
0.006
0.166
13.775
10.739
0.300
0.246
0.216
3.431
20.138
3.171
0.006
0.009
1.634
9.952
0.114
0.003
0.008
0.004
0.003
0.000
0.168
0.990
0.000
22.785
56.644
1.845
6.051
0.380
0.000
5.257
0.466
0.493
4.202
0.002
0.116
0.000
0.017
0.000
0.000
0.947
2.798
0.229
3.857
3.474
0.000
0.111
5.981
16.194
20.400
1.401
0.001
0.022
0.060
0.553
0.013
6.616
0.455
0.234
5.651
5.850
0.217
0.001
0.135
0.767
1.119
0.000
0.000
0.000
0.000
0.074
0.320
4.814
0.192
0.142
0.004
0.013
0.014
0.411
0.000
0.000
0.000
0.000
0.000
0.008
0.002
0.257
0.000
0.000
0.000
0.473
0.611
6.727
0.000
0.408
2.156
0.091
3.705
0.003
0.000
0.000
0.000
0.000
0.000
1.323
23.496
4.815
0.039
0.000
0.000
0.010
30.424
0.000
0.000
0.225
2.403
3.961
0.236
0.000
0.000
0.063
0.001
0.000
1.197
6.771
9.083
0.005
0.000
0.249
6.392
4.198
8.232
16.852
0.641
0.010
0.000
0.000
0.065
12.937
0.809
2.491
29.472
4.303
0.517
2.001
0.988
2.389
4.468
0.055
0.358
0.000
0.000
0.000
0.000
0.000
0.006
1.341
1.167
0.014
0.002
0.000
0.281
1.259
0.000
0.020
0.013
0.834
0.426
0.005
0.013
0.000
0.000
0.021
0.151
1.427
0.501
0.000
0.000
0.008
0.023
0.001
0.000
0.000
0.106
0.010
0.041
0.000
0.000
0.000
2.185
12.027
6.702
8.878
0.000
0.000
0.045
0.800
0.702
0.000
0.333
0.891
0.930
0.201
1.478
2.416
0.007
0.093
1.168
0.017
0.705
1.795
0.090
1.607
0.921
0.037
0.000
0.000
0.020
0.446
0.000
0.000
0.000
0.654
0.012
0.000
0.000
0.000
0.000
0.000
0.193
0.203
0.108
4.553
0.020
0.940
0.070
5.775
0.000
0.124
0.011
1.240
0.158
0.776
0.457
2.877
0.088
0.000
0.000
0.000
0.000
0.190
0.003
0.000
0.000
0.000
0.000
0.000
0.000
0.000
0.000
0.000
0.408
2.125
0.025
0.000
0.000
2.892
1.381
0.000
0.258
4.466
0.026
0.000
0.000
0.001
0.000
0.000
0.000
0.000
0.000
0.155
1.568
0.021
0.000
0.281
0.000
0.000
0.000
0.000
0.000
0.000
0.000
0.000
0.000
0.000
1.266
0.126
0.069
5.965
1.350
0.000
0.009
0.000
0.000
0.694
2.706
0.003
0.000
0.000
12.915
0.000
0.108
1.941
0.000
0.000
2.459
0.000
0.000
0.215
0.099
8.765
0.000
0.000
0.000
1.238
2.068
0.000
1.643
0.087
0.000
0.000
0.000
15.176
12.301
0.216
7.030
11.620
16.490
1.654
3.105
0.278
0.004
0.049
0.436
0.126
2.153
12.053
11.741
4.086
0.660
8.195
8.953
0.697
0.000
0.000
0.000
0.066
0.836
7.939
0.022
0.000
0.000
0.004
0.000
0.509
0.181
0.624
0.000
0.000
35.551
24.754
6.279
1.044
0.000
0.000
20.413
5.314
0.000
0.058
0.000
0.000
38.871
0.154
3.646
17.241
26.058
0.886
0.000
7.093
7.322
2.356
0.360
0.000
0.000
1.502
0.000
0.647
11.445
10.091
1.684
2.139
1.350
0.000
0.000
0.203
19.544
1.189
1.522
0.441
0.000
36.749
0.001
0.200
0.647
0.459
0.000
0.000
0.000
0.410
0.001
0.088
9.159
0.000
0.008
1.060
0.023
0.900
1.828
0.218
0.000
0.000
0.303
0.270
0.004
5.100
0.000
0.000
0.000
0.000
0.000
4.631
16.008
0.000
0.000
0.000
0.000
0.000
16.784
8.079
9.082
0.050
10.257
0.553
3.149
13.419
0.902
0.085
1.325
0.000
6.858
1.590
0.454
1.871
6.635
0.268
26.950
0.344
0.000
0.000
0.000
0.113
3.558
0.032
0.220
0.330
0.007
0.010
0.000
0.000
0.015
0.041
1.195
4.740
0.278
0.000
0.065
0.030
0.000
0.000
0.183
3.704
0.001
0.005
0.156
0.778
1.514
0.008
0.620
0.012
0.000
0.000
0.000
0.000
0.023
5.861
0.645
0.000
0.027
0.091
0.000
0.000
0.000
0.033
0.034
2.163
0.000
0.000
0.000
0.394
2.284
0.444
0.474
0.005
0.000
0.000
0.000
1.150
0.364
6.261
0.082
0.997
0.766
1.033
4.229
0.569
0.347
0.000
0.000
0.016
0.133
0.114
0.372
0.014
0.000
0.000
0.000
0.060
0.128
0.201
0.000
1.001
0.155
0.004
0.000
0.000
0.000
0.000
0.000
0.000
0.001
0.627
0.015
0.000
0.000
0.000
0.003
0.000
2.029
3.904
0.000
0.000
0.044
0.291
0.000
0.989
1.697
0.063
0.000
0.058
0.000
0.007
0.000
0.000
0.070
1.033
0.011
0.288
0.391
0.000
0.000
0.012
0.485
1.125
0.000
0.010
0.158
0.000
0.021
0.232
0.000
0.867
0.174
0.012
0.038
0.000
0.000
0.000
0.000
0.000
0.000
0.000
0.000
0.039
0.000
0.000
0.000
0.000
0.073
0.261
0.000
0.001
0.000
0.000
0.000
0.773
6.997
0.000
0.061
0.023
0.001
0.328
0.143
0.000
0.011
0.602
0.004
0.000
0.006
0.289
0.031
0.000
0.000
0.005
0.156
0.333
3.284
0.913
0.000
0.000
0.025
0.000
0.000
0.000
0.000
0.000
0.000
0.000
0.000
0.404
0.987
0.000
0.063
0.275
0.982
0.000
0.038
0.211
0.666
0.171
0.000
0.022
3.667
1.304
0.572
0.000
0.000
0.008
0.000
0.000
0.398
0.337
0.452
0.300
0.297
0.007
0.000
0.000
0.000
0.000
0.000
0.000
0.557
16.702
2.095
0.677
0.395
0.019
2.012
0.617
0.042
0.000
0.965
0.000
0.127
3.237
0.002
2.117
0.166
0.000
0.569
8.598
5.710
0.001
5.521
24.086
5.046
2.928
7.155
6.012
5.898
28.480
27.596
0.502
0.000
0.000
0.480
0.000
0.944
18.965
17.972
0.013
0.901
10.797
0.490
0.000
0.007
0.020
4.005
0.304
0.001
6.742
12.840
3.141
0.063
0.164
0.000
0.000
0.001
1.073
1.982
0.588
7.327
0.015
0.228
5.979
1.393
10.264
0.025
0.064
1.022
3.127
2.862
2.761
0.306
0.052
0.031
0.066
0.000
0.000
2.048
6.082
0.747
0.103
0.236
0.000
0.258
7.356
8.774
5.104
5.466
6.932
13.937
0.324
0.042
0.000
0.000
0.548
1.704
19.803
0.171
0.247
0.167
6.039
0.533
0.000
0.000
0.000
0.257
0.165
0.000
0.000
4.796
8.704
10.174
1.429
2.156
0.033
0.801
18.552
0.201
0.174
8.906
1.966
1.572
15.216
2.962
0.025
1.060
5.006
1.204
0.000
0.000
0.000
0.091
0.000
0.000
0.000
0.000
0.000
0.000
0.338
16.826
31.536
9.851
0.151
1.483
0.011
0.000
0.000
0.000
0.000
0.025
0.899
0.124
0.078
0.033
0.000
0.005
0.160
8.152
2.821
0.541
0.000
0.000
0.000
0.010
0.477
0.000
0.000
0.000
0.110
0.782
0.002
1.052
7.174
0.014
0.000
0.007
1.971
1.888
0.032
0.000
0.000
0.000
0.000
0.000
0.003
0.000
0.104
9.145
7.640
0.614
1.311
1.840
10.616
10.027
0.402
0.542
0.575
0.017
0.000
0.042
8.166
1.906
0.418
0.000
0.004
0.000
0.000
0.000
0.065
0.000
0.000
0.318
6.674
20.797
18.193
2.351
0.032
0.002
0.416
0.015
0.000
0.000
0.000
0.000
0.000
0.062
6.548
6.155
0.000
0.000
0.000
0.000
0.000
0.000
0.000
1.832
4.191
0.003
0.294
0.619
0.116
4.608
2.957
0.229
0.000
0.000
0.000
0.010
0.682
0.153
0.000
0.645
1.394
1.041
0.063
0.461
0.367
0.007
0.000
0.000
0.000
0.000
0.000
0.755
0.375
0.000
0.000
0.382
0.767
0.064
1.213
3.484
0.000
0.000
0.000
0.064
0.333
0.002
0.057
0.000
0.003
2.329
2.377
0.012
0.602
0.002
0.287
0.039
0.000
0.111
0.224
0.469
0.000
0.062
0.802
2.752
0.173
0.000
0.000
0.000
0.000
0.288
1.494
0.253
0.000
0.016
1.025
2.867
0.000
0.000
0.611
0.070
0.000
0.000
0.000
0.000
0.271
0.000
0.074
0.040
0.079
1.031
0.008
0.061
0.238
0.330
1.932
0.000
0.002
0.418
2.895
5.927
1.273
1.597
0.495
0.009
0.000
0.000
0.267
0.000
0.000
0.096
2.349
0.301
0.000
0.000
8.158
1.645
1.296
0.294
0.000
0.000
0.005
0.884
0.937
1.181
0.326
0.000
0.000
0.001
0.139
0.000
0.034
1.206
0.050
0.487
2.196
3.065
0.005
0.057
0.074
11.872
35.750
3.181
0.005
0.046
0.007
0.000
0.000
0.000
0.000
0.000
0.005
0.003
0.001
0.022
0.014
3.141
4.925
2.684
0.002
0.052
0.000
0.010
0.136
0.000
0.000
0.009
0.062
0.000
3.928
5.862
3.058
4.591
0.152
1.946
2.028
0.005
15.013
2.708
2.492
0.051
12.040
0.657
1.648
0.931
0.012
0.000
0.003
0.648
0.264
1.441
0.009
20.242
1.946
0.000
15.293
0.410
3.883
0.000
0.245
2.516
0.000
0.076
1.223
0.040
0.000
0.000
0.550
0.011
0.000
0.000
0.036
0.770
2.069
0.392
22.152
0.239
30.281
39.639
75.057
0.054
6.245
4.597
0.001
10.427
0.003
0.000
0.089
9.449
0.002
0.000
10.358
0.020
0.248
14.233
6.363
0.000
0.000
0.110
0.001
2.190
0.595
29.747
0.075
0.000
0.000
0.002
2.151
20.526
24.176
0.223
1.196
1.078
0.141
1.146
2.291
0.671
10.011
1.791
1.775
0.064
0.010
0.000
0.002
0.004
0.389
0.688
26.842
0.045
0.000
0.000
0.000
0.000
0.000
17.279
17.642
0.137
32.161
0.306
0.284
0.000
0.000
0.252
0.000
0.000
2.814
3.436
0.022
0.101
0.000
1.115
1.994
0.177
1.946
6.760
2.743
0.000
0.901
0.000
0.022
0.000
0.000
0.000
1.276
10.386
0.003
3.163
0.075
0.000
0.000
0.194
1.217
0.000
0.000
0.003
0.049
2.270
2.606
0.777
0.001
0.000
0.001
0.000
0.000
0.000
10.128
1.412
0.000
0.018
0.007
0.020
0.196
0.000
0.167
0.000
0.000
0.000
0.000
0.000
0.000
0.000
0.000
0.008
0.000
0.000
0.295
0.022
0.000
10.722
16.823
0.000
0.065
0.727
2.558
0.705
0.133
0.000
0.000
10.291
4.422
4.323
0.756
0.000
0.003
0.890
1.243
3.469
3.270
1.088
0.069
0.011
1.793
2.547
0.901
0.018
0.027
0.561
4.042
0.000
0.161
0.118
0.002
0.347
0.000
0.000
0.728
18.130
1.267
0.346
0.298
0.000
0.005
0.268
2.990
6.281
0.010
0.000
0.000
0.000
0.001
1.105
2.247
5.736
0.202
0.000
0.000
0.000
0.000
0.000
0.000
0.000
0.375
0.308
0.003
0.071
0.000
0.000
0.000
0.000
0.000
0.000
0.544
3.347
0.334
0.000
0.000
0.000
0.212
0.021
1.537
2.617
0.000
0.000
0.057
0.214
0.000
0.000
0.000
0.000
0.000
0.000
0.000
0.814
8.199
0.309
6.402
0.000
0.001
2.030
0.000
0.033
0.023
0.000
0.000
0.000
0.000
0.003
3.282
0.523
0.000
0.000
0.005
0.000
0.722
0.000
0.000
0.000
1.621
0.231
0.000
0.000
0.000
0.000
0.060
3.157
0.000
0.000
0.020
0.000
0.000
0.000
0.000
0.021
0.000
0.013
0.000
0.014
0.000
0.000
0.000
0.323
3.140
0.000
0.021
0.000
0.000
0.299
0.508
0.266
25.991
10.730
8.307
2.288
0.010
2.095
1.286
4.598
8.062
5.331
0.009
0.000
0.000
3.118
6.478
0.047
3.391
0.000
0.000
0.000
0.000
0.333
0.000
0.000
0.005
0.000
0.000
0.007
2.996
5.546
9.268
0.109
0.000
14.001
2.992
1.948
0.330
0.000
0.591
0.000
1.677
3.523
0.781
0.041
0.000
0.000
4.852
0.000
0.000
0.000
0.032
1.498
0.000
5.991
4.365
6.140
0.052
33.203
0.010
0.869
1.859
9.399
0.103
0.943
0.000
3.056
0.022
1.059
1.709
0.065
0.000
9.903
6.034
8.642
0.094
0.027
0.000
0.000
2.173
3.482
0.000
0.034
1.258
1.659
0.065
19.320
0.551
0.012
0.012
0.000
0.000
11.224
0.400
0.128
0.000
20.869
0.215
0.024
0.000
0.013
0.000
0.002
0.000
0.000
0.177
0.000
0.479
19.375
6.498
0.445
2.790
2.829
0.000
0.085
8.286
2.174
0.142
3.886
17.279
0.018
1.606
34.641
3.038
10.345
0.000
0.004
4.802
0.031
3.356
0.000
19.656
8.608
0.693
0.012
0.000
0.000
0.034
8.720
0.061
0.001
7.012
0.000
0.000
0.000
0.000
0.000
0.015
0.000
0.000
0.021
7.917
14.813
0.488
0.002
1.182
21.763
0.000
11.657
12.045
19.478
7.116
9.055
2.851
0.000
0.083
0.000
14.309
20.941
11.052
0.783
0.014
0.014
0.197
0.083
0.000
0.000
0.000
0.000
0.000
0.096
10.763
0.482
0.000
0.000
0.000
0.000
0.334
3.708
0.217
0.004
0.000
0.221
3.584
0.182
0.000
0.328
0.377
1.540
1.934
0.104
2.663
0.396
0.593
0.014
0.234
1.643
0.000
0.000
0.000
0.000
0.000
0.005
0.000
0.000
0.001
0.000
0.000
0.000
0.010
0.884
0.236
0.199
0.000
0.021
0.000
0.000
0.000
0.000
0.000
0.000
0.000
3.543
0.013
0.106
0.000
0.003
0.098
2.694
0.001
0.937
0.085
0.359
2.735
0.192
0.475
0.541
0.611
4.401
0.000
0.113
0.025
0.002
0.502
0.020
1.793
0.322
0.000
0.000
0.000
0.000
0.000
0.000
0.000
0.000
0.002
0.000
0.000
0.046
4.262
0.329
0.000
0.418
0.888
0.415
0.000
0.000
0.000
0.000
0.000
0.000
0.000
0.000
0.000
0.000
0.000
0.033
0.000
0.000
0.028
0.007
0.000
0.810
2.237
0.327
0.000
0.613
0.000
0.000
0.000
0.000
0.000
0.158
0.000
0.000
0.000
0.005
1.137
1.701
5.438
0.494
0.692
7.756
0.308
7.564
0.000
0.000
0.000
0.000
0.000
0.000
0.000
9.063
11.272
0.000
0.000
0.000
0.053
0.354
0.000
0.000
0.000
0.000
0.000
0.000
0.000
0.000
0.941
0.663
0.004
0.000
0.246
0.109
1.962
11.333
0.017
0.000
2.750
7.715
0.000
0.473
0.721
0.000
0.210
0.574
0.000
0.003
0.136
0.000
0.058
3.190
0.000
0.014
3.604
3.188
0.000
0.000
0.000
0.000
0.000
0.000
0.000
0.096
0.105
0.000
0.000
0.000
0.000
1.848
3.736
0.000
0.063
0.000
0.060
0.179
0.021
5.185
13.191
3.373
0.088
0.000
0.000
0.000
0.058
0.000
0.518
1.724
1.666
0.000
0.022
0.038
0.110
2.323
0.870
0.054
0.423
3.147
2.751
9.383
0.534
0.000
3.077
9.987
0.018
0.000
21.595
0.025
0.000
4.193
0.064
2.887
21.674
0.013
0.001
3.653
2.528
57.019
9.100
0.088
0.302
0.000
0.000
0.031
4.257
0.043
0.848
0.005
0.000
2.024
17.389
5.486
13.500
10.152
9.205
6.628
0.000
0.000
0.020
21.752
0.005
1.143
38.168
0.014
0.000
0.680
0.545
0.000
0.000
0.003
22.166
1.241
0.000
3.170
0.000
2.532
1.580
0.007
0.000
0.718
0.798
0.103
6.943
0.023
0.206
14.804
0.080
1.048
0.000
0.000
0.000
0.000
0.000
0.000
0.000
1.429
0.913
0.000
0.000
0.025
0.113
7.276
0.002
0.378
0.000
9.784
1.487
2.924
8.963
5.794
0.390
0.000
0.036
7.594
14.476
1.425
5.525
4.299
0.004
0.283
0.034
0.000
0.731
1.287
0.109
0.190
0.000
15.818
0.005
0.000
0.006
0.000
3.322
16.910
0.012
0.013
2.775
6.785
0.700
1.987
0.596
0.267
0.460
0.035
0.673
0.739
2.557
10.129
2.005
0.129
8.883
8.452
21.785
9.860
0.085
0.013
0.000
0.620
0.000
0.000
0.000
0.000
0.019
0.000
0.000
0.000
0.000
1.277
15.185
4.418
11.582
0.038
0.201
0.006
0.000
0.000
0.015
0.000
0.463
6.080
3.783
0.195
0.274
0.180
2.421
0.271
0.286
0.000
0.000
0.131
0.000
0.000
1.772
0.031
0.000
0.000
0.000
0.007
0.000
0.000
0.000
0.000
0.868
0.317
0.000
0.000
0.000
0.000
0.049
0.073
0.001
0.000
0.000
0.000
0.000
0.000
0.595
0.242
0.000
0.000
0.000
0.000
0.000
0.000
0.000
0.806
0.432
0.088
0.036
0.006
13.403
15.591
0.004
0.000
5.592
0.026
0.000
0.000
0.000
0.000
0.035
1.076
0.115
0.003
0.000
0.000
0.000
0.000
0.000
0.000
0.000
0.000
0.000
0.000
0.000
0.017
6.151
0.234
0.500
0.000
0.002
0.095
5.221
0.409
0.000
0.000
0.000
0.000
0.000
5.807
0.000
1.596
5.157
4.540
0.000
0.000
2.653
4.256
2.650
0.003
0.848
0.000
0.000
0.000
0.000
1.022
7.725
0.480
1.792
0.184
0.172
0.000
2.624
0.000
0.150
2.152
0.294
0.006
0.743
0.000
0.000
0.000
0.215
15.118
0.313
0.000
0.080
23.080
2.520
0.000
0.031
0.000
0.000
0.000
0.000
0.000
0.000
0.000
0.000
0.000
0.000
0.000
0.000
0.006
0.024
0.051
0.041
1.430
0.000
0.005
0.080
5.617
8.753
0.072
0.000
1.117
17.305
5.579
0.000
0.000
0.638
0.778
6.965
0.183
0.007
1.955
2.123
0.000
0.000
0.000
0.000
0.000
0.000
9.532
2.707
2.101
3.974
0.214
3.535
0.501
0.000
0.001
0.381
9.983
0.032
0.000
0.000
0.000
0.077
2.360
3.949
0.000
13.256
12.107
4.797
0.000
10.296
12.248
0.082
7.089
0.006
0.945
0.000
0.000
0.000
0.000
0.000
0.000
0.000
0.000
11.569
0.096
0.000
0.000
21.182
1.061
0.000
6.914
0.000
9.072
1.379
2.767
2.330
0.165
0.068
0.168
2.378
0.093
1.103
11.820
9.156
0.686
0.000
8.675
0.047
3.552
2.715
0.037
0.000
1.328
0.105
1.474
0.000
0.001
15.727
13.148
2.004
0.143
0.014
0.002
25.841
1.563
3.306
13.412
1.853
4.307
0.598
0.046
0.000
0.000
0.000
1.953
0.000
0.002
15.011
0.000
0.000
0.000
0.009
0.563
0.002
10.051
5.952
0.463
0.024
0.000
0.000
0.028
5.418
12.245
5.549
0.024
0.886
0.058
21.383
0.000
15.832
4.216
0.000
0.000
0.000
0.063
8.415
16.688
2.273
0.003
0.000
0.000
0.000
0.000
18.421
0.000
8.053
1.930
0.000
0.545
0.004
33.611
0.630
9.487
24.819
0.398
0.406
0.242
4.280
13.155
0.063
0.000
3.249
3.527
0.746
0.003
0.113
0.783
1.178
0.004
0.483
20.690
1.777
0.375
10.744
0.134
22.111
5.066
1.297
0.000
0.007
2.259
18.177
4.144
9.286
0.268
0.073
0.359
0.000
0.000
0.000
0.000
4.227
38.141
1.168
0.000
0.000
0.000
0.000
0.018
0.009
0.000
0.000
0.000
0.093
0.025
0.502
0.000
0.000
0.000
0.000
0.006
0.240
0.030
0.019
1.298
0.002
0.000
0.001
0.491
0.008
2.799
0.001
3.383
0.000
0.000
0.000
0.127
0.088
3.561
0.363
0.000
1.882
19.963
0.464
0.000
0.000
0.000
0.000
0.000
0.000
7.305
0.023
0.000
3.129
0.044
1.590
0.000
0.664
0.011
0.000
0.000
0.000
0.000
0.000
0.000
0.000
0.000
4.503
0.357
0.050
22.607
13.896
1.433
0.000
1.072
0.000
0.000
0.000
0.000
0.000
0.001
0.205
0.061
0.000
0.000
0.000
4.705
2.554
2.675
0.114
9.725
0.610
2.772
0.000
0.000
0.217
0.722
0.048
0.000
0.000
0.000
0.000
0.078
0.723
0.000
0.000
0.000
0.000
0.000
0.001
0.897
0.000
0.000
0.000
0.000
0.035
0.011
0.000
0.000
0.000
0.666
1.034
0.000
0.000
0.000
0.000
0.000
0.000
0.000
0.000
0.000
0.000
0.000
0.000
0.000
0.000
0.000
0.029
0.049
0.000
0.000
0.000
0.000
0.000
0.145
1.691
0.000
0.000
0.719
0.006
0.261
0.975
0.020
0.092
0.359
0.082
0.000
0.009
0.000
0.000
0.027
1.051
0.021
0.000
0.025
12.557
7.439
0.000
0.000
1.270
5.498
0.005
0.618
0.126
0.000
0.000
0.001
0.329
0.007
0.001
0.000
0.000
0.040
0.014
0.087
0.000
0.280
0.368
0.010
0.113
4.963
1.743
2.199
0.000
0.009
1.631
0.009
0.000
0.254
0.119
0.000
0.000
0.001
7.728
0.000
0.000
0.013
3.467
0.000
0.000
0.024
0.000
0.000
0.000
0.000
0.000
0.000
0.198
0.218
2.792
9.097
0.027
0.000
0.000
0.000
0.049
1.429
1.542
1.405
0.552
0.000
4.260
10.643
12.238
7.841
0.001
0.233
0.000
0.000
0.007
0.050
0.000
29.287
5.915
0.961
9.408
0.026
0.053
1.407
0.032
2.136
0.000
0.000
0.737
11.443
2.386
0.123
0.000
0.002
0.000
0.085
1.422
16.192
35.875
0.000
0.009
0.902
0.000
9.973
1.904
0.727
3.101
57.966
7.949
0.089
25.358
0.028
0.000
0.000
18.204
1.695
0.000
0.000
0.000
0.000
0.000
0.819
0.020
0.000
0.000
0.000
0.001
0.000
12.765
15.387
3.304
0.000
0.011
5.479
21.506
36.511
0.000
0.000
0.000
0.067
4.555
0.003
0.050
0.534
1.753
0.042
0.992
0.994
5.622
0.665
0.032
20.069
0.000
0.317
2.270
0.001
0.005
0.000
0.000
0.000
0.000
0.000
0.000
12.742
0.399
0.000
0.000
0.000
0.000
0.000
0.000
0.000
0.675
0.000
0.031
10.395
0.158
0.578
3.660
1.532
0.762
2.529
3.312
0.085
0.078
0.000
0.113
0.000
0.047
0.000
0.000
0.000
0.000
16.028
0.000
0.717
2.706
0.000
1.681
3.871
0.431
0.121
9.799
1.314
7.435
0.000
0.188
0.000
0.000
0.000
0.001
0.206
0.028
0.000
0.000
0.000
0.000
0.000
0.000
0.000
0.000
12.592
7.770
3.827
0.000
0.000
0.000
0.000
1.074
1.020
0.000
0.000
0.048
0.010
3.100
0.000
0.487
0.501
0.000
0.014
0.000
0.000
0.000
0.000
0.000
0.000
0.000
0.000
0.026
0.000
0.000
0.000
0.000
0.000
0.000
0.000
0.993
0.000
0.035
0.000
0.158
0.996
0.259
2.332
0.000
0.313
4.990
0.072
0.000
0.170
1.539
0.028
6.777
0.010
