19810101
0.063
0.338
0.111
0.038
0.153
0.000
0.000
0.000
0.251
0.000
0.000
0.037
0.000
0.849
0.000
0.000
0.000
0.000
0.003
0.000
0.000
0.000
0.000
0.000
0.000
1.125
0.004
0.004
0.000
0.000
0.000
2.924
0.164
0.058
0.000
0.000
0.249
1.446
0.831
0.666
0.000
0.054
0.105
0.058
0.000
0.000
0.000
0.000
0.534
0.043
0.000
0.406
0.808
0.000
0.000
0.000
0.000
0.354
4.105
0.005
0.000
1.268
0.000
0.000
0.000
0.000
0.000
0.000
0.695
0.000
0.000
0.028
0.000
0.000
0.000
0.000
0.000
0.000
0.000
0.000
0.000
0.000
0.002
0.878
6.931
0.020
2.517
6.548
8.011
0.823
6.100
0.000
0.701
0.758
0.000
0.008
0.625
0.000
0.000
2.500
0.000
0.000
5.749
0.740
0.000
0.012
0.800
0.000
0.025
0.000
0.023
5.578
9.712
0.478
0.252
0.382
7.821
4.780
5.053
4.511
2.094
0.000
0.538
0.000
0.115
0.000
0.000
0.000
4.265
0.021
0.000
0.000
0.000
0.000
0.000
0.000
0.000
0.000
0.000
0.000
0.000
1.769
4.168
16.231
7.393
1.817
0.183
0.000
2.173
1.482
0.282
7.019
1.610
8.046
0.000
9.896
2.587
1.928
0.689
0.062
4.080
1.244
0.021
18.386
7.971
6.155
2.232
0.311
3.006
0.346
3.708
4.546
21.710
2.917
9.646
2.211
0.589
1.904
31.952
14.282
0.000
0.000
0.000
6.990
0.002
0.000
0.000
0.000
0.000
0.000
0.000
25.412
0.664
0.075
25.464
5.085
0.214
1.242
0.000
0.000
4.373
5.000
0.014
1.975
2.846
3.901
0.000
0.016
0.000
0.000
0.000
17.773
0.208
0.010
11.447
17.193
0.000
17.930
7.052
1.983
2.152
0.000
0.000
0.000
0.000
0.000
0.000
0.000
0.000
0.000
0.000
0.000
17.144
11.815
0.612
6.322
7.154
1.657
0.000
0.005
0.000
0.000
2.794
25.122
0.000
0.000
0.000
0.011
0.001
22.891
0.833
0.000
0.000
0.081
0.000
0.000
0.000
0.156
0.535
0.000
0.000
0.000
0.000
0.253
0.000
0.503
1.604
2.431
6.154
10.872
1.037
1.365
1.868
15.933
1.363
0.000
26.421
2.601
11.870
0.000
0.000
0.000
6.353
0.035
0.905
4.673
2.712
0.000
0.110
15.492
7.181
0.205
1.934
0.661
0.608
0.868
0.362
0.783
0.034
0.000
0.002
0.008
0.028
1.067
0.000
0.000
0.000
0.000
0.000
0.000
0.000
0.078
0.000
0.000
0.000
0.000
0.000
0.015
0.019
3.996
0.000
0.000
0.124
0.000
0.000
0.000
0.000
0.013
1.537
4.843
0.693
0.000
0.000
0.007
0.002
0.114
0.000
0.000
0.000
0.007
0.136
0.000
0.009
0.132
0.003
6.882
0.181
0.000
0.000
0.000
0.000
0.000
0.000
0.037
5.750
0.000
0.723
0.198
0.000
0.429
0.251
0.456
0.000
0.023
4.046
0.000
3.832
3.470
0.147
0.000
0.002
0.001
0.112
0.000
0.000
0.001
0.000
0.104
0.091
1.558
0.000
0.000
0.900
0.418
0.138
3.067
0.553
12.656
0.054
0.009
0.000
0.000
0.000
0.901
0.017
0.010
1.080
1.881
0.000
0.000
0.000
0.080
0.225
0.068
0.000
0.000
0.000
0.000
0.052
0.216
0.003
0.000
2.663
1.712
0.158
0.000
0.000
0.000
0.000
1.766
0.000
0.119
1.239
0.387
0.081
0.214
0.000
0.000
0.581
0.000
0.000
7.561
0.501
0.000
0.278
0.098
5.831
0.000
1.511
1.504
0.002
6.240
0.000
7.976
0.596
0.005
0.000
0.000
0.016
0.000
0.000
0.095
0.035
4.752
7.340
0.000
2.487
19.935
1.956
0.822
0.000
0.000
0.000
0.000
0.928
0.000
0.527
2.932
0.000
3.461
3.154
0.000
0.000
0.299
0.000
0.008
0.078
0.000
0.000
0.000
0.000
0.000
0.000
0.000
0.656
0.000
0.074
1.654
7.145
11.705
0.000
0.000
0.000
0.112
11.378
6.838
1.214
7.257
11.316
9.452
3.577
8.160
21.050
3.911
0.017
0.000
0.000
0.000
0.000
0.000
0.000
0.000
0.000
1.435
0.456
3.441
0.032
0.071
0.000
0.000
0.004
1.156
6.447
1.420
0.804
5.333
0.008
0.598
0.000
0.784
1.287
0.000
0.247
0.184
0.488
6.798
3.397
1.022
3.302
2.037
0.002
0.000
0.000
2.530
11.477
0.000
0.000
0.000
4.947
0.000
12.567
7.111
2.683
0.000
13.450
3.932
0.408
0.997
0.968
1.518
2.500
7.967
3.590
0.026
5.979
11.679
5.131
0.000
0.000
22.246
0.731
0.295
0.052
1.263
9.337
1.625
0.000
0.000
0.000
0.087
0.000
0.000
1.105
5.057
0.016
2.289
0.000
0.353
0.098
2.914
0.070
0.027
0.046
1.746
0.135
11.655
0.042
0.100
5.610
4.097
0.042
0.310
0.004
0.000
0.000
0.064
0.001
3.170
2.310
0.176
0.006
0.000
0.000
0.000
0.000
0.000
0.000
0.098
0.172
9.604
11.224
0.077
5.582
1.195
8.063
0.435
0.495
0.818
0.000
0.000
1.074
4.188
0.000
0.000
0.000
6.779
2.667
0.023
0.000
18.846
0.947
0.373
0.001
27.268
17.902
0.362
4.155
25.524
2.434
6.703
1.301
0.146
0.516
0.008
2.748
0.325
0.203
0.182
0.000
0.000
0.000
0.009
0.000
0.040
0.024
0.238
1.448
0.000
0.000
0.000
1.598
7.335
2.392
0.269
0.000
0.000
0.000
0.000
4.964
1.167
1.768
0.011
0.000
0.000
0.000
0.000
0.000
0.780
6.593
3.562
1.273
0.000
0.000
0.000
0.000
0.000
0.000
0.000
0.000
0.000
1.318
0.000
0.000
0.002
0.000
0.000
0.000
0.000
0.000
0.000
0.000
0.000
0.036
0.964
0.004
0.069
0.810
0.704
0.118
0.000
0.000
0.585
0.019
0.000
0.032
0.011
0.477
0.000
0.000
0.148
0.052
0.000
0.002
1.046
0.002
5.158
5.311
0.000
0.000
3.921
0.638
0.032
0.024
0.838
0.000
0.000
0.000
0.000
0.000
0.017
0.000
0.000
0.000
0.000
0.000
0.000
0.000
0.000
3.382
0.880
0.000
0.000
0.000
0.002
0.017
0.000
0.000
0.000
0.000
0.000
0.220
0.874
0.042
0.000
0.000
0.000
0.000
0.012
2.044
0.047
6.423
0.093
0.000
0.000
0.000
0.000
0.000
1.342
0.673
0.130
0.002
0.000
0.000
2.378
4.594
9.770
7.404
2.917
0.000
0.000
0.000
0.000
0.000
0.000
0.000
0.190
1.169
0.000
0.000
0.000
0.000
0.000
0.000
0.000
0.048
0.000
0.000
0.009
2.180
4.946
3.542
2.325
0.109
0.010
0.000
0.185
0.991
0.000
0.000
0.000
0.000
0.000
5.368
1.081
0.000
0.000
0.000
0.100
0.000
0.000
0.000
0.000
0.000
0.000
0.000
0.035
0.425
0.627
1.386
0.000
0.000
0.000
0.000
0.000
0.000
0.000
0.000
0.000
0.102
1.598
0.557
0.783
15.151
0.000
1.883
0.217
0.000
0.000
1.912
6.905
2.814
0.455
0.132
3.412
0.160
0.000
2.485
9.861
2.746
1.268
1.874
0.060
0.000
5.162
1.116
0.783
0.583
0.000
0.190
0.060
1.293
3.897
1.047
7.688
38.518
18.774
2.782
0.031
0.000
0.000
0.017
11.704
29.028
0.000
1.564
1.038
1.049
0.071
0.000
2.461
15.561
0.555
0.011
58.384
8.829
2.526
0.000
0.000
0.342
0.000
2.559
0.000
0.000
0.000
0.000
0.000
7.633
0.508
4.911
3.935
0.277
8.554
0.030
0.000
0.911
0.124
1.030
0.000
0.398
0.013
4.468
9.209
0.188
0.288
12.514
0.000
0.000
0.000
0.520
0.278
0.005
29.424
0.000
0.000
0.873
0.350
0.002
0.403
2.070
0.000
5.005
0.000
8.285
2.723
0.000
4.729
3.252
18.636
0.020
2.011
4.062
1.705
0.107
0.218
0.000
0.069
0.393
2.202
5.381
0.335
0.000
0.100
8.377
0.239
4.380
0.203
0.470
10.421
14.503
0.333
1.015
0.578
0.419
1.596
1.832
0.039
0.000
0.000
0.000
0.000
0.000
0.309
3.151
18.411
0.408
11.975
1.151
4.053
0.291
5.639
1.669
0.003
1.295
10.732
0.020
1.885
2.132
1.193
8.847
0.011
0.000
0.188
0.825
0.005
0.000
0.000
0.493
2.078
0.000
0.000
0.000
0.000
0.000
0.000
0.037
0.000
0.000
0.000
0.000
0.044
0.000
0.001
0.087
0.000
0.000
0.000
1.956
0.076
0.000
0.000
0.000
0.022
0.125
16.802
14.807
0.026
2.240
6.029
0.039
0.000
0.000
2.452
6.711
0.820
0.706
0.000
0.000
0.304
0.000
0.041
0.080
0.001
0.023
0.079
6.348
0.206
2.977
5.566
1.312
0.007
0.000
0.000
0.000
0.000
3.473
0.205
0.000
0.000
0.125
0.112
0.936
0.075
0.000
0.172
0.000
0.000
0.000
0.002
0.001
0.427
0.046
0.000
0.000
0.001
0.312
0.012
1.421
0.496
0.000
0.000
0.956
0.000
0.000
0.000
0.000
0.000
0.000
0.000
0.108
0.117
2.993
0.141
3.375
0.054
0.114
0.000
0.000
0.116
1.633
1.400
1.676
0.112
0.000
0.000
0.000
0.194
0.000
0.840
4.104
0.107
1.896
1.211
6.432
0.072
0.043
0.000
0.000
0.000
0.321
0.001
0.000
0.000
0.000
0.000
0.000
0.000
0.000
0.000
1.574
7.359
0.021
0.000
0.169
0.000
0.006
0.026
0.033
4.048
0.000
0.543
0.001
0.000
0.000
0.000
0.000
0.000
0.000
0.000
0.000
0.000
0.000
0.000
0.000
0.000
0.000
0.000
0.000
0.000
0.000
0.000
0.000
0.000
0.000
0.000
0.000
0.000
3.957
4.233
1.167
0.012
0.000
0.000
0.000
0.000
0.000
0.000
0.000
0.000
0.000
0.000
1.055
2.901
13.847
9.502
0.030
0.247
0.021
0.000
0.000
0.004
0.051
0.660
20.156
1.254
0.000
0.399
0.044
0.000
1.242
0.002
0.218
3.782
8.585
0.000
0.000
0.371
6.994
0.231
0.266
0.068
0.250
0.145
0.143
0.000
0.000
0.000
0.000
0.374
5.359
0.000
1.276
34.898
7.877
13.352
33.238
6.641
5.131
0.825
2.672
3.797
0.046
0.060
3.098
1.161
2.199
0.001
1.103
0.025
21.835
0.021
0.949
0.127
2.918
6.819
0.000
0.000
0.016
0.000
0.599
6.580
0.039
0.528
0.864
0.075
0.971
12.814
0.045
0.000
0.000
5.174
0.003
0.000
0.000
5.082
0.012
0.011
0.013
0.000
1.511
0.089
0.085
0.156
0.151
1.276
0.056
0.000
0.224
2.706
0.935
0.000
0.009
0.000
4.720
0.024
2.899
20.379
4.235
0.308
0.000
0.000
0.000
0.163
0.366
0.000
0.000
0.014
0.000
0.289
19.418
0.000
0.000
0.000
3.238
0.000
0.072
0.000
0.048
0.000
0.000
0.901
6.329
1.095
1.593
0.187
0.000
1.107
2.899
2.834
1.360
0.255
5.873
1.580
0.000
0.000
0.000
0.000
0.000
0.000
0.000
0.000
0.609
0.428
14.196
3.963
0.660
2.777
0.633
0.000
0.000
0.000
0.000
0.000
0.031
0.958
0.082
1.685
0.109
0.000
0.000
0.015
0.055
0.000
10.152
28.487
23.561
28.269
3.797
39.174
7.610
1.812
1.271
0.245
0.000
0.000
0.000
0.013
1.739
0.003
0.049
0.151
1.711
0.032
0.317
2.397
0.048
0.000
0.000
0.011
0.000
0.000
0.000
0.000
0.000
0.077
0.685
0.259
0.000
0.000
0.000
0.000
0.000
0.000
0.000
0.000
0.000
0.135
0.218
4.700
0.000
0.001
0.037
0.004
0.000
0.000
0.026
0.158
0.000
0.000
0.000
0.000
0.000
0.000
0.000
0.000
0.000
13.419
6.542
1.353
0.019
0.041
0.020
0.023
0.000
0.000
0.000
0.000
0.000
0.080
4.177
0.007
0.060
0.170
0.000
0.000
0.000
0.000
0.070
0.542
0.000
0.000
0.005
0.000
0.000
0.017
0.748
0.000
0.000
0.007
0.946
0.000
0.000
0.916
0.060
0.000
0.220
1.253
0.000
0.033
0.012
0.029
0.268
0.000
0.000
0.000
0.000
0.000
0.000
0.206
0.115
0.000
0.991
5.251
0.017
0.003
0.669
0.595
0.002
0.166
0.156
0.496
0.026
0.313
0.000
0.000
0.000
0.000
0.086
1.606
0.025
0.128
0.000
0.029
0.133
18.523
6.901
0.000
0.000
0.000
0.000
0.000
0.000
0.000
1.407
0.341
0.000
0.000
0.000
0.000
0.000
0.000
0.000
0.000
0.074
1.927
0.213
0.000
0.021
0.000
4.629
0.000
0.000
0.000
0.011
0.022
0.000
0.000
0.000
0.029
0.000
0.000
0.000
0.000
0.000
10.439
0.717
0.000
0.000
0.000
0.000
0.000
0.082
2.827
28.332
32.100
6.474
0.000
0.322
0.000
0.000
0.000
1.608
0.002
0.068
0.000
0.190
2.072
4.428
0.008
0.000
1.922
0.000
46.189
26.849
12.212
0.068
6.928
5.057
0.001
0.000
0.044
0.000
0.000
0.001
0.107
0.008
5.878
1.552
0.000
0.613
5.300
8.675
41.832
0.397
0.061
0.003
0.026
0.682
0.004
0.281
0.000
0.000
0.000
0.491
3.743
0.112
0.066
3.087
1.914
2.960
3.983
1.047
0.000
0.111
27.755
0.149
1.970
2.531
43.751
0.934
9.360
0.000
0.000
0.202
0.406
0.000
4.180
2.596
0.090
0.000
0.125
2.580
0.014
0.427
0.000
0.000
0.000
0.064
0.000
18.508
17.803
0.875
0.000
7.203
0.512
0.193
35.968
2.852
0.000
0.282
0.000
0.000
0.000
0.007
0.000
0.000
0.187
4.260
8.827
0.300
0.000
0.000
8.931
1.086
0.190
22.119
15.683
0.084
2.207
2.202
10.729
1.336
0.990
0.000
0.000
0.004
2.469
12.690
0.000
0.000
0.000
0.000
11.878
0.002
0.779
2.682
0.541
7.290
0.059
0.593
11.234
0.000
0.000
4.398
1.642
0.000
0.000
0.000
0.000
0.000
0.121
3.634
1.367
4.228
14.400
0.118
1.127
1.754
3.024
0.003
0.000
0.000
0.000
0.108
3.185
6.495
0.161
0.275
0.384
0.114
0.280
0.378
22.060
0.498
0.000
0.000
9.333
1.053
0.240
0.000
0.000
0.000
0.015
0.000
0.000
0.000
0.000
1.339
0.455
0.000
0.000
0.093
0.000
1.452
0.310
0.000
0.006
0.000
0.000
0.000
0.000
4.620
0.000
0.000
0.000
0.000
0.000
1.271
0.034
0.000
0.000
0.970
0.113
1.656
14.921
1.219
0.083
2.212
1.161
0.786
2.315
10.410
0.495
0.010
0.517
3.220
3.316
1.328
0.008
2.126
0.006
0.023
0.000
0.243
0.366
0.130
0.000
0.000
0.013
0.320
1.119
0.038
0.000
0.000
0.000
0.000
0.000
0.012
2.910
0.083
0.000
3.017
0.405
0.000
0.000
0.106
0.020
0.000
0.000
1.718
0.413
0.000
0.000
0.005
0.000
0.000
0.000
0.000
0.000
0.000
0.000
0.014
0.000
0.000
0.177
0.034
0.108
1.287
1.597
0.157
0.843
4.144
0.231
0.163
0.000
0.568
0.000
0.409
0.745
0.000
0.000
0.586
1.072
0.000
0.000
0.000
0.000
0.000
0.000
0.000
0.000
0.164
0.000
0.000
0.001
1.681
0.079
4.829
0.396
2.755
0.008
0.005
0.002
1.115
3.664
0.000
0.000
0.000
0.000
0.000
2.387
0.000
0.000
0.007
0.252
3.631
0.000
0.032
0.000
0.144
0.000
0.000
0.000
0.000
0.096
0.000
0.000
0.000
0.000
0.005
0.000
0.004
0.000
0.000
0.000
0.000
0.005
0.918
0.367
3.454
0.000
2.400
2.160
0.244
0.169
0.000
0.000
0.000
0.313
1.040
1.071
13.487
0.000
0.000
0.006
14.431
1.506
0.394
0.000
0.873
0.172
0.006
16.054
4.809
19.531
12.051
4.883
6.544
0.116
0.000
0.000
0.000
0.884
0.723
7.964
6.767
1.815
2.768
10.245
0.736
0.106
5.798
0.226
0.000
0.000
0.000
0.000
0.000
0.000
0.212
3.336
0.871
0.770
0.232
0.000
0.000
0.000
0.000
1.785
0.014
1.981
7.541
0.002
0.000
14.321
0.000
1.536
0.328
10.823
0.000
0.000
2.297
0.043
7.726
0.000
0.072
12.301
0.019
35.573
13.348
4.633
1.255
0.498
2.699
11.491
0.064
0.000
0.000
0.293
6.530
0.405
18.649
1.980
0.389
0.312
8.365
6.638
3.564
9.501
18.442
1.900
1.711
0.007
0.305
17.078
2.218
1.162
0.087
0.000
0.039
0.088
2.115
0.348
0.493
14.047
0.159
0.000
0.229
0.021
0.132
0.166
0.021
0.343
10.007
6.134
7.205
2.014
0.311
3.300
0.180
0.000
0.537
13.217
3.005
0.022
0.102
0.000
0.074
2.005
1.366
6.362
5.763
0.000
0.251
0.296
0.094
0.082
0.000
0.000
1.439
10.340
15.151
21.643
2.341
0.690
0.000
0.000
0.141
0.050
3.008
13.132
0.056
2.157
0.363
0.000
0.269
10.052
1.039
2.336
16.503
0.631
4.383
0.000
0.424
7.984
0.004
0.080
0.542
8.528
0.188
0.065
1.242
1.080
0.080
0.364
0.048
0.816
0.388
0.070
0.113
2.433
0.774
1.971
1.110
0.000
0.000
0.000
0.000
0.000
0.000
0.000
0.000
0.000
0.020
0.000
0.000
0.043
0.013
0.041
0.060
0.841
0.000
0.000
0.377
0.000
1.100
5.505
5.049
16.669
2.953
5.124
0.024
0.017
0.000
0.000
1.155
0.000
0.117
0.003
0.052
2.483
0.075
0.870
0.527
0.442
0.000
0.000
0.000
0.000
0.000
0.000
0.000
0.025
1.946
0.296
0.000
0.000
0.081
0.001
0.000
0.013
3.503
0.004
0.000
1.075
0.116
0.000
0.167
0.000
0.000
0.000
0.000
0.000
0.000
0.000
0.000
0.000
0.000
0.000
0.000
0.000
0.596
0.164
0.000
0.003
0.000
0.000
0.020
0.002
0.000
0.000
0.000
0.000
0.000
0.004
0.000
0.000
0.000
0.000
0.000
3.212
1.615
1.395
0.557
0.000
0.000
0.000
0.000
0.000
0.006
3.127
2.453
0.247
0.000
2.122
0.153
0.000
0.000
0.000
0.000
0.000
0.000
0.000
0.000
0.000
0.000
0.000
0.000
0.505
0.002
0.000
0.000
0.000
1.036
0.989
0.442
0.391
0.560
0.000
0.000
0.061
3.261
0.108
0.000
0.000
0.000
0.000
0.000
0.000
0.000
0.000
0.000
0.224
0.975
0.381
0.000
0.000
0.000
0.000
0.000
0.000
0.000
1.428
9.661
9.476
0.271
0.372
0.001
0.001
0.000
0.000
0.285
0.935
0.000
0.000
0.000
0.000
0.000
0.000
0.000
0.000
0.000
0.003
0.007
0.168
0.000
0.000
0.000
0.000
0.000
0.088
1.814
0.007
0.000
0.000
0.075
0.553
1.731
0.028
0.000
0.000
0.251
7.109
0.000
0.000
0.000
0.000
0.000
0.000
0.000
0.000
0.000
0.000
0.036
0.972
3.285
0.180
8.020
24.004
24.425
2.238
3.140
20.252
23.900
1.824
0.008
4.260
10.364
0.997
0.000
0.000
5.128
1.151
0.262
5.031
0.931
0.034
0.000
0.000
0.000
0.000
0.000
0.209
5.337
0.000
0.000
0.000
0.000
0.000
0.632
0.000
0.000
0.000
0.000
0.031
1.217
0.095
1.399
0.841
0.587
0.050
0.648
0.000
0.959
14.001
0.260
0.000
0.151
2.589
0.453
2.767
0.002
0.118
13.820
3.337
1.471
0.508
2.548
0.201
9.524
38.081
29.760
10.787
2.538
52.540
15.841
0.001
0.640
0.057
0.007
1.219
0.000
0.000
0.204
2.522
0.149
2.170
0.000
0.045
0.723
0.000
0.000
0.000
0.000
0.022
1.883
1.332
0.024
7.809
24.230
8.378
2.222
2.124
0.982
1.285
0.301
0.000
0.025
1.946
15.032
0.670
0.170
0.148
8.592
0.000
0.028
0.000
0.997
2.712
7.767
6.396
0.201
1.811
1.183
1.581
1.575
0.024
3.702
0.000
0.044
0.000
2.929
15.945
19.795
4.510
1.477
0.000
0.000
0.350
0.034
0.000
0.000
0.083
0.622
0.007
0.000
2.471
0.061
0.000
3.636
3.655
0.000
0.000
0.000
0.000
0.000
0.000
0.000
0.000
0.002
3.117
0.979
0.027
0.000
1.837
0.302
3.306
0.376
2.957
0.013
0.172
0.002
0.000
0.000
0.000
0.000
0.000
0.225
0.263
0.262
0.139
0.145
0.000
0.000
0.000
0.000
0.000
0.000
0.000
0.000
1.259
11.951
3.419
0.288
0.000
0.184
0.000
0.225
0.074
0.092
0.000
0.000
0.000
0.000
0.003
0.008
0.000
0.000
0.254
0.000
0.000
9.265
0.987
0.079
0.000
0.018
0.000
1.811
0.532
0.738
0.420
0.146
0.000
0.018
0.021
0.041
0.052
0.000
0.106
0.047
0.166
0.018
0.000
0.000
0.003
0.000
3.518
0.000
0.000
0.057
0.000
0.000
0.000
0.000
0.000
0.000
0.000
0.227
12.434
1.482
0.292
0.000
0.000
0.000
0.000
0.021
0.492
0.084
0.044
0.230
2.379
2.424
0.000
0.101
0.000
0.000
0.000
10.382
0.000
0.000
0.000
0.000
0.000
0.000
1.022
0.004
0.000
0.000
0.000
0.000
0.000
0.000
0.002
0.002
0.000
0.000
0.003
0.239
0.000
0.026
0.002
0.000
0.000
0.000
0.000
0.001
0.000
0.000
0.000
0.000
0.000
0.000
0.000
0.106
5.850
4.753
0.024
4.856
5.418
2.795
0.239
0.000
0.000
0.000
0.000
0.011
0.113
0.035
0.000
0.000
0.878
14.478
1.678
0.000
0.229
3.778
0.010
0.000
0.000
0.228
3.127
0.186
0.000
0.009
0.006
0.000
0.620
0.006
0.000
0.000
0.000
0.000
0.000
0.000
0.036
0.000
0.000
0.000
0.000
0.000
0.000
0.000
0.000
0.000
0.000
0.000
0.000
0.000
0.000
0.000
0.000
0.000
0.047
0.000
0.656
7.941
6.418
0.370
0.116
1.332
7.582
0.091
1.195
1.194
0.000
0.000
0.152
0.163
3.793
4.710
0.084
0.000
0.000
0.000
3.632
0.000
0.000
0.000
0.000
0.156
0.026
1.893
0.000
0.000
0.001
0.099
1.396
1.357
0.010
0.010
0.244
10.670
10.821
2.526
2.338
0.000
4.914
21.764
1.639
6.922
0.465
0.000
0.078
0.188
0.000
0.595
4.187
0.000
0.000
0.004
0.084
0.000
0.000
0.000
0.270
15.785
0.818
0.000
1.158
0.000
0.166
17.018
0.513
0.000
0.000
0.000
0.000
0.084
1.933
1.470
0.040
0.208
9.384
0.169
0.036
0.000
0.011
2.400
0.000
5.712
3.101
43.296
0.173
6.772
9.131
0.006
10.197
18.808
0.001
0.000
0.356
12.810
37.373
23.436
0.012
0.484
1.665
0.630
0.030
0.000
1.175
7.455
11.837
0.000
0.000
0.103
0.480
0.001
0.135
0.000
0.019
11.479
0.488
3.613
0.004
0.000
0.000
0.000
0.000
0.000
0.000
0.000
0.150
0.003
0.000
0.000
11.483
5.936
2.605
57.438
7.841
1.206
2.129
0.032
0.134
0.000
3.613
0.000
0.154
7.212
0.002
0.000
0.000
0.160
0.000
0.000
0.000
0.000
0.000
0.000
0.000
0.000
0.000
0.000
0.000
0.000
0.840
1.063
1.002
0.495
0.201
5.587
0.000
3.885
0.108
0.000
0.000
0.349
3.027
0.000
0.000
0.068
0.000
0.000
0.000
0.000
0.000
0.000
0.000
0.016
3.032
0.054
0.239
6.174
2.303
0.000
0.670
15.492
7.400
0.012
4.736
0.015
0.805
0.034
0.193
0.000
0.173
0.516
11.290
0.820
0.001
0.000
0.000
0.000
0.000
0.000
0.000
0.000
0.000
0.397
0.002
0.000
0.000
0.126
2.244
4.980
0.303
1.672
1.460
0.571
0.013
0.061
0.059
0.012
2.397
0.021
0.001
0.263
11.289
0.037
0.000
0.104
0.026
1.189
0.045
3.074
0.000
0.000
0.000
12.551
8.493
0.603
0.005
1.862
0.643
0.000
0.007
0.057
0.770
0.057
4.643
0.468
0.663
0.016
0.000
0.000
0.000
2.290
0.167
0.000
0.000
0.000
0.000
0.000
0.000
0.047
0.014
0.000
0.000
0.000
0.336
0.537
0.002
0.000
0.000
0.000
0.999
0.000
0.000
0.000
0.000
0.000
0.000
0.000
0.077
0.000
0.000
0.023
0.174
0.018
0.000
1.502
0.000
0.000
0.295
5.678
0.000
0.015
0.000
1.441
0.000
0.000
0.000
0.027
3.071
0.903
0.434
1.055
0.000
0.000
0.000
0.011
0.000
0.000
0.000
0.023
0.067
0.000
0.027
0.695
0.761
11.061
0.000
0.047
4.901
8.991
13.147
0.002
0.000
0.005
4.278
0.053
0.000
1.668
0.000
0.000
0.000
0.000
0.000
1.274
0.000
0.000
0.000
0.000
0.000
0.000
0.000
0.647
1.114
1.501
0.000
0.121
3.960
0.332
0.000
0.000
0.022
8.491
1.569
0.373
8.749
2.326
0.000
0.000
0.249
0.000
0.000
0.000
0.000
0.009
6.160
1.574
5.660
0.000
0.256
5.193
2.968
18.814
3.336
0.025
2.223
9.809
8.112
0.685
0.000
0.000
0.000
0.001
0.265
0.456
2.037
5.475
2.983
0.000
0.000
7.387
15.558
11.538
0.000
0.000
0.000
1.140
0.026
0.000
6.087
33.074
0.480
0.482
6.830
6.584
0.409
0.000
0.143
5.790
0.000
1.542
18.562
0.000
0.024
8.205
0.000
0.000
2.147
0.048
0.000
0.067
0.843
0.000
0.000
0.869
2.770
0.038
6.303
0.011
0.000
0.000
0.000
0.000
0.095
0.000
0.160
0.220
4.328
2.934
0.140
1.151
0.000
0.780
10.829
0.058
0.971
0.002
0.000
0.000
0.000
0.000
1.385
2.402
1.433
0.003
0.000
0.000
0.014
2.411
2.131
0.174
14.359
0.003
0.000
0.019
6.005
5.640
14.526
9.884
2.909
30.590
0.377
0.000
3.657
21.958
0.282
0.000
0.017
0.000
0.017
0.000
6.095
7.203
0.000
0.000
0.271
0.000
0.000
0.000
1.187
2.946
18.903
13.679
0.000
0.000
0.000
0.000
0.000
0.000
0.000
0.000
0.015
13.590
0.000
0.000
4.777
2.737
0.000
0.000
0.038
5.358
0.000
0.000
0.000
0.000
0.000
0.021
0.000
0.000
0.000
0.000
0.000
0.000
0.000
0.000
0.000
0.004
0.000
0.000
5.812
0.467
0.000
0.031
0.627
0.004
0.555
2.195
0.067
0.908
3.306
2.233
1.007
0.000
0.000
0.249
0.039
0.956
0.410
1.517
0.084
0.000
0.058
0.024
2.953
0.000
0.021
0.000
0.000
3.803
0.152
0.000
0.000
0.000
0.072
0.000
1.163
0.167
0.118
0.000
0.002
0.044
0.013
0.035
0.000
0.000
0.141
0.221
0.000
0.143
0.561
0.001
0.000
0.000
0.000
0.072
0.006
0.524
0.441
2.426
1.359
0.452
0.001
0.366
0.029
0.014
0.001
0.001
1.542
0.000
0.000
0.000
0.000
0.000
2.076
0.984
0.000
0.000
0.000
0.235
1.206
0.021
0.000
0.000
0.264
0.966
1.475
1.333
0.000
0.000
1.664
0.041
0.025
0.029
0.750
2.465
0.000
0.030
0.000
0.000
0.000
0.000
0.000
0.026
0.000
0.397
0.044
0.000
0.000
0.000
7.025
0.114
0.094
0.056
0.000
0.000
0.000
1.703
0.800
0.000
0.826
0.045
0.000
0.033
0.000
0.000
1.526
0.000
0.000
0.000
0.954
0.730
0.000
0.024
13.596
0.398
3.146
2.742
17.228
1.487
0.050
0.225
0.000
0.001
0.001
0.012
0.001
0.000
0.000
0.000
1.733
0.000
0.000
0.172
5.070
1.534
0.000
0.000
0.000
0.134
0.000
0.000
0.520
0.000
0.001
0.000
0.000
0.300
0.956
0.063
0.000
0.000
0.000
0.000
0.000
0.000
4.048
0.348
0.723
10.546
3.474
8.435
5.257
5.748
0.649
0.000
0.000
0.439
0.000
0.000
0.000
0.002
0.000
0.049
0.000
0.266
0.000
6.197
0.376
2.076
2.328
1.453
0.000
0.077
0.099
1.555
7.016
0.000
0.032
0.779
0.760
0.000
0.000
0.000
0.000
0.001
3.307
33.185
3.222
9.638
2.211
1.211
2.743
4.122
0.500
4.751
2.268
0.000
0.739
0.071
2.288
8.689
6.475
1.763
22.918
3.650
4.189
0.655
0.000
0.000
0.139
0.528
1.094
2.486
0.289
0.000
0.017
0.004
0.000
0.009
0.000
0.860
25.994
0.198
0.000
0.278
2.769
0.000
0.000
0.000
0.688
2.931
0.298
0.749
0.448
2.762
0.888
1.335
0.016
0.000
0.058
4.404
0.054
1.078
0.000
0.000
0.000
0.000
0.523
3.302
0.000
0.000
0.000
0.000
0.000
0.000
0.034
2.268
0.000
0.010
0.000
0.000
0.000
3.652
2.636
0.000
0.014
0.000
5.249
1.757
2.462
14.588
0.042
0.000
0.000
0.061
1.301
0.000
0.000
0.479
0.544
0.000
14.313
2.435
0.000
0.000
0.000
0.074
2.931
0.038
6.835
0.241
0.004
0.000
0.965
6.360
0.000
2.804
1.667
2.156
0.034
0.000
0.000
0.000
0.000
0.341
0.101
2.119
0.000
45.395
0.898
0.000
0.202
0.000
0.000
0.000
0.000
0.395
0.808
0.120
0.050
1.312
0.000
22.344
14.855
1.434
0.168
0.285
0.000
0.000
0.000
0.000
0.856
0.925
0.000
0.000
0.000
0.000
0.000
0.000
0.000
0.000
0.000
0.000
0.000
0.000
0.401
0.218
0.000
0.000
0.000
0.000
0.001
0.353
0.000
0.000
0.000
1.258
1.108
0.032
0.000
0.031
0.000
0.000
0.846
1.761
0.000
0.000
0.000
0.000
0.000
0.000
0.000
0.000
0.000
0.000
0.000
0.000
0.491
1.464
0.198
0.163
0.006
0.000
0.000
0.000
0.278
12.865
3.374
1.705
0.071
0.298
0.401
0.035
0.074
0.440
0.826
0.009
0.111
0.878
0.007
0.071
0.000
0.000
0.000
0.000
0.853
0.183
0.065
2.434
0.090
0.007
3.297
0.006
0.410
0.000
0.000
0.000
0.000
0.003
0.655
0.227
0.000
0.000
0.869
1.134
0.318
0.000
0.000
0.095
0.297
0.000
0.000
0.000
0.000
0.000
0.000
0.000
0.000
0.000
0.000
0.002
2.318
6.091
0.000
0.000
0.000
0.153
7.128
0.036
0.134
0.000
2.546
4.420
0.000
0.003
0.005
0.002
0.145
1.937
0.000
0.017
0.332
3.480
0.000
0.247
0.199
0.001
0.000
0.000
0.000
0.000
0.000
0.000
0.006
0.000
0.000
0.000
0.197
0.505
13.033
2.131
0.212
0.000
0.001
0.000
0.000
0.000
0.361
0.000
0.000
0.000
0.863
0.000
0.000
0.000
0.018
0.073
0.000
0.000
0.082
0.938
9.420
11.086
4.733
0.000
0.000
0.000
0.000
0.184
3.908
0.937
0.000
0.000
0.288
1.409
4.068
3.004
31.205
2.678
0.614
1.729
14.135
2.429
10.341
2.248
0.459
0.072
0.000
0.000
0.376
2.450
0.039
0.000
0.516
0.000
0.000
0.000
0.000
0.000
0.190
12.757
18.077
0.559
0.024
0.495
1.177
5.226
1.220
5.728
0.422
2.062
0.165
0.000
0.000
0.000
0.000
0.003
1.010
21.702
0.000
1.085
0.179
8.353
1.524
0.191
0.024
1.023
0.127
12.125
4.496
0.428
0.000
0.136
0.015
0.000
1.856
0.455
20.765
2.707
27.670
2.986
10.922
9.093
0.822
2.521
0.339
2.363
0.004
0.013
0.000
2.298
8.656
0.000
0.001
0.000
0.000
0.279
4.753
4.235
6.549
5.470
0.000
0.077
0.302
0.465
1.806
1.021
0.944
0.055
1.413
0.000
0.000
15.296
11.152
0.404
0.000
0.000
0.000
0.000
0.000
0.003
0.706
0.278
0.000
0.087
8.656
9.553
0.000
0.000
0.000
0.000
0.000
0.385
2.454
9.854
0.000
0.000
0.218
1.493
0.318
0.000
0.000
0.897
11.251
0.000
0.643
0.101
13.053
7.064
25.319
2.043
0.029
0.005
0.021
15.946
6.720
14.662
1.646
7.307
1.253
0.000
0.000
0.479
1.547
0.166
5.775
0.954
0.000
0.000
0.110
2.523
0.017
0.650
0.395
0.248
0.761
2.230
0.090
0.000
0.000
0.000
0.000
0.000
0.193
5.676
0.468
0.014
0.000
0.000
0.000
0.000
4.076
0.000
0.003
0.485
0.021
0.000
0.000
0.357
16.463
0.066
0.000
3.556
10.273
5.368
0.089
0.484
1.042
0.000
0.000
0.000
2.278
0.445
0.433
0.000
0.186
0.004
0.000
0.000
7.246
0.657
0.000
0.000
0.000
0.000
0.000
0.000
0.108
1.269
0.050
0.000
2.645
0.020
0.060
1.894
0.380
4.313
1.934
0.559
0.196
0.854
0.000
0.000
0.000
0.000
2.571
0.000
0.229
1.673
0.000
0.000
0.465
0.000
0.000
0.000
0.000
0.000
0.000
0.000
0.000
0.000
0.017
0.000
0.000
0.000
0.000
0.000
0.041
0.093
0.000
7.357
1.412
0.020
0.000
0.000
0.000
0.006
0.000
0.000
0.587
0.000
0.358
0.017
0.000
0.000
0.195
0.010
0.025
0.238
0.968
0.000
0.045
0.000
0.000
0.000
0.000
0.000
0.000
0.000
0.000
0.000
0.000
0.000
0.366
0.020
0.011
0.440
0.011
2.646
0.261
0.837
1.050
3.823
4.317
0.098
0.898
0.009
2.515
0.823
0.000
0.000
0.000
0.000
0.000
0.000
0.000
0.117
0.900
7.194
9.667
3.075
1.468
0.000
2.447
0.086
1.923
0.616
0.000
0.000
0.000
0.000
0.000
0.000
0.000
0.000
0.000
0.000
0.000
0.000
0.000
0.115
0.812
0.000
0.179
0.000
0.000
0.000
0.000
0.097
0.007
1.096
0.000
0.081
1.498
4.235
0.000
0.256
0.002
0.120
0.000
0.000
0.031
11.088
6.614
7.215
3.547
0.383
0.005
0.027
0.201
0.000
0.000
0.041
0.158
0.000
0.096
0.000
0.067
0.000
0.000
0.000
0.000
0.000
0.159
7.644
2.356
0.002
0.060
1.303
1.189
3.325
0.027
0.000
0.010
0.000
2.253
8.010
0.055
0.865
0.024
0.018
0.000
0.000
0.000
0.000
0.000
0.046
0.044
3.991
0.000
1.494
0.706
0.007
0.000
0.000
0.000
0.000
0.000
0.001
0.534
12.035
27.154
22.557
6.435
3.639
0.005
1.049
0.826
3.132
3.001
0.552
0.012
0.000
0.000
0.000
65.264
2.096
21.239
1.132
0.000
0.341
0.106
1.201
7.576
2.128
0.160
0.224
0.068
0.527
8.514
1.711
0.183
0.204
3.858
2.810
1.403
0.003
1.375
0.000
0.827
0.263
0.073
1.023
0.037
0.000
0.000
2.472
0.552
0.516
0.186
0.000
0.166
14.489
5.655
1.161
8.101
0.121
2.287
0.326
0.000
0.000
0.071
4.846
6.455
0.004
2.988
20.770
9.166
2.735
13.638
2.563
0.881
0.000
1.206
0.811
19.393
2.198
0.295
14.043
0.376
0.441
9.796
1.389
14.816
14.573
1.170
1.785
0.000
0.011
0.166
0.005
0.000
1.101
16.806
2.676
0.019
0.000
0.393
0.000
0.000
0.000
0.000
0.306
0.000
0.007
0.000
0.000
0.000
0.000
0.000
0.000
0.000
0.000
0.000
0.000
0.415
0.004
0.000
0.002
0.116
0.738
0.027
2.322
0.000
0.000
0.008
1.075
0.018
0.000
0.000
0.000
0.000
0.000
0.000
0.000
0.000
0.000
0.000
0.000
7.070
6.576
3.332
0.099
0.000
0.012
0.000
1.245
2.684
0.000
0.000
0.306
0.189
0.051
3.043
0.000
0.000
0.007
5.109
0.006
0.000
0.000
0.000
0.000
0.000
0.000
0.011
0.000
0.000
0.267
1.185
0.052
0.119
0.000
0.014
0.000
0.000
0.000
0.002
0.000
0.000
0.100
6.595
1.169
0.635
0.039
0.006
4.710
0.055
0.006
0.190
2.217
0.116
2.535
0.509
0.013
0.446
3.238
1.127
4.216
0.000
0.000
0.804
3.003
0.053
0.271
0.000
0.001
0.000
0.000
0.165
5.044
3.810
0.711
0.187
0.000
0.000
0.000
0.029
0.000
0.093
1.425
1.584
0.268
0.171
2.118
0.068
1.835
0.023
0.000
0.264
0.092
0.085
0.000
0.000
0.000
0.000
0.000
0.000
0.000
0.000
0.000
0.107
0.001
0.000
0.000
0.000
0.000
0.000
0.001
0.000
0.340
1.089
0.089
0.000
0.000
0.010
0.000
0.077
0.023
0.000
0.000
0.000
0.000
0.000
0.460
0.337
0.000
5.703
0.822
0.018
0.000
0.000
0.000
2.126
0.000
0.000
0.000
0.224
0.022
0.000
0.009
0.000
0.000
0.000
0.000
0.000
0.000
1.464
7.300
0.000
0.000
0.000
0.000
0.000
0.000
0.565
4.440
6.449
0.350
2.692
2.119
0.000
0.000
0.000
0.000
0.067
0.648
0.000
0.000
0.000
0.000
0.536
28.010
6.480
0.214
0.130
3.900
4.802
4.825
1.147
8.771
0.560
0.000
0.051
0.002
0.695
2.644
5.634
0.057
0.000
0.000
0.005
0.209
0.010
0.000
0.000
0.000
0.002
0.036
0.805
0.543
3.500
29.319
0.965
2.112
6.898
2.623
0.004
8.923
5.874
0.873
0.000
0.000
0.000
0.000
5.731
3.053
8.462
16.600
1.395
0.000
0.000
6.832
10.823
0.944
11.434
5.304
0.070
0.000
0.125
0.020
0.020
5.784
22.972
4.701
3.260
0.648
0.421
0.000
1.241
0.205
4.582
0.000
38.119
2.262
2.535
1.977
1.779
3.445
0.099
1.827
0.021
0.326
1.488
1.567
58.645
11.978
0.165
0.761
0.004
0.000
0.040
1.198
0.585
10.437
17.123
0.497
8.420
1.043
0.000
0.016
0.006
0.499
6.303
0.947
6.733
3.766
0.000
0.149
25.467
0.000
0.009
1.598
0.000
3.294
4.670
0.195
0.000
1.313
0.036
0.060
0.000
0.642
10.619
2.289
0.000
1.179
17.270
0.000
0.141
23.502
0.000
0.279
8.458
1.261
1.132
0.225
0.574
0.031
0.198
8.920
0.366
0.000
0.028
1.335
13.026
1.029
0.000
0.000
0.000
0.045
2.937
1.617
3.943
0.214
0.000
0.000
0.485
0.960
2.711
1.616
0.009
0.032
0.284
0.012
0.193
0.000
0.059
0.016
1.178
0.040
0.000
0.000
0.000
0.000
0.000
0.054
0.803
0.303
0.676
0.266
2.786
4.576
0.000
0.000
0.022
0.030
0.041
0.186
2.520
1.010
0.131
0.000
0.000
0.000
0.000
0.847
9.912
0.564
0.000
0.017
0.187
0.000
0.082
0.000
4.467
0.453
0.083
0.000
0.000
0.000
0.050
0.000
0.000
0.367
6.539
1.357
1.282
2.687
5.750
0.000
0.603
0.000
0.063
2.260
0.507
0.000
0.000
4.607
0.000
0.000
0.000
5.247
0.000
0.000
0.000
0.035
0.000
0.009
0.000
3.812
0.000
0.965
0.148
1.541
0.144
0.000
0.146
0.000
0.016
0.331
1.110
0.029
0.026
3.163
0.269
0.062
0.969
0.000
5.078
3.555
0.005
0.022
0.323
0.562
1.709
0.089
0.000
0.000
3.154
1.664
0.005
0.000
0.000
0.000
0.000
0.000
0.000
0.000
0.000
0.002
0.654
0.000
0.000
0.000
0.000
0.006
0.028
0.000
0.000
0.042
0.004
0.157
2.112
0.692
1.698
5.562
0.000
0.005
0.000
0.000
0.000
0.000
0.006
0.055
0.000
0.000
0.000
0.294
2.557
0.043
0.000
0.011
0.009
0.505
0.017
0.000
0.000
0.000
0.315
0.047
0.000
0.320
0.000
0.000
0.000
0.000
0.000
0.000
0.000
1.113
0.000
0.709
4.469
0.000
0.388
10.154
0.054
0.849
1.080
0.621
0.080
0.000
0.000
0.000
0.000
0.001
0.005
0.000
0.000
0.000
0.400
2.898
0.015
0.000
0.000
0.000
0.000
11.802
3.205
0.000
0.000
0.000
0.000
0.000
0.000
0.000
0.001
0.502
15.534
8.883
0.000
15.169
0.006
0.000
0.000
0.145
1.273
0.000
0.000
0.000
0.071
0.000
0.311
0.176
0.036
1.585
10.142
1.038
0.000
0.227
0.000
0.000
0.000
0.000
0.228
0.967
8.817
2.423
2.508
0.000
0.000
10.175
0.027
0.472
0.010
0.000
0.000
0.006
11.568
1.974
0.901
0.000
1.546
3.257
2.573
5.303
0.253
32.426
0.893
5.899
33.603
0.397
0.000
45.713
0.000
2.833
3.732
0.012
5.373
14.886
0.000
10.832
3.673
0.004
2.847
0.000
0.013
0.251
4.132
1.265
0.975
27.769
14.249
0.111
2.301
0.029
0.385
12.456
2.572
0.694
0.180
0.045
21.152
7.474
8.513
5.351
3.531
0.133
0.296
0.464
0.284
0.000
0.067
0.132
9.292
1.125
0.000
1.222
1.318
0.000
0.000
1.982
1.852
0.000
0.000
0.000
0.001
7.982
0.001
0.000
0.000
0.000
0.035
9.072
0.840
0.000
0.065
5.123
8.813
1.803
9.779
0.634
0.968
0.333
8.328
3.445
1.747
0.077
1.144
3.792
4.903
0.376
0.000
0.000
0.000
0.000
0.680
20.828
20.675
4.874
13.652
4.725
2.232
0.000
0.009
0.002
2.729
1.924
0.513
0.000
0.000
0.000
0.090
0.255
0.040
0.000
0.019
0.002
8.093
4.847
0.115
0.108
7.448
3.838
0.850
0.457
0.000
0.000
0.000
0.000
1.098
15.369
5.512
17.123
6.944
1.862
0.000
0.776
2.310
2.679
1.041
0.067
0.000
0.000
0.033
0.000
0.000
0.000
0.045
0.000
0.002
0.000
0.000
0.189
0.000
0.000
0.000
0.000
0.000
4.661
3.730
0.000
0.000
0.000
6.684
1.474
1.256
11.755
0.037
0.000
0.000
0.000
0.053
0.098
4.922
0.011
0.000
0.000
0.005
0.000
0.002
0.886
0.000
0.000
0.595
2.265
0.002
0.002
0.140
0.009
0.000
0.701
1.631
0.000
0.000
0.000
0.000
0.000
0.000
0.000
0.000
0.000
0.000
0.057
0.008
0.000
0.945
0.060
0.000
0.011
0.061
0.000
0.000
0.000
0.000
0.000
0.000
0.046
1.068
0.098
9.229
1.040
0.000
0.000
2.361
7.106
0.000
0.066
0.155
0.001
0.020
0.000
0.000
0.000
0.000
0.038
0.100
0.000
0.000
0.000
0.000
0.000
0.000
0.002
0.000
0.285
0.003
1.452
5.273
0.000
0.000
0.000
0.006
8.716
0.000
0.560
0.060
0.000
0.195
0.083
0.019
0.000
0.000
0.596
3.102
0.438
0.000
0.000
0.000
0.000
0.042
4.367
2.587
1.652
0.000
0.177
0.000
0.000
0.000
0.921
0.000
0.000
0.000
0.021
0.071
0.247
2.127
0.012
0.000
0.000
0.000
0.087
3.187
13.063
5.436
0.012
0.000
0.000
0.090
0.000
0.066
0.802
0.569
2.036
0.000
0.000
0.000
0.000
0.789
8.490
4.810
0.000
0.000
0.920
0.573
0.031
0.653
0.000
0.000
0.000
1.324
2.309
0.021
0.007
0.259
0.827
0.000
0.000
0.000
0.042
2.037
0.613
2.989
0.057
1.967
0.288
14.671
9.950
0.371
0.000
0.128
8.140
0.072
1.434
0.001
0.000
0.029
3.759
0.000
0.000
0.005
0.005
6.262
0.045
0.119
2.264
0.077
0.000
0.000
0.000
0.267
0.000
0.000
0.009
0.495
6.912
6.207
0.391
0.739
0.315
0.000
0.000
0.000
0.000
0.000
0.000
0.000
0.000
0.000
0.003
0.667
3.736
0.081
0.084
2.512
1.931
2.352
6.956
1.244
1.638
0.591
9.948
13.156
41.525
31.019
0.757
4.998
0.496
8.282
0.000
12.160
28.731
8.285
0.084
0.080
14.075
5.238
3.832
7.551
0.269
4.478
0.030
0.177
0.000
0.000
0.000
0.051
0.000
0.000
0.787
0.000
0.000
0.000
0.000
0.022
0.045
1.247
1.904
0.132
0.000
0.039
0.000
3.219
3.525
0.000
0.000
0.000
0.360
28.099
0.780
0.110
0.088
0.745
12.822
31.529
4.537
0.055
7.566
0.002
0.310
0.207
0.370
0.000
0.000
0.092
4.953
5.765
3.958
0.285
0.056
0.034
0.000
0.000
0.000
0.122
0.018
9.923
0.000
0.304
3.120
0.098
0.059
2.115
0.036
0.014
0.000
0.000
0.021
2.137
1.104
52.560
37.801
0.792
13.849
1.047
6.943
1.445
0.243
0.000
4.217
2.848
0.000
0.003
0.246
4.236
0.144
0.098
0.000
0.011
6.075
4.810
1.028
2.794
1.198
6.160
0.743
0.021
1.033
4.269
2.442
0.585
1.022
0.810
4.128
3.985
0.462
0.073
0.001
0.024
0.000
1.537
4.191
0.012
0.000
0.050
1.087
0.040
0.238
1.633
0.000
0.284
0.117
0.963
0.000
0.000
0.073
3.151
8.886
0.181
0.000
0.000
4.229
0.003
1.155
0.261
0.332
3.704
0.151
0.000
3.211
6.539
0.016
0.007
0.121
2.010
12.460
0.169
0.036
0.000
0.028
0.153
0.000
0.000
0.052
0.000
0.000
0.005
0.000
0.896
0.000
0.000
0.000
0.053
1.155
1.209
0.000
0.000
0.000
0.035
0.000
0.000
1.070
0.000
2.607
0.000
0.000
0.000
0.105
2.506
1.916
15.078
4.904
0.000
0.158
0.006
0.000
0.000
0.000
0.000
0.000
0.025
7.619
0.413
0.000
0.000
0.007
0.000
0.000
0.000
0.001
0.000
0.000
0.000
0.083
3.598
0.971
0.117
0.186
0.582
0.004
1.679
0.031
0.086
0.010
0.000
0.067
7.726
0.261
0.000
0.015
9.789
2.792
0.011
0.000
0.000
0.000
0.096
0.643
0.000
0.000
0.000
0.000
0.000
0.000
0.000
0.000
0.144
0.144
0.133
0.506
1.151
0.165
0.000
0.005
0.005
0.000
5.734
2.410
0.000
0.000
0.523
5.639
2.048
0.129
0.000
2.035
0.000
2.783
0.000
0.000
0.000
0.000
0.128
0.071
0.104
0.658
0.016
0.000
0.017
0.287
0.000
0.000
0.020
0.084
0.007
0.134
0.075
1.056
7.181
13.126
0.208
0.128
0.000
0.000
0.000
0.000
0.000
0.000
0.000
0.000
2.273
0.132
0.117
0.020
0.000
0.000
0.097
0.018
0.983
4.625
13.563
16.096
0.751
0.356
3.230
4.852
0.001
0.000
0.000
0.000
0.000
0.000
0.000
0.000
0.058
2.757
2.155
9.559
0.387
0.567
8.395
0.053
0.000
0.000
0.000
0.003
0.000
0.000
0.000
1.794
2.756
0.302
0.000
0.086
0.425
0.290
1.806
0.955
5.221
0.939
13.680
2.101
0.150
13.204
2.794
0.096
3.758
0.000
0.000
0.000
2.974
7.490
7.075
5.677
0.000
11.375
9.841
1.488
1.984
3.581
0.488
0.000
3.989
3.046
0.000
2.254
10.021
1.014
8.191
4.189
0.067
2.310
14.841
1.282
0.298
2.509
0.000
0.000
0.011
3.055
15.572
1.668
12.303
0.243
0.000
0.000
0.000
0.012
1.561
0.442
0.156
0.001
0.000
0.119
0.485
8.402
0.001
22.559
0.068
0.000
0.000
0.000
0.000
0.000
0.000
0.002
0.000
0.210
13.961
0.607
7.283
0.000
0.090
13.509
2.122
0.303
1.795
1.594
1.274
0.048
0.000
0.000
0.701
0.037
0.000
0.000
0.241
3.109
6.638
1.310
0.119
1.224
13.792
14.310
8.950
0.061
1.570
0.000
0.228
0.000
0.000
0.000
0.027
0.000
0.042
1.551
0.000
0.002
0.000
0.000
0.000
0.584
0.532
17.392
26.031
0.000
0.064
0.710
0.000
0.227
0.456
0.176
0.422
8.882
0.101
1.064
44.292
0.161
0.000
0.181
0.000
0.000
0.202
3.687
2.604
0.297
0.035
0.000
0.029
0.226
0.034
0.115
4.487
2.873
19.191
9.932
0.000
0.000
5.981
0.000
0.000
0.563
0.051
0.000
0.000
0.182
0.000
15.127
2.071
1.796
0.000
0.000
0.106
0.069
0.025
0.238
0.034
0.052
0.045
4.391
0.877
0.000
0.329
0.029
2.411
3.497
0.000
0.255
3.617
0.088
1.779
1.876
0.002
0.000
0.007
0.668
0.282
4.084
2.606
0.104
0.044
0.000
1.190
17.742
0.662
0.000
0.296
0.017
2.870
0.000
0.013
0.103
0.011
0.449
0.257
0.000
0.044
0.048
0.000
0.000
2.579
3.202
4.267
0.001
0.013
1.497
0.000
0.584
0.618
3.423
0.000
0.000
0.037
0.268
0.002
0.000
0.022
0.063
0.003
0.291
1.229
0.536
0.000
0.091
0.096
2.054
0.211
0.204
0.462
0.000
0.000
0.000
0.000
0.000
0.021
0.000
0.045
0.044
9.387
0.320
1.145
8.923
0.009
0.461
0.000
0.000
0.000
0.649
0.367
0.000
0.106
3.130
0.000
0.000
0.000
0.000
0.000
0.000
0.000
0.000
0.000
0.016
8.810
0.023
0.000
0.000
0.000
0.121
0.000
0.356
0.367
0.356
0.004
3.353
20.718
6.392
0.383
0.000
0.146
0.000
0.000
0.000
0.000
0.000
0.000
0.000
0.000
0.004
0.002
0.000
0.000
0.000
0.000
0.188
0.024
4.200
0.007
0.832
0.109
0.036
0.015
0.000
0.164
1.100
0.497
0.021
10.104
2.163
0.088
3.026
2.259
0.009
4.638
2.575
0.232
0.000
2.538
6.642
0.365
0.114
0.334
19.409
2.894
0.011
0.000
0.000
0.000
0.000
0.000
0.000
0.000
0.041
0.620
0.312
2.063
0.000
0.000
0.000
0.000
0.000
0.000
0.000
0.000
0.117
7.030
1.167
1.371
13.356
0.272
2.003
0.382
0.803
22.571
20.083
19.533
0.122
0.769
31.629
8.799
17.509
0.041
19.409
12.452
13.511
2.372
2.944
0.830
8.189
0.009
0.048
0.071
0.094
11.375
31.580
1.071
3.040
0.091
0.000
0.162
5.657
0.028
0.028
0.000
0.000
2.265
13.295
1.912
0.254
0.000
0.000
0.000
0.000
0.010
2.515
4.865
0.005
3.908
0.149
0.015
2.361
2.213
0.577
0.700
0.032
0.000
0.015
4.345
0.411
0.341
0.527
15.176
0.005
0.003
0.520
2.247
0.570
2.560
0.000
0.000
0.000
0.014
0.028
9.528
0.002
0.000
0.000
0.020
0.000
0.000
6.806
0.339
0.000
0.000
0.000
2.902
1.374
9.383
11.005
9.998
0.000
0.938
0.010
0.000
0.000
0.000
0.000
0.000
0.000
0.000
16.863
1.751
1.514
0.000
0.045
0.020
2.808
4.720
0.161
0.118
0.353
9.339
0.962
8.013
7.416
25.902
1.565
0.195
0.000
0.000
0.000
0.000
0.028
0.028
0.000
0.175
0.006
0.001
0.000
0.000
0.000
0.103
0.181
2.829
5.709
3.850
8.146
0.000
0.228
0.000
0.000
0.001
0.057
0.695
0.473
0.104
2.287
5.288
0.000
0.000
0.390
0.000
0.000
0.014
0.013
7.403
0.210
0.000
0.027
0.000
0.098
0.000
0.000
0.000
0.005
0.051
0.550
0.753
1.291
0.018
0.000
0.075
0.000
0.000
0.000
0.000
0.000
0.000
0.000
0.000
0.000
0.000
0.000
0.000
0.000
0.000
0.000
0.000
0.012
0.056
0.000
0.158
0.333
0.981
0.006
0.000
0.000
0.000
0.000
0.231
2.891
0.000
0.000
1.490
3.501
0.084
2.543
0.000
2.135
0.044
0.035
0.357
0.310
0.072
0.015
0.000
0.136
1.924
0.044
0.593
0.263
0.003
0.000
0.000
0.000
0.000
0.004
1.198
0.119
0.000
0.000
0.000
0.000
0.000
0.000
0.000
0.000
0.004
0.413
0.033
3.299
0.974
1.723
0.000
0.000
0.133
0.002
0.000
0.449
0.185
0.010
3.520
3.235
5.016
1.208
0.050
0.321
0.074
0.000
1.796
0.046
0.052
0.000
0.000
0.000
0.011
0.543
0.606
0.000
0.000
0.000
0.000
0.000
0.000
0.000
0.631
0.337
0.000
0.000
0.157
0.193
0.000
0.362
18.256
0.000
11.762
0.810
0.017
0.000
0.037
1.188
3.916
2.218
0.000
0.006
0.000
0.759
8.985
4.834
0.000
0.000
0.000
0.000
0.000
0.005
0.000
0.000
0.000
0.000
0.000
0.000
0.000
0.000
0.000
0.000
0.067
3.916
0.130
0.081
0.661
0.090
0.032
0.047
0.000
0.000
4.095
20.620
9.321
5.627
6.747
38.113
0.212
2.437
3.952
0.000
0.000
0.000
0.000
0.000
0.000
0.002
0.029
10.416
0.009
4.223
7.334
0.069
9.241
1.180
0.017
0.190
1.486
0.029
0.198
0.031
0.006
10.974
14.243
8.725
0.127
0.288
6.936
5.620
5.006
23.090
4.683
0.386
1.006
0.001
0.239
2.106
1.102
9.039
20.733
2.546
2.218
0.101
0.056
4.307
0.044
0.278
7.441
8.496
4.422
0.000
0.271
0.043
0.002
0.162
1.234
24.087
0.001
0.000
0.222
12.221
0.805
4.871
0.000
0.018
0.000
0.000
0.132
4.090
0.560
0.004
0.427
0.000
0.000
0.000
0.071
0.382
0.404
0.407
0.000
0.134
0.000
0.000
0.000
0.002
0.003
0.081
0.000
0.486
3.045
0.000
0.852
2.129
0.000
3.377
10.007
0.626
0.282
0.085
1.481
6.229
0.000
0.275
0.189
5.132
0.962
0.004
0.139
0.025
0.000
0.000
0.000
0.000
0.000
0.012
0.084
8.579
19.376
0.000
0.000
0.000
0.000
0.000
0.428
0.066
0.000
0.002
0.519
0.938
4.671
4.256
0.616
0.139
6.156
0.263
0.007
0.022
0.083
2.483
18.142
2.160
0.026
0.027
0.000
0.009
6.143
0.217
0.223
0.667
24.908
29.466
14.386
1.194
0.134
0.003
0.170
0.000
0.000
1.604
1.168
0.003
0.000
0.554
3.353
0.100
0.000
0.000
0.000
0.030
0.000
0.000
0.003
0.002
1.124
5.206
14.175
0.983
0.006
1.527
0.001
5.228
0.791
3.303
14.360
0.064
0.000
0.061
2.516
0.000
0.000
0.000
0.000
0.000
0.000
0.048
0.000
0.000
0.000
1.022
4.523
0.036
0.056
0.000
0.000
0.000
0.000
0.000
0.000
0.000
0.000
0.000
0.107
8.260
0.124
0.578
0.709
0.148
0.000
0.029
0.197
0.200
2.477
1.212
0.484
0.001
0.329
0.000
1.861
1.193
0.625
0.000
0.222
0.000
0.000
0.005
0.233
1.229
1.485
0.044
3.353
0.000
0.153
0.000
5.327
0.460
0.000
0.000
2.922
0.000
0.056
0.797
0.000
4.016
0.587
0.020
0.032
0.020
0.005
1.643
0.005
1.040
0.012
0.006
0.000
0.000
0.000
0.095
0.513
0.232
0.000
0.000
0.000
5.294
0.165
0.000
0.000
0.000
0.000
0.011
0.000
0.808
0.021
0.000
0.271
3.159
0.321
0.000
0.000
0.124
0.186
0.002
0.263
1.511
6.421
0.150
0.000
0.000
0.000
0.000
0.000
0.000
0.404
1.887
0.000
0.000
0.000
0.000
0.000
0.000
0.000
0.000
0.268
14.283
8.733
0.970
0.072
0.598
8.052
0.167
17.908
6.513
7.402
4.190
0.000
0.000
0.000
0.323
0.000
0.000
1.142
0.690
2.313
0.509
0.289
1.070
0.009
0.809
0.000
0.000
0.000
0.000
0.000
0.000
0.000
0.000
0.000
0.000
0.104
0.102
4.293
16.182
8.639
15.368
2.177
0.117
32.747
16.222
11.201
18.440
1.262
1.095
2.493
4.591
0.000
0.269
2.460
2.942
0.522
4.515
2.471
0.000
0.000
0.655
0.000
0.000
0.191
6.268
1.637
0.042
0.000
1.025
34.416
9.114
11.135
0.507
1.812
23.815
0.005
0.000
0.000
0.000
0.000
0.636
0.000
0.000
0.099
0.356
0.036
1.594
16.594
1.456
1.086
2.795
4.531
2.540
5.075
6.807
0.530
1.102
1.019
10.999
54.529
5.508
0.000
6.869
28.131
1.923
0.043
1.092
6.180
0.138
1.086
24.287
0.002
0.015
0.000
0.000
0.001
0.127
4.276
0.001
0.824
35.512
0.119
6.684
2.977
0.000
0.000
0.000
0.061
10.838
0.065
0.003
0.488
2.686
0.003
12.955
7.359
9.724
13.790
37.579
0.000
0.019
1.164
0.081
6.159
0.000
0.000
0.000
0.410
14.126
4.368
0.000
0.000
0.000
0.000
0.000
0.240
4.731
0.672
6.873
19.999
23.818
6.040
0.080
2.329
1.373
5.186
2.230
0.297
4.265
7.824
5.725
0.614
0.000
0.000
0.021
0.073
0.564
0.054
0.000
0.000
0.000
1.735
8.041
6.186
0.000
0.000
0.000
0.103
0.027
0.000
0.000
0.031
0.000
1.163
15.115
0.316
0.000
0.000
0.000
0.000
0.123
0.454
1.266
0.592
2.089
3.619
0.620
0.000
0.626
0.020
0.000
0.000
0.000
0.000
0.000
0.002
0.668
0.000
0.080
0.125
0.000
0.000
0.000
0.000
0.000
0.000
0.000
0.000
0.000
0.000
0.000
0.000
0.000
0.000
0.000
0.000
0.176
0.000
0.020
0.049
0.003
0.000
0.000
0.010
0.000
0.000
0.000
0.000
0.000
0.000
0.001
0.008
0.016
0.002
0.000
0.000
0.000
0.000
0.001
0.120
0.000
0.003
0.633
0.001
0.000
0.000
0.527
0.526
0.000
0.002
0.250
0.241
0.002
0.054
2.354
0.094
0.000
0.113
0.460
0.000
0.000
0.001
1.077
0.322
1.394
0.000
0.002
0.000
0.808
0.064
0.000
0.005
0.028
0.003
0.000
0.014
0.206
0.214
0.000
0.000
0.588
0.856
0.268
0.001
0.000
0.000
0.000
0.000
0.000
0.000
0.000
0.028
0.909
0.683
0.141
0.000
0.000
0.000
0.000
0.173
0.186
0.266
0.313
0.460
0.410
2.445
0.343
0.494
0.029
0.066
0.129
0.047
0.036
1.112
0.890
5.733
0.108
0.282
0.042
0.000
0.000
0.000
0.000
0.000
0.566
2.143
2.116
10.169
1.758
0.000
0.000
0.000
0.237
1.653
0.000
0.000
0.000
0.000
0.000
0.002
0.000
0.039
5.898
6.598
0.014
1.305
0.000
0.000
0.000
0.053
0.105
0.128
8.790
0.238
1.166
9.223
0.000
0.000
0.025
0.321
2.338
0.279
0.099
1.387
2.461
0.004
0.018
0.000
0.000
0.107
0.000
0.000
0.000
0.000
0.000
0.046
0.087
1.361
0.000
0.550
3.866
0.000
0.065
0.000
0.000
0.027
1.232
23.070
0.889
0.011
1.425
7.287
4.578
1.713
0.356
0.538
0.000
0.000
0.000
0.199
4.128
5.260
1.286
2.005
1.586
0.186
0.078
4.240
0.075
11.552
0.041
3.327
3.188
1.220
1.420
0.035
0.006
0.000
0.001
3.068
0.475
0.506
1.053
0.737
16.905
7.854
10.440
2.264
9.214
7.323
28.860
6.300
9.125
1.148
0.045
0.603
3.909
0.282
0.087
1.344
0.067
0.206
2.272
0.427
0.027
2.826
0.000
1.536
13.247
1.961
0.250
0.402
1.949
0.000
0.005
0.000
0.133
0.000
0.069
0.108
2.654
0.000
0.000
0.060
0.000
1.197
25.724
0.123
0.053
0.000
0.000
0.000
3.179
0.000
0.002
0.025
0.463
15.641
2.140
0.515
8.108
0.056
0.000
8.558
3.130
8.157
41.531
2.712
4.742
0.053
0.558
2.113
5.516
0.173
0.070
0.000
0.026
0.364
0.000
0.240
2.699
0.255
31.682
0.080
0.659
8.969
0.970
1.055
4.047
8.417
0.174
0.142
0.355
0.003
0.005
0.000
0.001
0.021
0.000
0.000
0.078
7.330
1.371
2.548
4.293
17.748
0.000
0.268
0.027
0.045
0.207
0.000
0.000
0.548
3.298
0.245
0.094
2.621
1.805
0.102
0.002
0.005
0.000
0.119
0.000
0.470
33.316
4.525
7.105
0.001
0.000
0.000
0.000
0.000
0.000
0.000
0.000
5.711
3.880
7.869
0.008
0.169
1.253
1.029
27.953
13.192
1.252
0.000
0.092
8.649
18.322
6.204
0.073
0.000
0.005
3.527
5.888
0.648
0.000
0.107
0.308
0.757
1.915
3.675
0.475
0.000
0.000
0.000
0.011
0.011
0.314
0.863
3.338
0.065
0.000
0.000
0.043
0.061
0.101
0.810
1.647
0.429
0.038
0.700
0.264
0.083
0.001
0.140
0.000
1.612
0.456
3.737
0.957
0.354
1.733
0.003
0.025
0.000
0.000
0.010
0.968
1.510
1.466
0.158
0.006
0.000
0.035
0.301
0.000
0.004
0.772
0.001
0.840
0.000
0.000
0.000
0.872
0.145
0.020
2.055
0.854
0.408
1.093
0.010
0.000
0.000
0.000
0.231
0.000
0.000
0.226
0.016
0.000
0.000
1.220
2.381
0.006
0.000
0.372
0.009
0.046
0.024
0.056
2.120
3.854
0.000
0.048
2.002
0.000
0.000
0.000
0.000
0.000
0.000
0.000
0.000
0.007
0.568
0.000
2.854
10.918
5.912
0.000
0.000
0.000
0.000
0.000
0.000
0.000
0.000
0.001
0.144
0.001
0.029
0.018
0.655
2.141
0.220
0.000
0.061
0.000
0.000
0.023
0.055
0.000
0.001
0.000
0.000
0.011
0.000
0.011
0.027
0.378
0.109
0.639
0.191
0.953
0.001
0.031
0.678
3.125
19.149
7.085
9.008
0.717
1.712
19.004
0.018
1.671
0.437
2.941
0.000
0.000
0.000
0.077
0.319
2.088
22.524
0.373
0.364
0.000
0.000
0.161
0.333
7.673
1.208
4.339
0.005
0.000
0.273
2.892
7.021
1.448
0.009
2.541
0.000
0.121
0.880
1.636
0.491
1.508
0.002
0.013
0.691
2.567
25.135
15.954
23.336
7.794
0.493
7.941
1.517
1.712
0.065
0.000
0.097
5.836
11.000
0.078
1.000
0.000
0.050
1.476
0.590
1.909
0.275
0.626
4.808
4.176
18.646
7.620
0.374
0.044
1.725
4.611
2.510
1.807
0.010
0.000
0.052
0.061
0.023
0.004
0.000
0.052
0.003
0.056
0.777
2.203
1.018
0.100
1.400
1.277
0.002
0.200
0.000
0.000
0.000
0.067
1.461
1.282
6.218
1.385
9.978
20.245
1.606
2.491
0.943
0.794
0.000
0.000
0.016
0.608
6.342
0.480
0.658
9.039
3.393
0.000
0.000
0.000
0.000
0.017
0.139
8.646
30.838
0.000
0.042
0.500
0.052
0.072
11.880
10.300
0.091
11.006
0.139
0.013
0.000
0.000
0.000
0.000
0.000
0.139
1.040
0.000
0.491
2.754
0.133
0.505
0.178
0.000
0.000
0.000
0.164
10.573
12.826
0.898
10.009
0.054
0.000
0.000
0.027
0.119
0.002
0.054
0.011
0.017
0.328
1.600
3.459
8.556
1.454
0.000
0.000
0.000
0.000
0.000
0.045
0.000
0.000
0.000
0.000
0.033
0.000
0.004
0.081
3.254
21.204
17.587
0.568
4.731
1.835
5.014
0.623
0.049
0.114
0.000
0.000
0.018
0.981
4.238
10.420
7.577
1.802
0.000
0.178
0.033
0.003
0.938
0.003
0.000
0.000
0.000
0.000
0.070
0.118
2.676
0.000
0.000
0.021
0.000
0.023
0.000
0.004
0.360
0.000
0.000
0.238
0.000
0.000
0.000
0.000
1.731
9.089
8.337
4.646
3.870
3.190
0.282
0.285
0.000
0.563
0.220
2.838
3.432
0.000
0.000
0.007
0.005
0.000
0.000
0.000
0.000
0.000
0.003
0.000
0.000
0.000
0.000
0.000
0.399
4.465
1.413
0.005
0.587
0.243
0.387
0.416
0.062
0.292
0.033
0.000
0.000
0.000
0.000
0.033
0.000
0.226
0.056
0.019
0.000
0.000
0.000
0.003
0.279
0.015
0.117
0.138
0.292
0.182
0.325
0.295
0.003
0.000
0.387
0.000
0.002
0.142
1.414
1.095
0.081
0.001
0.013
0.000
0.000
0.000
0.012
0.000
0.059
0.000
0.000
0.017
0.508
0.027
0.000
0.115
0.226
0.000
0.000
0.008
0.835
0.000
0.000
0.000
0.064
0.179
0.839
0.045
0.020
0.000
0.001
0.000
0.154
0.002
0.118
0.001
6.924
5.083
1.674
0.649
0.000
0.027
0.000
0.236
0.000
0.000
0.033
0.421
0.271
1.467
0.000
0.000
0.000
0.000
0.000
0.091
0.768
0.589
0.021
0.762
0.199
1.135
0.010
0.036
0.000
0.000
0.000
0.000
0.000
0.989
1.853
0.000
0.398
1.659
0.121
0.000
7.221
6.010
3.067
0.041
0.000
0.740
0.071
1.322
0.840
0.007
1.164
2.643
1.595
0.702
0.000
0.062
0.005
2.034
1.210
1.298
0.292
5.107
16.508
1.206
0.117
3.074
1.633
0.007
0.010
0.000
0.000
0.000
0.000
0.000
0.000
0.000
0.783
0.010
0.000
0.147
0.000
0.000
9.035
9.439
0.000
0.000
0.000
1.162
0.004
0.000
0.008
1.252
2.587
8.570
15.036
6.242
0.454
1.195
2.429
4.825
0.000
0.180
0.000
11.552
11.609
0.030
0.927
91.682
14.616
2.126
0.555
0.002
0.026
0.604
2.920
0.018
0.000
0.020
0.000
0.000
0.009
0.245
39.903
0.000
21.191
3.364
0.000
0.000
0.000
0.000
0.000
0.000
3.251
0.000
0.141
9.824
9.400
0.000
0.808
14.554
2.203
2.599
9.258
0.857
0.000
0.095
16.696
1.012
0.000
0.713
0.000
0.003
0.517
0.002
0.026
14.420
0.989
15.309
0.490
0.331
6.247
7.405
17.196
0.443
0.013
0.000
0.019
0.000
0.276
0.001
0.000
0.000
0.735
0.007
27.194
0.058
8.354
5.241
4.863
9.728
0.011
4.015
0.556
0.000
0.000
0.600
5.488
0.208
0.000
0.000
0.022
0.000
0.000
0.003
0.000
12.158
0.021
0.000
0.345
5.371
1.158
0.000
0.145
0.049
0.989
1.108
0.542
0.000
0.000
0.000
15.788
6.667
2.304
1.628
0.146
0.414
0.007
0.023
4.893
0.210
0.077
0.004
0.031
1.042
3.813
1.369
0.009
0.614
0.000
0.000
0.000
0.005
0.033
0.150
2.323
1.787
0.239
0.003
0.000
0.000
0.000
0.000
0.000
0.000
0.000
0.000
0.000
0.000
0.000
0.570
1.294
3.735
0.000
0.000
0.000
0.000
0.000
0.410
1.379
0.000
0.331
0.225
0.577
0.004
0.000
0.000
0.002
0.172
0.065
0.008
0.023
0.102
0.007
0.000
0.000
0.000
0.000
0.000
0.000
0.000
0.000
0.000
0.000
0.003
0.885
2.168
1.951
1.851
0.165
0.074
1.410
0.021
0.000
0.000
0.000
0.001
0.000
0.000
0.000
0.000
0.000
0.000
0.025
0.000
0.000
0.000
0.046
0.599
0.082
0.000
0.000
0.000
0.000
0.000
0.000
0.074
0.749
0.067
0.000
0.049
0.000
0.005
0.063
0.221
0.035
0.622
0.041
0.000
0.062
0.459
0.060
0.038
0.887
0.014
0.000
0.000
0.037
0.355
0.004
0.000
0.281
0.000
0.000
0.000
0.000
0.000
0.048
1.866
0.316
0.000
0.167
0.038
0.000
0.000
0.000
0.000
0.000
0.000
0.136
0.353
1.291
0.771
0.018
0.625
1.743
0.002
0.000
0.011
0.056
0.212
0.364
0.000
0.000
0.000
0.000
0.000
0.000
0.060
1.866
0.033
0.071
0.052
0.078
0.124
1.089
2.730
0.040
0.000
0.000
0.154
3.890
0.233
3.985
0.089
0.000
0.000
0.000
0.000
0.000
0.000
0.000
0.000
0.000
0.000
0.334
9.210
0.020
7.113
2.564
2.305
0.000
0.000
0.008
0.000
0.001
0.555
0.000
0.000
0.000
0.000
0.000
0.013
0.088
3.237
2.996
1.543
0.000
11.735
8.704
1.665
0.055
0.000
0.000
0.000
0.012
0.041
0.642
17.657
2.001
0.057
1.560
0.130
0.000
0.000
0.000
0.000
6.107
0.006
6.119
4.311
0.000
0.000
0.171
0.045
1.464
3.013
6.554
1.223
5.242
13.500
1.104
10.399
0.204
0.000
0.000
0.000
11.145
1.401
0.009
0.000
0.000
7.555
2.108
13.468
39.343
6.961
0.184
1.808
6.892
0.031
0.000
0.000
29.691
0.226
0.148
0.473
6.446
0.000
0.000
25.302
4.615
1.709
0.012
1.240
3.372
0.224
2.058
0.000
0.001
3.747
0.510
2.398
0.000
0.000
0.000
0.182
0.019
0.039
1.182
8.341
6.783
1.036
2.306
4.059
0.055
0.186
1.359
1.421
0.000
0.000
0.000
2.132
0.000
0.000
0.000
0.002
0.004
0.000
0.000
2.414
1.336
17.418
0.000
6.787
9.040
0.123
1.730
0.002
7.447
0.853
0.034
0.000
0.007
1.208
0.685
0.053
0.000
0.000
0.000
0.000
0.000
1.557
4.649
8.003
1.040
0.006
0.358
0.000
0.087
9.660
5.546
0.019
1.091
5.124
0.001
0.052
0.644
0.529
0.733
0.746
1.937
0.354
0.012
0.000
0.005
0.012
0.000
0.000
0.000
0.000
0.000
0.000
0.091
13.705
0.000
0.000
0.000
0.000
0.000
0.000
0.000
0.000
0.008
0.101
0.000
3.149
0.396
0.082
0.140
14.104
1.772
0.273
0.889
0.001
0.000
0.043
3.215
2.649
0.026
0.000
0.000
0.000
0.000
0.011
4.180
0.129
0.000
0.039
0.004
0.484
0.714
0.000
0.000
0.000
0.055
1.254
6.360
0.688
0.439
0.003
0.274
0.145
0.076
0.230
0.000
0.000
0.031
0.349
0.029
0.000
0.000
0.072
0.000
0.000
0.000
0.017
0.000
0.000
4.487
0.000
0.190
0.000
0.000
0.000
0.000
0.000
0.000
0.000
0.009
0.103
0.450
1.936
1.069
3.885
0.000
0.000
0.010
0.004
0.000
0.035
0.152
0.000
0.118
0.088
0.160
0.669
0.197
3.791
0.000
0.011
0.097
0.008
0.000
0.011
1.092
0.533
1.712
0.004
0.318
9.794
1.021
0.327
0.003
0.015
0.052
0.029
1.106
0.000
0.006
0.859
2.937
0.018
0.001
1.199
0.041
0.077
0.046
0.029
0.000
0.000
0.000
0.000
0.003
0.035
4.478
0.049
0.020
0.156
0.000
0.000
0.000
0.000
0.010
0.112
3.779
1.496
1.049
4.507
1.232
2.598
0.605
1.231
0.036
0.027
2.041
0.000
0.053
1.977
0.585
0.403
2.340
0.527
0.000
0.000
0.000
0.000
0.000
0.000
3.642
4.499
0.192
3.392
1.084
0.000
0.000
0.003
0.000
0.000
0.000
0.000
0.015
0.178
1.357
0.000
0.000
0.000
0.000
0.000
0.000
0.000
0.065
0.456
2.770
6.450
0.010
5.115
0.000
0.000
0.000
0.410
0.434
0.050
0.296
0.521
0.000
0.000
0.038
0.050
0.315
0.013
0.027
0.000
0.824
0.132
2.675
1.527
30.245
4.357
0.118
0.000
1.464
16.624
0.097
0.002
8.022
0.000
0.008
0.288
0.009
13.250
0.081
1.687
0.000
0.008
7.452
12.840
1.636
0.043
0.000
0.000
1.939
0.823
0.772
0.056
1.374
0.000
0.620
1.555
1.283
0.035
0.137
5.845
0.001
2.787
0.000
0.002
0.012
0.099
0.759
7.281
1.415
1.207
0.361
0.290
0.070
0.000
0.002
1.062
9.802
16.929
1.146
7.366
16.728
0.749
1.447
0.000
35.988
2.022
0.257
0.000
0.163
2.968
0.000
0.002
0.231
0.384
0.050
0.043
0.000
0.000
0.021
0.000
0.000
0.047
18.992
2.565
5.274
0.000
0.456
0.000
0.000
0.000
0.000
8.652
1.786
10.613
5.466
4.332
0.034
0.014
2.810
0.000
0.040
0.507
4.193
0.075
0.000
0.000
1.325
0.030
2.288
1.997
0.224
0.162
0.038
0.153
3.225
1.943
7.185
0.000
0.000
0.000
45.692
33.338
0.010
0.000
0.000
0.142
0.000
0.000
0.005
0.463
2.652
43.729
0.009
0.013
0.000
7.023
38.221
0.153
6.101
8.772
0.043
0.000
0.025
0.000
0.000
3.300
5.879
1.627
0.000
0.000
0.000
0.000
0.006
0.742
1.017
0.000
0.000
0.085
3.210
0.042
2.017
1.620
0.645
0.138
0.133
1.033
0.038
0.682
26.082
5.913
2.220
0.034
0.529
0.187
6.689
28.573
3.755
0.182
1.092
0.000
0.002
0.000
0.000
0.000
0.001
0.000
0.000
0.000
0.000
0.000
0.000
0.000
0.000
0.000
0.000
0.068
4.880
0.000
0.300
0.000
0.000
0.000
0.081
0.916
0.046
0.115
0.000
0.071
3.024
0.011
0.831
0.000
1.774
1.882
0.000
0.054
5.784
0.057
2.344
0.709
0.069
0.000
0.010
0.000
0.000
0.083
1.995
1.134
0.000
0.000
0.000
0.002
0.002
0.595
0.000
0.002
0.089
8.205
1.438
10.403
0.000
0.421
0.000
0.000
0.000
0.021
0.000
4.302
0.000
3.966
2.240
0.000
0.000
0.000
0.000
0.000
6.218
1.176
0.624
7.878
0.000
0.901
0.413
0.017
0.000
0.226
3.607
0.002
0.237
0.000
0.000
0.000
0.000
0.000
0.000
0.000
0.000
0.008
0.013
0.158
0.000
0.246
3.220
0.000
0.005
0.003
0.063
0.338
1.856
1.333
0.562
0.000
0.249
0.733
0.000
0.218
0.947
0.000
0.000
0.000
0.001
0.000
0.000
0.312
0.017
0.138
2.810
0.370
0.652
0.000
0.000
0.000
0.803
0.000
0.000
0.000
0.000
0.000
0.000
0.000
0.014
0.000
0.000
0.000
0.000
0.030
0.963
6.605
0.025
0.000
0.000
0.000
0.000
1.010
0.106
0.000
0.007
0.734
7.398
10.844
0.611
0.000
0.008
0.039
0.000
0.004
0.003
2.133
0.000
0.000
0.000
0.001
0.299
2.983
0.779
0.067
0.067
0.072
0.591
0.379
0.002
0.000
0.061
0.445
0.042
2.444
4.231
8.168
0.787
0.210
6.117
6.503
2.243
0.032
0.020
0.559
4.154
0.000
2.581
5.831
0.974
0.019
16.080
47.500
1.853
3.421
1.449
1.259
0.127
0.402
0.678
0.203
1.979
25.748
12.196
1.186
13.610
0.000
2.712
1.449
7.059
0.046
19.489
6.681
0.000
0.000
0.000
0.000
11.526
0.700
0.000
0.000
4.028
0.014
0.001
6.021
5.435
0.000
15.985
4.566
0.049
0.136
0.061
1.174
0.058
0.000
0.203
0.000
0.000
0.000
9.859
0.007
0.000
8.921
0.205
0.016
2.975
0.677
0.000
0.003
0.000
0.009
0.147
1.063
7.509
0.148
1.069
0.003
0.000
0.014
0.000
0.000
3.574
1.937
0.000
0.000
0.000
0.000
10.709
1.069
0.016
0.279
0.000
0.000
0.000
0.861
2.482
9.785
0.293
9.880
0.007
0.005
0.000
0.000
0.086
16.832
1.416
0.074
0.000
0.001
0.001
1.746
0.000
0.000
0.085
0.993
18.088
0.000
0.000
1.194
14.900
0.009
2.788
12.126
0.046
1.275
0.003
1.400
0.103
2.282
0.501
0.000
0.000
0.000
4.163
7.771
1.204
0.000
0.000
0.000
0.000
0.000
0.000
0.000
0.000
47.885
8.808
0.988
0.002
0.000
0.000
0.000
0.000
8.760
0.978
0.000
0.021
3.019
0.073
0.543
0.000
0.198
0.313
0.088
0.029
0.001
0.004
0.000
0.000
0.026
2.359
0.922
0.427
1.235
0.000
10.114
0.632
0.011
0.170
0.018
2.483
0.000
0.000
0.686
1.559
3.971
3.956
7.142
0.395
0.828
0.645
0.000
0.000
0.000
0.476
0.000
0.000
0.000
0.000
6.526
22.499
0.004
0.029
0.001
0.028
0.140
0.129
0.535
1.252
0.033
0.003
0.853
0.457
0.483
0.001
1.793
4.469
2.415
0.143
0.063
0.365
0.000
0.005
0.001
1.350
0.201
0.023
0.000
0.411
0.404
0.192
5.024
1.130
0.006
0.000
0.115
0.347
0.330
0.021
0.029
0.181
1.188
0.103
0.000
0.000
0.000
0.000
0.000
0.068
0.742
0.129
0.132
0.000
0.000
0.059
0.297
0.731
0.264
0.000
0.038
0.003
0.009
0.000
0.178
5.449
0.036
2.419
0.000
0.000
0.000
0.000
0.002
0.107
1.887
0.062
0.050
0.031
0.081
0.000
0.000
0.000
0.000
0.000
0.011
0.500
2.304
0.894
0.477
4.905
0.000
0.406
0.000
0.448
4.030
0.000
0.000
1.042
3.712
0.000
15.270
0.000
0.102
0.327
0.525
0.079
0.000
0.000
0.000
0.000
0.000
0.000
0.000
0.000
0.000
0.123
0.069
0.001
0.000
0.000
0.000
0.000
0.392
17.581
4.318
0.553
0.867
0.011
0.000
0.000
0.000
0.000
0.000
0.000
0.000
0.035
0.004
0.014
0.000
0.002
0.000
0.000
5.614
4.090
5.720
3.774
0.134
0.442
0.000
0.000
0.000
0.278
13.139
7.871
5.945
6.907
4.355
0.506
0.016
0.000
0.005
0.082
7.121
20.119
12.941
0.437
9.505
2.267
0.543
0.538
0.475
0.279
0.164
0.000
0.002
0.000
0.009
0.144
2.654
1.620
0.045
0.000
0.002
3.726
0.074
0.356
1.367
0.000
0.000
2.824
5.664
0.085
0.011
1.816
2.292
0.000
0.001
0.739
0.107
0.017
0.138
3.155
1.034
1.191
0.000
0.000
0.067
0.134
9.174
1.798
0.196
6.668
0.140
0.000
0.905
2.062
0.000
2.085
0.000
0.000
0.000
0.000
0.506
3.223
0.000
0.000
0.010
0.012
16.115
0.016
0.000
0.001
0.000
0.127
0.057
0.000
0.484
0.006
1.053
0.003
7.878
0.011
3.165
7.784
8.986
0.301
3.091
0.060
0.064
0.006
0.837
0.474
0.000
0.000
0.000
0.183
0.844
0.057
3.982
6.110
0.000
0.000
7.482
0.486
4.427
0.000
0.000
0.000
2.862
0.017
1.401
0.024
0.000
0.000
0.000
0.000
0.000
0.608
12.743
0.188
0.000
0.188
0.000
0.022
0.168
0.000
0.000
0.000
0.000
0.000
0.000
0.077
6.061
27.272
3.392
8.948
0.002
0.027
7.964
6.915
0.814
0.221
3.082
3.552
1.716
1.049
3.411
0.000
0.002
0.029
8.122
0.000
0.000
0.000
0.006
0.000
0.000
7.627
1.203
1.732
0.080
0.000
0.032
7.817
8.505
0.000
1.340
0.456
0.031
0.207
0.093
0.000
0.000
0.000
0.000
0.000
0.000
0.389
0.003
0.050
0.000
0.000
0.036
0.099
0.112
3.479
0.283
0.000
0.003
0.016
2.406
0.082
0.000
0.000
0.018
0.079
0.000
0.000
0.000
0.000
0.000
0.000
0.000
0.000
0.041
1.439
9.816
0.008
0.357
0.851
0.163
1.876
0.199
0.815
0.010
0.000
0.049
0.000
0.053
0.300
0.022
0.318
0.914
1.207
0.000
0.189
0.002
0.000
0.056
0.613
0.000
0.000
0.000
0.000
0.000
0.000
0.129
3.304
11.823
0.259
0.006
0.008
0.084
0.003
0.000
0.116
0.003
0.000
0.000
0.002
0.045
0.001
0.000
0.000
0.000
0.002
0.180
0.257
0.000
0.008
0.049
0.025
0.009
0.010
0.029
0.480
0.070
1.330
0.037
0.165
0.111
0.118
0.020
0.000
0.009
0.003
0.029
0.000
0.000
0.000
0.000
0.000
0.000
0.000
0.010
0.228
0.084
0.000
0.000
0.018
0.000
0.054
0.043
1.705
15.880
2.139
1.478
0.584
2.220
3.716
0.280
0.000
0.000
0.042
0.149
0.000
0.182
0.075
0.045
0.000
0.000
0.018
0.317
2.552
0.025
0.210
1.525
0.007
0.011
0.089
0.000
0.018
3.430
0.475
0.000
0.810
3.201
13.348
9.094
17.887
5.711
2.091
6.762
0.038
0.004
0.000
0.012
0.003
0.000
0.000
0.003
0.000
0.000
0.000
0.081
3.361
0.000
0.000
0.031
12.348
19.080
5.903
0.000
0.000
0.000
0.000
0.000
0.001
0.083
0.063
0.000
0.000
0.009
7.651
1.276
0.314
0.000
0.000
0.000
0.000
0.000
0.000
0.025
0.498
0.395
0.004
0.044
3.453
0.130
2.637
19.735
18.291
0.284
0.911
0.291
9.708
0.035
0.044
8.652
7.478
0.046
3.750
21.402
1.854
0.418
0.000
6.006
14.469
0.040
3.653
0.164
0.000
0.000
2.671
1.355
4.733
8.350
16.264
0.617
0.000
0.000
0.003
2.325
0.109
0.000
0.000
0.000
0.004
0.000
0.078
0.060
4.849
2.604
1.129
0.691
0.000
0.000
0.003
0.000
21.530
2.705
3.026
0.006
8.306
0.807
0.890
0.000
0.000
0.000
0.000
0.000
10.131
6.108
0.020
0.731
0.006
16.095
0.000
0.000
0.000
0.011
0.281
1.275
0.000
0.000
0.015
0.007
0.055
0.001
2.821
0.038
0.961
0.004
0.048
3.562
0.274
0.000
0.000
0.000
0.013
0.037
1.441
3.862
0.031
0.200
0.000
0.000
8.417
15.040
0.000
0.000
0.000
0.000
0.013
0.010
0.104
0.089
13.170
15.596
0.047
6.680
0.034
2.060
0.024
0.100
0.428
0.038
0.000
0.140
3.876
7.227
2.073
25.728
0.069
0.007
0.274
15.492
0.299
3.441
0.132
2.397
2.832
1.173
0.060
2.335
0.024
2.369
3.294
1.662
12.962
23.740
2.783
0.108
0.230
0.000
0.000
0.016
3.144
1.752
18.169
26.740
0.836
0.681
0.650
0.005
0.193
0.000
0.000
0.000
0.000
0.000
0.005
1.461
0.013
0.000
0.000
0.030
4.228
0.379
0.000
0.085
0.627
0.247
0.309
0.000
0.000
0.133
0.130
0.002
0.000
0.011
0.367
0.000
0.000
0.000
0.000
0.000
0.000
0.073
1.283
0.238
0.022
0.000
0.000
11.742
0.157
2.550
5.772
0.353
0.091
0.000
0.000
0.000
0.002
0.000
0.072
0.046
0.011
0.000
0.000
0.000
0.000
0.040
0.002
3.235
1.118
1.201
0.343
0.649
1.121
0.000
0.000
0.018
0.140
0.040
0.002
0.000
0.000
0.000
0.000
0.025
0.313
0.000
0.044
0.519
0.056
0.054
0.061
0.000
0.005
0.000
0.000
0.000
0.000
0.000
0.030
0.000
0.000
0.000
0.000
0.000
0.000
0.006
0.000
0.001
0.000
0.000
0.018
0.068
1.187
0.000
0.000
0.000
0.492
0.087
0.002
0.095
0.136
3.762
0.000
0.142
0.362
0.611
0.224
0.000
0.000
0.039
0.000
0.000
0.000
0.000
0.030
0.037
1.138
0.097
0.025
0.923
0.028
0.939
0.000
0.000
0.024
0.212
0.001
0.018
0.040
1.214
0.014
0.000
0.008
0.073
0.850
0.000
0.000
0.016
0.731
0.043
0.186
1.012
0.015
0.000
0.000
0.004
0.039
0.000
0.152
0.067
0.041
0.000
0.062
19.400
21.668
0.003
0.000
0.000
13.179
3.279
0.000
0.000
0.000
0.069
0.338
0.000
0.000
0.000
0.061
2.910
0.000
8.755
5.013
18.056
12.055
0.043
0.000
0.023
0.757
0.780
1.915
0.000
0.014
0.052
9.954
0.000
0.000
0.000
10.657
0.007
1.082
1.248
2.258
1.969
0.165
0.633
0.101
1.965
0.000
0.000
0.000
0.000
0.265
3.069
0.713
0.331
0.000
14.781
0.444
0.428
0.054
0.090
9.512
3.697
26.035
7.724
0.000
7.414
3.659
2.051
12.367
2.986
4.003
6.368
0.002
0.000
0.009
1.092
0.201
0.043
0.543
0.005
0.000
0.827
0.085
6.613
9.324
9.397
0.000
0.000
2.967
0.000
0.000
0.000
0.632
0.017
4.145
0.224
6.201
3.050
13.085
1.261
0.040
3.834
0.239
3.703
0.000
0.230
7.261
3.493
0.040
0.000
3.677
4.519
0.000
0.000
0.000
24.358
0.000
0.000
0.260
0.037
0.111
0.576
0.140
0.520
1.069
0.000
0.005
0.000
0.057
6.862
1.123
0.782
0.000
0.000
0.000
0.001
0.000
0.000
0.000
0.199
1.260
0.012
0.002
0.008
11.156
0.274
0.705
0.000
0.000
0.000
15.508
1.393
0.000
6.475
5.589
1.345
1.415
0.500
0.019
35.195
1.977
0.072
8.347
7.385
0.032
0.000
0.000
0.294
0.010
0.000
0.018
6.273
3.372
0.001
0.344
8.293
0.000
0.912
0.000
0.000
0.203
0.004
0.000
0.001
13.991
22.422
1.915
0.000
0.445
23.887
25.581
14.036
0.804
0.000
0.000
0.002
0.000
0.000
0.000
0.000
3.707
2.567
3.113
4.597
2.774
2.020
0.160
0.000
0.000
0.000
0.008
0.000
0.000
1.522
12.490
9.236
11.790
1.616
0.072
0.051
0.000
0.063
1.425
0.079
0.496
0.421
0.886
0.014
0.006
0.000
0.000
0.000
0.000
0.007
0.049
0.011
0.006
0.000
0.000
0.081
0.001
0.000
0.019
0.004
0.153
1.269
0.088
2.341
0.151
0.401
1.935
0.110
0.260
3.399
14.151
0.006
0.321
0.000
0.004
1.136
3.284
0.336
2.975
1.630
0.035
0.000
0.643
0.037
0.844
0.227
0.152
0.124
0.091
2.213
8.864
0.000
0.020
0.219
0.000
0.000
0.023
0.178
0.431
0.026
0.000
0.000
0.015
0.250
0.551
0.372
0.456
0.014
0.013
0.007
0.000
0.000
0.000
0.013
0.037
1.331
0.000
0.199
0.000
0.005
0.000
0.000
0.000
0.021
0.000
0.000
1.271
8.418
4.278
0.710
0.069
0.026
0.000
0.002
0.177
1.263
0.000
0.051
1.201
0.000
0.083
0.015
0.747
1.326
3.044
0.000
0.000
0.000
0.000
0.040
0.077
0.805
0.006
0.088
0.000
7.276
7.971
0.000
0.049
0.100
0.000
0.000
0.061
0.000
0.000
0.147
0.789
0.198
29.372
11.037
18.654
3.381
1.723
0.124
0.000
0.003
4.821
10.471
0.657
0.192
0.035
0.000
0.000
0.000
0.000
0.000
0.000
0.000
0.000
0.000
0.037
0.047
0.000
0.000
0.000
0.093
0.975
0.365
0.038
0.000
0.486
5.250
0.316
5.787
0.048
0.025
8.369
0.021
0.392
0.014
0.000
0.089
0.925
0.208
0.017
0.069
0.072
0.013
3.011
14.383
4.124
0.017
3.389
0.000
0.000
0.010
0.027
1.387
0.054
0.743
0.000
1.000
10.363
0.143
0.000
0.050
0.780
0.854
7.073
0.116
0.000
0.000
2.107
0.000
3.571
0.938
10.309
0.335
0.000
0.000
3.468
1.213
0.003
1.078
12.894
1.409
6.554
0.618
0.001
9.733
0.048
2.600
0.023
0.000
10.854
2.983
0.347
0.183
0.000
0.000
0.000
0.000
0.000
0.000
0.000
0.002
0.074
0.326
0.593
0.690
0.011
1.752
14.055
0.221
0.772
0.416
0.000
0.000
13.688
3.026
4.327
11.600
0.409
0.922
0.052
0.896
0.534
3.458
3.858
10.855
0.533
2.043
0.023
0.000
0.047
0.026
7.930
2.279
0.022
0.000
0.000
0.055
0.000
7.121
17.616
8.162
1.029
0.035
2.559
4.788
0.119
0.000
0.000
0.403
0.000
0.001
1.445
0.007
0.000
0.000
0.000
0.000
0.000
0.000
0.000
0.000
0.000
0.048
22.825
0.000
0.873
2.986
0.004
0.018
0.000
0.000
0.000
0.000
0.000
0.000
0.178
7.839
1.412
0.000
0.000
0.021
0.177
4.665
0.312
0.000
0.007
6.913
1.733
3.802
1.356
1.993
3.270
0.163
0.030
1.365
0.126
0.611
0.308
0.081
5.452
2.203
1.798
0.000
0.105
3.531
4.221
6.804
0.005
0.092
7.303
5.348
0.000
0.095
9.378
23.850
12.656
0.331
0.677
0.000
0.142
0.228
0.000
0.000
0.000
2.958
0.024
0.179
0.000
4.220
7.866
3.849
0.000
0.064
0.000
0.000
0.000
0.000
0.001
2.367
2.866
0.240
0.075
0.000
0.000
0.001
0.000
0.096
1.029
0.062
0.817
0.012
0.022
0.038
0.017
0.695
0.125
0.000
0.000
0.006
0.196
0.000
0.000
0.145
0.000
0.026
0.107
0.309
0.000
0.000
3.797
8.975
7.709
3.956
0.058
0.000
0.000
0.000
0.105
0.000
0.000
0.000
0.000
0.000
0.041
0.000
0.000
0.000
0.000
0.009
0.000
0.000
0.000
0.004
0.000
0.000
0.000
0.000
0.028
0.373
3.980
4.551
5.526
0.538
0.003
0.000
0.000
0.000
0.000
0.000
0.175
0.001
0.009
0.498
0.383
0.584
3.651
0.227
0.000
0.000
0.000
0.000
0.002
0.042
0.010
0.000
0.000
0.000
0.000
0.020
0.008
1.278
0.025
0.000
0.004
0.000
0.000
0.019
0.000
0.000
0.023
0.093
0.012
1.164
0.001
1.319
1.581
5.778
6.916
1.458
0.204
0.150
0.629
0.001
0.000
0.000
0.000
0.000
0.000
0.002
0.014
0.000
0.000
0.140
1.741
0.011
0.000
0.000
0.000
0.002
0.254
0.180
0.304
0.000
0.000
0.000
0.048
0.427
0.000
0.002
1.543
2.405
0.151
0.000
0.000
0.000
0.000
0.106
0.000
0.000
0.000
0.164
5.612
0.077
0.000
0.000
0.530
14.399
8.651
2.618
1.719
0.171
4.810
3.661
2.758
14.353
0.063
0.000
5.228
4.732
3.650
8.884
0.000
0.008
0.004
0.000
0.000
0.000
0.000
0.018
2.500
15.545
8.517
0.014
0.000
0.011
0.403
0.085
0.381
2.249
0.146
0.000
6.736
0.508
3.766
5.780
0.387
9.478
0.571
6.721
3.631
0.924
0.454
11.020
5.603
0.070
17.890
0.494
0.060
0.122
10.344
0.031
1.518
28.830
1.041
4.692
1.464
0.000
0.000
0.048
0.000
0.034
24.348
1.900
0.544
0.273
0.004
0.697
1.412
9.668
0.000
0.000
11.518
7.998
2.044
0.000
4.146
0.000
10.673
2.070
0.010
14.920
9.673
1.614
0.019
3.338
10.663
0.008
0.064
18.897
0.000
19.636
0.096
0.000
0.571
0.008
0.000
0.021
4.100
0.048
30.853
0.181
10.816
0.238
4.549
0.405
0.059
10.533
3.149
24.794
0.043
0.000
0.000
10.497
0.000
0.000
0.000
0.000
0.000
0.336
17.840
0.000
5.091
11.640
1.516
0.000
0.000
38.281
0.996
0.000
0.275
26.600
0.000
0.008
0.781
0.777
1.425
4.526
0.000
0.011
0.003
0.620
0.000
2.976
44.115
2.213
0.068
0.177
1.310
0.532
2.163
1.259
0.943
0.000
0.003
0.000
0.000
0.000
0.000
0.000
0.320
0.005
0.000
0.000
0.000
0.000
0.000
0.000
0.000
0.002
0.069
0.040
0.000
0.000
0.381
2.200
21.842
40.032
4.455
0.007
0.000
0.000
0.000
0.000
0.103
0.000
0.000
0.000
0.000
0.000
0.000
0.049
3.311
0.000
0.000
2.897
0.392
0.000
0.000
0.000
0.002
0.042
1.175
1.801
7.248
0.055
4.485
0.032
0.049
0.000
0.000
6.802
0.721
0.263
0.007
0.166
0.090
0.121
0.000
0.002
2.103
1.381
0.000
0.000
0.000
0.000
0.000
0.000
0.059
0.225
0.016
0.030
8.265
0.211
0.018
0.032
0.108
0.004
0.000
0.000
0.000
0.396
15.374
3.787
0.400
0.000
0.035
0.501
0.024
0.110
0.218
0.000
0.058
1.146
1.253
1.127
1.520
4.759
0.091
2.854
0.307
0.025
0.248
0.048
0.734
0.124
1.232
0.006
0.000
0.006
0.257
1.991
0.130
2.005
0.436
0.000
0.000
0.470
0.298
0.006
0.154
0.000
0.000
0.000
0.000
0.621
0.114
0.002
0.000
0.000
0.020
0.058
0.037
0.000
0.030
0.027
0.148
2.202
0.180
0.000
0.001
0.028
0.000
0.000
0.000
0.000
0.000
0.070
2.165
0.052
0.263
0.053
0.023
0.790
0.042
0.003
0.000
0.077
0.379
0.576
0.027
0.927
0.611
0.000
3.611
0.000
0.000
0.000
0.000
0.000
0.000
0.000
0.001
0.774
0.165
2.572
2.861
0.116
0.016
0.010
0.000
0.000
0.843
33.593
0.000
0.431
0.000
0.015
12.197
0.727
0.085
0.008
0.000
0.957
0.445
11.334
0.455
0.039
0.000
0.351
3.536
0.000
8.848
12.633
0.060
0.000
0.000
2.924
1.545
0.101
0.200
4.262
3.248
0.979
0.000
0.301
1.415
0.177
0.000
0.000
0.026
0.002
0.001
10.393
15.614
9.966
0.108
0.005
0.000
0.053
10.280
3.507
3.880
16.436
2.292
0.005
0.401
0.384
0.000
0.104
7.629
0.002
0.000
0.132
0.030
0.000
0.201
0.317
4.320
10.625
0.032
8.121
0.518
0.112
0.000
26.435
9.004
0.538
0.014
5.389
30.130
12.341
0.000
0.000
0.000
2.945
0.000
0.000
6.639
0.000
0.000
0.165
4.503
0.519
2.392
0.000
0.000
0.182
3.266
3.374
2.375
6.880
0.513
12.929
0.315
0.000
13.411
1.927
2.316
0.000
4.798
0.000
0.006
0.134
0.214
1.724
32.631
0.000
0.000
0.000
13.968
6.795
0.219
4.311
0.039
0.036
6.848
2.006
0.850
0.000
0.149
2.260
0.005
11.499
0.138
1.456
0.122
1.344
1.201
0.000
0.125
0.000
0.155
0.000
0.067
7.637
7.576
2.647
0.019
1.007
0.356
0.111
0.103
0.000
0.000
0.000
0.000
0.000
0.000
1.024
0.789
0.070
0.000
0.904
5.314
0.915
9.709
2.022
0.003
0.003
0.000
0.000
0.000
0.072
1.695
2.829
0.000
0.000
0.000
0.000
0.000
0.000
0.091
6.429
0.141
0.717
2.662
1.627
3.479
0.132
0.000
0.012
0.001
0.192
0.001
0.000
0.000
0.067
2.522
0.640
0.000
0.390
0.561
0.057
0.029
0.000
0.056
0.252
0.163
0.000
0.000
0.019
0.204
0.147
0.005
0.006
0.537
0.000
0.006
0.000
0.017
0.252
1.834
0.241
0.580
1.514
0.000
0.041
0.038
0.049
0.000
0.000
2.204
1.315
0.008
0.000
0.005
0.041
0.000
0.026
0.000
0.021
0.000
0.005
0.009
0.000
0.000
0.000
0.000
0.000
0.073
0.410
0.107
0.000
0.000
0.000
0.000
0.000
0.000
0.555
0.026
0.000
0.000
0.031
0.077
0.783
0.888
1.704
2.307
0.904
0.000
0.000
0.000
0.122
0.501
0.002
0.000
0.029
1.024
0.443
0.372
0.392
0.292
0.000
0.090
0.232
0.357
0.000
0.002
1.926
4.270
0.518
0.000
0.029
1.121
2.054
0.000
0.681
0.045
0.027
0.000
0.000
0.000
0.000
0.000
0.000
0.000
0.000
0.000
0.000
0.000
0.000
0.000
0.594
0.294
0.556
0.194
0.000
0.135
6.310
1.598
0.008
0.189
0.000
2.927
5.551
0.005
0.638
2.310
0.360
2.107
0.425
0.423
0.328
0.000
0.044
0.360
0.000
0.000
2.219
3.236
0.000
0.000
0.024
0.000
0.000
0.000
15.534
0.246
0.016
4.582
1.272
0.000
0.000
0.148
0.086
0.827
22.248
0.166
0.303
0.749
1.008
0.000
0.002
0.000
0.000
0.000
0.000
0.000
0.000
0.000
0.380
4.254
2.571
36.466
0.835
8.192
0.784
0.000
3.072
15.125
0.121
0.035
2.047
0.176
0.000
0.184
0.000
0.028
0.346
1.610
5.352
0.048
1.111
0.755
1.656
2.126
2.719
0.008
0.603
0.109
0.000
0.000
0.000
0.000
0.001
0.014
7.519
5.437
1.820
0.520
6.734
12.186
3.495
0.001
21.113
11.051
1.311
1.203
0.001
0.000
0.000
0.000
0.651
0.000
0.666
4.635
1.730
0.000
0.118
12.298
1.408
0.000
8.963
4.683
0.065
8.907
1.238
5.029
39.932
9.467
1.226
2.562
13.057
0.000
0.000
0.000
0.231
0.000
0.000
0.124
0.288
22.399
0.064
7.826
5.949
9.153
0.000
0.155
0.000
0.000
0.000
0.982
7.849
0.755
1.628
0.098
0.000
0.000
0.001
0.069
0.000
1.455
0.000
28.557
2.371
4.824
0.000
0.004
0.429
0.000
0.069
0.779
8.092
27.528
3.860
0.097
0.010
2.254
3.846
0.202
0.000
0.022
0.576
0.008
0.171
13.708
0.099
0.136
1.816
0.125
0.000
0.000
0.003
0.107
0.000
0.054
0.000
0.000
0.000
0.022
0.190
0.000
0.000
0.008
1.159
0.939
0.549
0.511
0.272
0.072
0.014
0.000
0.000
0.078
0.000
0.000
0.000
0.032
0.093
0.426
2.160
1.854
1.716
0.171
0.000
0.000
0.000
0.000
0.000
0.000
0.000
0.000
0.000
0.000
1.468
4.911
1.404
0.003
0.658
3.221
0.620
4.137
0.000
0.000
0.000
0.000
0.213
0.679
7.230
13.542
0.920
0.014
0.374
2.865
1.776
2.473
0.566
0.032
2.364
1.019
0.282
0.006
0.000
0.000
1.321
0.000
0.005
4.914
0.707
0.006
0.001
2.640
7.623
0.575
0.694
0.000
0.000
0.000
0.000
0.000
0.004
0.000
0.000
0.085
3.048
0.437
0.864
0.390
0.120
0.425
0.000
0.000
0.019
0.000
0.012
0.065
0.060
0.000
0.000
0.037
1.606
1.303
0.007
0.000
0.041
0.000
0.607
10.367
0.000
0.242
0.806
0.031
0.009
0.000
0.018
0.118
0.000
0.225
0.070
0.379
0.194
0.031
0.132
0.000
1.060
0.286
0.000
0.003
0.000
0.000
0.002
0.464
0.003
8.458
5.511
0.000
0.000
0.045
0.581
0.000
3.089
0.666
0.029
0.000
0.000
0.000
0.000
1.182
0.002
0.000
0.087
15.989
0.005
0.785
0.001
0.112
0.177
0.251
2.468
0.570
3.108
0.000
0.037
3.025
22.847
0.002
0.004
0.000
0.000
0.000
0.031
0.889
0.817
0.043
0.003
0.046
0.488
0.034
0.007
0.000
0.000
0.000
0.000
0.000
0.000
0.044
10.987
1.625
0.000
0.000
8.839
8.188
0.000
0.000
0.000
0.445
0.229
3.829
0.000
10.706
2.174
0.000
0.000
0.000
0.000
0.000
0.000
0.000
0.000
0.000
0.000
1.839
0.045
0.000
0.000
0.000
0.000
0.000
1.600
8.189
6.375
0.000
0.023
0.248
5.940
1.297
0.008
10.362
1.440
0.492
4.351
4.987
0.007
0.116
5.053
0.000
0.001
0.039
0.000
0.000
0.000
0.000
4.094
0.000
0.000
0.049
1.794
4.962
0.010
0.000
0.015
1.798
0.000
0.386
0.000
0.059
1.239
3.235
0.004
0.012
2.584
4.411
15.889
17.613
4.345
0.157
0.000
1.005
0.000
0.042
0.000
0.104
10.652
5.392
0.427
0.701
0.006
0.223
17.503
7.834
0.000
0.044
0.094
8.250
0.200
0.000
0.000
0.007
0.636
0.000
1.379
0.147
0.000
4.939
21.426
0.135
1.791
1.832
0.000
11.025
1.025
3.324
10.473
0.000
0.463
0.000
0.000
0.118
0.000
0.333
2.365
1.132
3.241
4.895
0.034
0.346
11.757
1.526
10.496
5.350
0.626
5.875
3.049
0.043
0.000
6.100
0.244
0.047
3.855
6.107
0.439
0.048
0.102
1.372
0.337
0.000
0.007
0.000
0.000
6.096
0.053
3.503
2.977
0.000
0.000
0.006
0.000
0.000
0.000
0.000
0.000
0.000
0.000
0.012
0.537
7.688
0.500
0.005
0.000
2.281
2.982
8.041
0.000
0.511
19.479
0.063
6.047
0.201
0.000
0.000
0.000
0.000
0.000
0.104
9.284
5.009
0.057
0.087
0.000
0.240
8.249
0.012
0.000
0.051
3.613
0.731
0.397
0.000
0.000
0.000
0.276
0.000
0.717
6.188
10.330
0.000
0.000
0.085
1.022
0.403
8.822
18.966
0.102
0.000
0.000
0.000
0.332
9.455
1.077
2.062
19.875
4.524
0.735
0.920
1.598
1.886
2.688
0.439
1.658
0.000
0.000
0.003
0.000
0.000
0.000
0.094
0.549
0.146
0.000
0.000
0.286
1.978
0.000
0.000
0.090
4.167
0.833
0.993
0.132
0.000
0.000
0.005
0.304
5.493
0.164
0.003
0.000
0.334
0.070
0.117
0.000
0.001
0.371
0.051
1.997
0.015
0.176
0.000
3.900
11.116
5.235
12.368
0.000
0.000
0.044
1.225
0.196
0.000
0.000
0.449
0.436
0.079
2.389
1.742
0.100
0.012
0.594
0.106
0.710
1.907
0.099
1.203
0.999
0.000
0.000
0.000
0.009
0.097
0.000
0.000
0.011
4.448
0.000
0.000
0.000
0.000
0.000
0.000
0.000
0.000
0.010
1.268
0.012
1.659
0.333
3.097
0.000
0.768
0.000
2.036
0.029
2.192
0.411
1.592
1.063
0.000
0.000
0.000
0.000
0.457
0.036
0.000
0.000
0.000
0.000
0.000
0.000
0.000
0.000
0.000
0.680
3.207
0.771
0.000
0.020
4.437
2.718
0.000
0.007
6.833
0.314
0.000
0.000
0.000
0.004
0.022
0.000
0.001
0.000
0.174
1.238
0.105
0.013
0.473
0.000
0.000
0.115
0.000
0.000
0.000
0.000
0.000
0.020
0.140
0.000
0.000
0.000
9.438
4.081
0.000
0.004
0.201
0.000
0.037
0.225
0.070
0.069
0.138
16.711
0.935
0.050
0.346
0.085
0.000
1.667
0.000
0.023
3.192
0.000
1.174
0.128
0.000
0.000
0.005
0.099
0.000
1.449
0.433
0.035
0.000
0.141
10.888
15.358
0.371
1.876
4.626
12.792
2.264
2.875
0.807
0.313
0.143
2.016
1.112
3.504
2.719
13.936
1.805
0.567
7.858
12.944
1.043
0.000
0.000
0.000
0.086
2.417
4.092
0.007
0.000
0.000
0.015
0.001
0.000
0.000
0.000
0.079
0.000
30.525
32.608
14.792
4.853
0.000
0.142
9.897
1.589
0.021
0.000
0.014
0.620
55.640
3.359
3.462
15.917
28.034
0.251
0.000
6.043
5.885
2.353
2.016
0.266
0.224
2.081
0.000
0.345
13.126
10.283
2.312
3.024
0.969
0.143
0.154
1.750
14.104
0.357
2.484
0.826
0.012
13.528
0.057
1.531
3.487
3.894
0.000
0.000
0.003
0.076
0.004
4.005
23.610
0.000
0.000
3.727
0.023
5.103
0.326
0.172
0.072
0.000
0.074
0.014
0.123
0.173
0.000
0.000
0.001
0.000
0.000
1.401
13.396
0.000
0.320
0.000
0.000
0.000
1.593
4.647
18.353
0.162
0.068
0.123
7.351
8.798
5.057
0.187
1.874
0.000
8.380
1.842
0.167
1.985
0.294
1.047
9.308
1.597
0.000
0.000
0.000
0.005
4.627
0.040
0.625
0.190
0.111
0.025
0.002
0.000
0.000
0.295
1.614
10.558
0.037
0.000
0.049
0.034
0.000
0.000
0.000
5.333
0.005
0.131
0.309
2.718
7.571
0.000
0.000
0.000
0.000
0.000
0.000
0.000
0.124
4.821
2.290
0.000
0.012
1.495
0.005
0.000
0.000
0.000
0.000
1.379
0.000
0.000
0.000
0.131
6.776
1.701
0.162
0.108
0.000
0.000
0.029
1.460
0.023
0.725
0.762
1.322
1.579
0.556
0.100
0.461
0.996
0.061
0.000
0.020
0.692
0.161
0.703
0.019
0.000
0.028
0.131
0.202
0.023
0.339
0.033
0.219
0.349
0.004
0.001
0.000
0.000
0.000
0.000
0.000
0.279
0.838
0.002
0.000
0.000
0.000
0.000
0.147
1.667
1.905
0.045
0.000
0.331
0.730
0.047
1.752
0.595
0.210
0.000
0.000
0.021
0.001
0.000
0.000
0.012
1.269
0.208
3.314
0.479
0.030
0.000
0.003
1.074
3.096
0.000
0.000
0.000
0.000
0.000
0.363
0.163
1.169
0.522
0.048
0.036
0.000
0.000
0.000
0.000
0.000
0.167
0.000
0.000
0.095
0.000
0.000
0.000
0.000
0.007
0.078
0.033
0.576
0.004
0.000
0.000
0.196
6.791
0.000
0.305
0.018
0.069
0.536
0.439
0.015
0.000
1.107
0.118
0.004
0.010
0.600
0.068
0.000
0.000
0.056
0.109
0.040
1.897
0.370
0.000
0.000
0.002
0.131
0.087
0.154
0.000
0.041
0.000
0.098
0.034
0.524
1.351
0.002
0.930
0.821
0.571
0.000
0.096
0.334
0.687
0.564
0.000
0.007
5.472
1.286
3.142
0.000
0.000
0.012
0.016
0.157
0.000
0.050
3.063
0.000
1.136
0.000
0.000
0.001
0.000
0.000
0.011
0.000
0.204
9.010
2.140
1.601
0.856
0.000
0.039
0.012
0.000
0.024
0.980
0.000
0.014
2.436
0.003
0.211
0.000
0.000
0.419
4.263
5.640
0.017
2.496
25.218
7.027
5.059
15.275
6.878
1.581
21.534
30.626
1.728
0.000
0.000
0.000
0.000
0.015
9.103
10.602
0.085
1.014
15.155
1.676
0.000
0.000
0.821
8.539
1.438
0.040
3.405
19.934
6.703
0.141
0.158
0.000
0.000
0.000
1.270
3.483
0.192
1.215
0.105
0.049
7.670
1.219
11.853
1.475
1.866
12.549
0.670
1.627
1.060
0.395
0.007
0.060
1.428
0.033
1.131
3.452
10.390
0.003
0.000
0.003
0.000
0.000
4.014
7.754
1.294
0.917
4.653
29.934
0.014
0.000
0.001
0.001
0.221
4.230
19.438
2.094
0.024
0.140
2.999
4.039
0.000
0.000
0.010
0.319
0.486
0.011
0.005
0.603
3.227
7.446
1.415
1.689
0.116
1.254
9.707
0.075
0.000
1.856
0.842
0.484
13.813
2.600
0.121
0.230
5.994
4.945
1.033
0.000
0.000
0.020
0.000
0.000
0.000
0.005
0.000
0.000
3.062
15.693
16.838
11.674
2.843
0.000
0.038
0.000
0.000
0.000
0.034
0.000
0.276
2.185
1.116
0.056
0.000
0.011
0.720
5.155
8.830
0.153
0.000
0.000
0.000
0.000
0.000
0.000
0.000
0.000
0.060
0.827
0.030
1.100
8.663
0.003
0.000
0.000
2.612
3.987
0.000
0.173
0.073
0.000
0.000
0.000
0.002
0.110
0.000
7.707
12.106
0.004
0.299
1.329
12.905
14.574
0.083
0.292
0.918
0.339
0.000
0.199
9.069
5.719
0.588
0.001
0.002
0.000
0.000
0.119
0.446
0.000
0.000
0.034
6.676
21.513
25.171
2.843
0.049
0.124
1.071
0.009
0.000
0.024
0.000
0.000
0.000
0.000
2.934
6.273
0.000
0.000
0.000
0.000
0.000
0.000
0.000
5.289
7.145
0.443
1.091
1.383
0.337
5.831
2.074
0.967
0.000
0.000
0.000
0.080
0.839
0.160
0.120
0.471
1.494
0.119
0.000
0.061
0.199
0.000
0.000
0.000
0.001
0.000
0.040
0.780
0.472
0.000
0.000
0.135
0.800
0.248
0.943
6.607
0.337
0.001
0.000
0.003
0.062
0.095
0.079
0.000
0.002
1.364
1.235
0.765
2.079
0.051
0.341
0.001
0.000
0.000
0.000
0.562
0.017
0.055
1.484
6.407
0.423
0.000
0.000
0.000
0.000
0.075
2.722
0.229
0.000
0.079
1.030
3.141
0.000
0.079
3.266
1.118
0.000
0.018
0.144
0.002
1.334
0.000
0.032
0.075
0.204
2.994
0.000
0.148
0.027
2.240
0.000
0.000
0.000
0.000
1.337
2.881
8.922
8.179
0.217
0.000
0.000
0.000
0.001
0.000
0.000
0.047
3.617
0.107
0.173
0.000
7.094
0.205
0.261
0.650
0.016
0.015
0.036
6.269
1.047
1.920
0.471
0.000
0.029
0.004
0.002
0.000
0.029
0.831
0.214
3.041
3.667
0.112
0.097
0.465
0.032
16.820
17.324
4.403
0.058
0.008
0.033
0.000
0.000
0.000
0.000
0.167
0.364
0.007
0.010
0.080
0.000
0.594
3.001
2.539
0.534
0.163
0.000
0.129
0.000
0.000
0.000
0.005
0.000
0.000
6.185
4.085
1.006
4.238
0.037
2.611
2.604
1.336
13.392
4.902
3.799
0.126
14.423
0.460
2.775
1.294
0.044
0.000
0.007
0.906
0.103
17.711
0.000
11.555
2.909
0.006
9.831
0.261
0.271
0.019
0.000
7.199
0.000
0.000
2.694
0.675
0.000
0.000
2.492
0.285
0.000
0.000
0.000
0.825
12.421
0.740
29.032
0.734
5.213
15.342
16.637
0.601
9.865
0.057
0.054
3.864
0.760
0.000
14.224
14.023
0.000
0.000
0.609
0.083
0.000
6.816
3.129
0.000
0.000
0.605
0.070
28.682
0.161
45.984
0.292
0.237
0.000
0.053
0.675
9.961
8.289
0.561
2.292
1.877
0.431
0.078
0.067
0.028
1.643
1.277
6.884
0.362
0.022
0.009
0.139
0.189
1.425
8.697
25.215
0.060
0.000
0.000
0.000
0.000
0.000
13.993
9.843
0.007
24.904
0.007
0.819
0.026
0.000
4.311
0.000
0.008
1.956
7.317
0.119
1.072
0.000
0.196
0.143
0.094
1.371
4.780
6.992
0.239
3.523
0.000
0.055
0.000
0.000
0.000
0.451
7.720
0.123
1.634
0.201
0.000
0.000
0.110
2.505
0.084
0.040
0.000
0.269
4.587
4.285
0.000
0.000
0.015
0.124
0.296
0.120
0.027
2.194
3.885
0.008
0.014
0.061
0.090
0.401
0.000
0.001
0.000
0.000
0.000
0.000
0.000
0.000
0.000
0.000
0.000
0.000
0.000
0.281
0.000
0.000
11.787
14.193
0.000
0.169
0.497
2.540
0.543
0.023
0.008
0.000
8.035
6.573
5.469
1.385
0.000
0.000
0.480
1.972
4.458
4.172
2.435
0.172
0.004
0.771
2.355
0.425
0.078
0.000
0.000
2.010
0.098
0.397
0.743
0.075
0.537
0.000
0.000
0.025
16.937
3.718
0.529
1.031
0.000
0.406
0.409
2.117
9.209
0.000
0.000
0.000
0.000
0.000
0.925
2.134
5.341
0.187
0.000
0.000
0.000
0.000
0.000
0.000
0.000
0.031
0.567
0.019
0.339
0.000
0.000
0.000
0.000
0.000
0.000
0.527
10.667
0.157
0.000
0.000
0.057
1.092
1.457
2.014
2.625
0.111
0.199
0.002
0.000
0.000
0.000
0.000
0.000
0.000
0.000
0.000
0.455
11.865
0.552
3.563
0.000
0.005
0.969
0.032
0.005
0.000
0.009
0.000
0.000
0.000
0.002
2.795
0.885
0.000
0.000
0.000
0.000
0.009
0.000
0.000
0.000
7.590
0.738
0.000
0.000
0.000
0.000
0.183
8.291
0.000
0.000
0.000
0.000
0.000
0.000
0.004
0.938
0.000
0.000
0.000
0.000
0.000
0.000
0.000
0.000
0.018
0.000
0.000
0.000
0.015
0.283
0.000
0.038
16.192
7.025
5.253
3.032
0.000
4.369
3.854
5.769
6.894
5.611
0.114
0.000
0.000
0.568
3.493
0.089
4.360
0.000
0.000
0.000
0.001
0.876
0.000
0.000
0.000
0.000
0.000
0.010
0.194
3.200
1.317
0.000
0.134
9.393
2.761
2.347
0.483
0.000
0.303
0.053
2.335
3.609
1.069
0.054
0.000
0.000
3.145
0.000
0.000
0.000
0.094
5.794
0.000
4.741
3.533
6.613
0.000
29.652
0.427
0.245
2.294
2.946
1.368
0.602
0.000
10.602
0.065
2.010
4.896
1.509
0.022
2.940
8.049
3.335
2.125
0.173
0.148
0.011
1.550
6.250
0.000
0.153
1.852
5.496
0.084
3.325
2.349
0.009
0.000
0.000
0.146
10.142
0.073
0.000
2.379
15.270
0.487
0.008
0.000
0.008
0.000
0.166
0.000
0.000
0.000
0.218
1.821
7.239
2.900
2.918
0.307
0.000
0.057
1.665
21.283
1.940
0.006
0.473
4.577
0.086
0.251
25.555
1.310
1.046
0.000
0.055
1.219
0.012
5.199
0.000
6.515
8.121
1.503
0.000
0.000
0.000
0.074
12.101
0.001
0.647
5.740
0.000
0.000
0.000
0.000
0.000
0.032
0.000
0.000
0.000
7.293
14.496
0.325
0.000
1.695
28.474
0.192
2.482
2.097
10.596
3.545
8.174
5.795
0.045
0.701
0.000
4.133
18.414
5.999
1.257
0.000
0.000
0.109
0.287
0.348
0.000
0.000
0.000
0.000
0.012
7.260
0.579
0.000
0.000
0.000
0.000
0.842
3.266
0.231
0.015
0.000
0.253
8.947
0.181
0.015
1.497
1.680
1.430
3.720
0.059
3.996
2.782
1.556
0.008
0.078
1.630
0.000
0.001
0.000
0.000
0.000
0.045
0.006
0.000
0.164
0.000
0.001
0.020
0.080
1.875
1.142
0.289
0.000
0.013
0.039
0.000
0.001
0.000
0.000
0.000
0.324
8.287
0.678
0.032
0.000
0.156
0.002
3.147
0.241
1.246
0.476
0.529
1.531
0.000
0.901
1.835
0.234
3.225
0.012
0.205
0.305
0.000
0.224
0.000
1.080
0.201
0.206
0.045
0.000
0.000
0.000
0.000
0.000
0.000
0.021
0.000
0.000
0.000
8.894
1.941
0.000
0.304
1.093
0.560
0.000
0.010
0.000
0.000
0.000
0.000
0.000
0.000
0.000
0.007
0.000
0.140
0.000
0.024
0.757
0.000
0.000
1.084
2.170
0.000
0.001
0.320
0.000
0.000
0.000
0.000
0.000
0.312
0.052
0.000
0.000
0.004
2.227
4.820
6.953
0.574
0.000
6.727
0.000
9.428
0.000
0.000
0.000
0.000
0.000
0.000
0.000
1.972
4.858
0.000
0.000
0.000
0.000
0.111
0.000
0.000
0.000
0.000
0.000
0.000
0.172
0.000
0.529
0.411
0.117
0.041
0.022
0.311
2.748
12.088
0.000
0.000
0.990
0.541
0.000
0.000
0.012
0.053
0.340
1.585
0.000
0.000
0.000
0.000
0.020
7.209
0.000
0.000
0.187
3.703
0.000
0.000
0.000
0.000
0.000
0.000
0.000
0.008
0.067
0.000
0.041
0.146
0.000
0.138
2.886
0.031
0.461
0.000
0.000
0.000
0.000
3.099
18.133
6.894
0.000
0.000
0.000
0.000
0.000
0.000
0.498
6.932
6.819
0.007
0.000
0.001
0.000
2.132
6.342
0.256
0.108
3.207
0.266
7.656
1.323
0.000
4.575
10.907
0.166
0.000
10.219
0.013
0.000
12.968
0.011
0.437
9.128
0.000
0.020
5.088
3.749
40.995
3.516
0.001
0.115
0.000
0.000
0.043
3.410
0.064
0.074
0.000
0.161
33.597
10.464
4.816
11.353
16.382
7.170
5.411
0.000
0.000
2.508
8.118
0.000
0.287
22.929
0.000
0.000
1.098
0.004
0.000
0.000
0.077
15.955
5.086
0.006
1.608
0.016
0.012
0.897
0.172
0.076
0.202
1.103
0.069
10.407
0.025
0.117
0.384
0.167
0.000
0.000
0.000
0.000
0.000
0.000
0.000
0.000
0.142
0.000
0.000
0.000
0.000
0.002
0.190
0.071
0.081
0.000
12.683
2.579
3.672
14.236
6.941
0.192
0.000
0.039
0.726
5.513
2.768
6.357
1.855
0.000
3.309
0.091
0.000
1.922
0.032
0.107
1.206
0.027
33.554
1.652
0.000
0.000
0.000
0.002
27.511
0.204
0.000
1.344
9.850
0.236
3.530
3.076
0.293
0.044
0.000
0.000
1.852
10.674
12.055
2.989
0.343
9.324
7.497
16.099
11.584
0.064
0.020
0.008
0.656
0.000
0.001
0.000
0.000
2.449
0.071
0.000
0.000
0.000
0.789
8.327
5.929
17.303
0.883
2.462
0.006
0.000
0.000
0.000
0.022
0.063
1.742
6.534
0.473
1.046
0.567
1.776
0.106
0.092
0.000
0.043
2.019
0.038
0.002
1.091
0.541
0.344
0.000
0.012
0.120
0.000
0.014
0.027
0.004
3.084
0.649
0.002
0.000
0.000
0.000
0.062
0.067
0.005
0.000
0.000
0.000
0.000
0.000
0.236
0.000
0.000
0.000
0.000
0.000
0.000
0.090
0.055
0.982
1.233
0.157
0.225
0.501
13.584
11.912
0.092
0.317
3.976
0.000
0.000
0.000
0.000
0.000
0.000
0.878
0.291
0.063
0.000
0.000
0.000
0.015
0.029
0.000
0.000
0.000
0.000
0.000
0.000
0.000
9.266
0.026
0.801
0.000
0.000
0.000
5.316
0.233
0.186
0.008
0.000
0.000
0.000
8.351
0.086
1.406
7.052
3.159
0.000
0.000
1.307
3.031
3.792
0.132
0.668
0.000
0.000
0.000
0.048
0.961
6.912
0.545
3.192
1.107
0.424
0.000
0.564
0.000
0.008
1.406
0.000
0.166
0.760
0.000
0.000
0.000
0.000
15.616
2.706
0.000
0.007
20.700
0.835
0.000
0.062
0.000
0.000
0.000
0.000
0.000
0.000
0.000
0.000
0.000
0.000
0.000
0.000
0.045
0.000
0.013
0.140
1.438
0.000
0.025
0.079
7.667
10.899
3.016
0.000
0.081
19.473
3.568
0.035
0.130
2.174
0.693
7.773
0.189
0.031
7.820
1.675
0.000
0.000
0.007
0.000
0.000
0.000
8.369
2.490
1.953
7.118
0.535
3.581
0.711
0.000
0.000
0.099
2.951
0.001
0.000
0.000
0.056
0.193
0.613
2.215
0.000
6.925
8.686
0.279
0.037
8.656
9.011
0.646
7.269
0.107
2.826
0.027
0.000
0.000
0.000
0.000
0.000
0.000
0.002
12.138
0.000
0.000
0.000
20.460
4.275
0.000
5.335
0.000
2.711
0.229
1.329
1.404
1.113
0.409
0.127
0.033
0.428
0.985
7.128
3.504
2.387
0.000
4.224
0.152
42.566
0.745
0.000
0.000
2.928
0.006
0.079
0.000
0.000
18.924
13.217
2.411
0.837
0.049
0.022
1.585
2.520
0.278
15.770
4.348
0.215
0.025
0.007
0.000
0.015
0.000
0.692
0.148
0.050
2.602
0.000
0.000
0.000
0.201
2.725
0.073
3.859
3.145
22.057
0.003
0.000
0.000
0.108
3.073
26.752
0.387
0.028
0.222
0.000
17.049
0.094
2.933
0.487
0.000
0.000
0.000
0.000
4.044
19.723
4.456
0.415
0.000
0.000
0.000
0.187
7.445
0.231
12.885
2.359
0.000
0.000
0.000
29.968
0.216
0.668
22.625
2.174
0.414
0.086
0.213
9.814
0.211
0.000
1.329
6.269
0.099
0.015
2.509
1.358
1.685
0.050
0.025
16.911
1.905
0.121
13.789
0.746
20.925
7.305
2.217
0.000
0.031
1.629
20.742
4.745
4.311
0.813
0.206
0.503
0.000
0.000
0.000
0.000
0.150
38.173
4.871
0.272
0.000
0.000
0.000
0.576
0.000
0.000
0.000
0.013
0.158
0.062
0.958
0.004
0.124
0.000
0.000
0.058
0.063
0.007
0.000
1.506
0.005
0.000
0.000
0.173
0.000
1.603
0.036
8.377
0.006
0.000
0.000
1.324
1.418
0.522
0.193
0.051
2.835
16.749
1.054
0.000
0.000
0.000
0.000
0.000
0.000
8.650
0.488
0.000
1.021
0.273
1.902
0.000
0.815
0.039
0.000
0.005
0.005
0.000
0.000
0.000
0.000
0.000
7.065
0.002
0.024
21.426
11.749
2.190
0.010
2.449
0.022
0.000
0.000
0.000
0.000
0.000
0.698
0.354
0.022
0.000
0.000
7.679
1.277
3.835
0.033
10.581
0.890
0.532
0.075
0.000
0.000
0.128
0.000
0.000
0.184
0.090
0.004
0.121
0.000
0.000
0.000
0.000
0.000
0.000
0.001
0.283
0.000
0.046
0.000
0.002
0.591
0.000
0.001
0.000
0.037
0.748
1.362
0.000
0.000
0.000
0.031
0.000
0.000
0.000
0.000
0.000
0.000
0.000
0.000
0.000
0.000
0.000
0.516
0.721
0.000
0.000
0.000
0.000
0.000
0.005
0.733
0.000
0.000
2.484
0.000
0.036
2.489
0.007
0.000
0.075
0.937
0.000
0.011
0.000
0.000
0.000
0.114
0.002
0.000
0.000
10.732
6.101
0.099
0.021
0.091
0.790
0.126
1.414
0.031
0.000
0.000
0.011
0.316
0.023
0.009
0.000
0.002
0.065
0.059
0.334
0.000
0.014
0.034
0.000
0.050
5.438
0.034
0.000
0.000
0.342
3.459
0.000
0.000
0.046
0.003
0.000
0.000
0.000
2.211
0.000
0.000
0.051
7.091
0.018
0.000
0.000
0.000
0.000
0.000
0.000
0.000
0.106
0.348
0.346
5.373
15.049
0.000
0.000
0.001
0.000
0.047
1.955
0.094
1.163
1.010
0.000
13.184
23.387
10.984
7.967
1.529
0.843
0.000
0.000
0.025
0.008
0.000
24.430
6.683
0.093
2.373
0.118
0.136
2.640
0.000
1.575
0.000
0.000
0.200
0.613
0.535
0.001
0.000
0.001
0.414
0.074
8.273
9.205
21.108
0.000
0.000
0.008
0.000
17.270
2.004
1.100
5.135
33.862
4.057
0.000
26.008
4.288
0.000
0.000
14.218
4.259
0.000
0.000
0.000
0.000
0.005
1.343
0.052
0.000
0.000
0.000
0.000
0.000
50.572
10.460
13.215
0.000
0.019
0.013
37.200
36.031
0.000
0.000
0.000
1.026
5.795
0.044
0.635
1.717
0.001
0.000
1.735
0.571
1.002
1.940
0.000
24.006
1.325
5.287
7.193
0.553
0.010
0.000
0.000
0.002
0.076
0.000
0.000
10.390
0.656
0.050
0.001
0.000
0.000
0.000
0.000
0.000
0.006
0.000
0.000
0.130
0.448
6.597
3.502
0.808
1.218
5.068
4.708
0.448
0.000
0.000
0.002
0.000
0.041
0.000
0.000
0.000
0.000
15.455
0.162
2.891
6.662
0.312
1.387
4.371
0.202
0.190
8.872
0.078
3.566
0.000
0.000
0.046
0.000
0.003
0.001
0.116
0.000
0.204
0.000
0.000
0.000
0.000
0.000
0.000
0.000
8.634
6.815
1.076
0.001
0.000
0.000
0.009
0.347
0.014
0.000
0.023
0.000
0.000
0.802
0.083
0.259
0.276
0.008
0.203
0.000
0.000
0.000
0.000
0.000
0.000
0.000
0.026
0.078
0.000
0.000
0.000
0.000
0.000
0.005
0.065
1.206
0.004
0.233
0.000
0.211
1.249
0.041
3.050
0.426
1.509
5.252
0.000
0.000
0.023
0.799
0.000
7.273
0.061
