19810101
0.030
0.237
0.077
0.000
0.003
0.018
0.000
0.000
0.028
0.000
0.000
0.000
0.032
1.360
0.032
0.000
0.000
0.000
0.057
0.000
0.000
0.000
0.000
0.000
0.000
0.754
0.009
0.000
0.000
0.000
0.020
5.590
1.884
0.000
0.000
0.004
0.109
1.764
1.050
0.452
0.206
0.001
0.000
0.000
0.000
0.000
0.000
0.000
0.780
0.060
0.000
0.444
6.829
0.874
0.082
0.000
0.000
0.327
5.030
0.000
0.199
0.320
0.173
0.000
0.000
0.000
0.000
0.046
0.001
0.000
0.000
0.000
0.000
0.000
0.000
0.000
0.000
0.000
0.000
0.000
0.000
0.000
0.000
0.514
9.411
0.000
1.363
8.007
4.464
1.365
4.539
0.000
2.725
7.185
0.000
0.291
0.951
0.000
0.017
5.433
0.000
0.000
11.888
1.833
0.000
0.259
2.671
0.000
0.816
0.000
0.445
8.574
27.381
3.378
0.061
0.773
4.083
5.767
3.527
4.045
9.213
0.000
0.748
0.009
3.680
0.000
0.000
0.000
3.553
0.000
0.000
0.000
0.000
0.000
0.000
0.000
0.000
0.000
0.000
0.000
0.000
1.834
3.734
9.369
3.580
2.003
0.015
0.006
1.520
1.580
0.431
4.349
3.180
21.691
0.012
2.664
2.052
0.766
1.277
0.000
6.059
2.168
2.913
11.323
15.456
4.063
1.099
0.494
1.083
0.907
5.969
3.147
17.647
3.437
12.334
1.750
2.676
0.005
15.244
15.938
0.000
0.000
0.000
2.805
0.085
0.000
0.000
0.000
0.221
1.205
0.081
9.851
0.539
0.393
15.086
10.056
0.082
2.782
0.000
0.000
2.197
3.264
0.000
2.472
3.322
8.071
0.229
0.000
0.000
0.000
0.139
11.579
0.474
1.278
9.354
8.133
0.099
22.311
5.622
1.537
2.231
0.150
0.100
0.000
0.000
0.000
0.002
0.000
0.000
0.000
0.000
0.017
12.899
15.820
1.516
0.122
6.212
2.530
3.206
0.000
0.000
0.000
0.435
12.857
0.000
0.000
0.000
0.000
0.818
18.812
0.000
0.000
0.000
0.061
0.000
0.000
0.000
0.292
1.258
0.000
0.000
0.000
0.000
0.693
0.000
0.034
0.303
5.262
6.725
9.914
0.954
3.179
2.422
15.980
0.174
0.001
29.909
1.942
6.925
0.000
0.000
0.016
5.551
0.841
0.331
12.209
14.633
0.000
1.702
12.982
10.086
0.205
1.843
0.248
1.051
0.961
0.708
1.971
0.000
0.000
0.008
0.001
0.020
0.324
0.000
0.000
0.000
0.000
0.000
0.000
0.000
0.000
0.000
0.000
0.000
0.000
0.000
0.000
0.384
0.936
0.000
0.000
0.000
0.003
0.000
0.000
0.000
0.386
0.610
11.017
1.424
0.000
0.000
0.000
0.033
0.070
0.000
0.000
0.000
0.000
0.086
0.041
0.000
0.000
0.000
4.001
0.003
0.069
0.000
0.000
0.000
0.000
0.000
0.558
4.610
0.000
0.105
0.062
0.066
2.144
0.642
1.565
0.011
0.152
4.966
0.000
4.037
4.519
0.239
0.000
0.000
0.000
0.581
0.000
0.012
0.000
0.000
0.401
0.377
1.603
0.113
0.178
0.701
0.301
0.452
2.360
0.071
15.238
0.000
0.000
0.000
0.000
0.021
3.029
0.048
0.127
0.873
2.574
0.000
0.053
0.000
0.017
0.269
0.000
0.000
0.000
0.000
0.000
0.085
0.070
0.000
0.000
0.341
0.551
0.000
0.000
0.000
0.000
0.009
2.374
0.001
0.429
0.521
1.032
0.279
0.000
0.000
0.000
0.000
0.000
0.024
3.696
2.423
0.002
1.356
0.728
5.375
0.000
1.843
0.973
0.028
5.374
0.040
7.778
0.677
0.000
0.000
0.109
0.024
0.000
0.000
1.376
0.277
3.537
4.699
0.001
2.509
18.790
11.263
0.000
0.000
0.000
0.000
0.156
0.758
0.000
1.450
5.263
0.000
4.012
7.246
0.024
0.004
2.947
0.000
0.000
0.000
0.000
0.000
0.000
0.005
0.000
0.000
0.000
0.401
0.001
0.097
0.000
7.955
21.432
2.156
0.000
0.000
0.000
18.049
10.376
0.821
12.481
7.110
6.268
1.927
7.802
24.317
2.416
0.030
0.000
0.000
0.000
0.000
0.000
0.000
0.000
0.000
3.859
1.064
2.079
0.429
0.000
0.000
0.000
0.000
1.833
4.528
0.034
0.587
14.808
0.030
0.212
0.007
0.554
5.051
0.024
0.138
0.875
0.666
6.297
4.251
0.029
0.360
1.238
0.000
0.000
0.000
1.243
12.646
0.000
0.000
0.000
9.755
0.655
5.134
14.664
12.996
0.000
12.616
1.428
1.032
3.442
0.630
2.053
0.677
9.140
0.856
0.417
2.325
6.363
5.758
0.013
0.000
12.356
2.129
1.606
0.000
0.419
9.595
1.356
0.007
0.224
0.001
1.490
0.000
0.000
1.064
7.113
0.430
2.588
0.000
0.000
0.028
3.969
0.258
0.101
0.000
1.088
0.399
19.377
0.158
0.989
4.406
3.072
0.227
3.126
0.259
0.377
0.000
0.377
0.019
3.489
3.539
1.141
0.352
0.000
2.103
0.000
0.000
0.000
0.000
6.103
0.928
20.264
15.090
0.946
10.352
2.260
7.099
0.707
0.564
0.872
0.000
0.000
1.124
3.378
0.000
0.000
0.029
2.128
8.246
1.470
0.000
26.321
6.289
0.097
0.017
31.500
17.615
0.524
3.200
15.821
3.981
3.948
1.477
0.018
0.178
0.000
4.831
0.413
0.340
0.765
0.000
0.000
0.000
0.000
0.000
0.001
0.000
0.190
2.538
0.106
0.000
0.000
1.863
12.766
3.132
0.019
0.000
0.000
0.000
0.000
5.757
1.017
5.733
0.057
0.000
0.000
0.000
0.000
0.002
1.636
11.561
3.216
2.138
0.000
0.000
0.000
0.000
0.000
0.000
0.000
0.014
0.000
0.192
0.010
0.000
0.000
0.000
0.000
0.000
0.000
0.000
0.000
0.000
0.000
0.131
1.480
0.000
0.000
0.426
2.185
0.742
0.001
0.020
1.398
0.000
2.330
0.185
0.208
6.189
0.044
0.045
0.668
0.052
0.000
0.000
0.895
0.001
3.531
8.644
0.000
0.000
9.924
0.000
0.002
0.257
3.078
0.000
0.023
0.193
0.000
0.000
0.000
0.000
0.000
0.000
0.000
0.000
0.000
0.000
0.000
2.591
3.833
0.001
0.000
0.000
0.026
0.000
0.004
0.000
0.000
0.000
0.058
1.611
0.596
0.182
0.000
0.000
0.000
0.000
0.048
1.524
0.237
1.319
0.000
0.000
0.000
0.000
0.000
0.000
0.092
0.298
1.721
0.001
0.000
0.001
0.461
2.937
10.248
2.926
0.422
0.000
0.000
0.000
0.000
0.000
0.001
0.443
0.904
3.618
0.000
0.000
0.000
0.000
0.000
0.000
0.000
0.000
0.330
0.349
0.041
3.909
5.585
2.410
1.817
0.000
0.121
0.000
0.786
3.520
0.000
0.000
0.821
0.000
0.000
5.925
1.834
3.326
0.000
0.000
0.065
0.000
0.000
0.000
0.000
0.000
0.000
0.000
0.939
1.365
0.347
1.416
0.000
0.000
0.000
0.000
0.000
0.000
0.000
0.000
0.000
0.140
0.645
0.532
0.581
16.815
0.000
1.218
0.155
0.000
0.000
2.775
2.111
3.566
0.322
0.143
1.037
0.100
0.000
0.227
7.822
6.550
3.417
2.404
0.026
0.001
2.764
6.393
2.253
0.076
0.000
0.000
1.280
0.492
11.409
0.024
11.264
12.351
23.583
2.687
0.005
0.000
0.000
0.000
2.389
3.396
0.000
3.349
0.808
5.294
1.442
0.000
0.000
10.800
3.521
0.002
37.485
20.183
6.025
0.000
0.000
0.000
0.000
0.000
0.000
0.000
0.000
0.000
0.000
3.524
0.028
5.305
0.423
0.167
2.658
0.000
0.000
0.000
0.000
0.000
0.000
0.000
1.418
4.368
13.262
0.378
1.137
33.687
0.000
0.044
0.070
0.098
0.275
0.000
32.217
1.205
0.000
1.111
0.903
0.000
0.346
4.029
0.003
1.090
0.051
1.534
4.791
0.000
5.757
2.873
7.029
0.278
5.353
4.247
1.949
0.000
0.000
0.000
0.657
0.108
7.065
2.597
0.628
0.014
1.088
19.047
0.000
5.171
0.446
0.289
6.863
16.808
0.037
0.468
0.634
0.080
1.100
1.587
0.160
0.000
0.000
0.000
0.000
0.000
3.364
9.188
6.324
1.945
12.960
1.125
4.401
0.233
3.415
2.324
0.000
0.317
19.871
0.007
0.891
0.518
1.299
6.623
0.130
0.002
0.277
0.524
0.000
0.000
0.000
0.039
1.507
0.000
0.000
0.000
0.000
0.000
0.000
0.000
0.000
0.000
0.000
0.004
0.056
0.045
0.000
3.201
0.034
0.000
0.001
1.737
0.536
0.000
0.000
0.000
0.000
0.017
19.601
11.686
0.350
5.103
12.771
0.212
0.000
0.000
7.415
6.039
0.837
0.106
0.001
0.000
0.017
0.000
0.000
0.001
0.000
0.022
0.143
10.130
0.321
3.434
7.849
2.316
0.060
0.323
0.000
0.000
0.000
2.952
1.146
0.000
0.000
0.000
0.040
1.008
0.052
0.000
0.000
0.000
0.000
0.000
0.000
0.000
0.741
0.024
0.001
0.000
0.036
0.108
0.012
2.258
1.182
0.000
0.000
1.398
0.000
0.000
0.000
0.000
0.000
0.000
0.000
0.156
0.147
1.527
0.402
2.574
0.480
0.738
0.000
0.000
0.292
1.421
1.896
0.832
0.413
0.000
0.000
0.000
0.000
0.000
2.002
7.243
0.896
0.003
0.000
0.600
0.002
0.094
0.000
0.000
0.000
0.000
0.000
0.000
0.000
0.000
0.000
0.000
0.000
0.000
0.046
0.247
8.138
0.000
0.000
0.000
0.000
0.003
0.021
0.000
4.800
0.000
0.605
0.000
0.000
0.000
0.000
0.000
0.024
0.000
0.000
0.000
0.000
0.000
0.000
0.000
0.000
0.000
0.000
0.000
0.000
0.000
0.000
0.000
0.000
0.000
0.000
0.000
0.000
0.232
1.227
0.919
0.001
0.000
0.000
0.000
0.000
0.000
0.000
0.000
0.000
0.000
0.000
0.045
5.415
15.205
8.597
0.067
2.035
0.489
0.000
0.000
0.000
1.781
1.277
29.972
4.312
0.105
0.509
0.872
0.050
4.071
0.039
0.000
5.090
10.879
0.000
0.000
0.000
5.353
2.377
0.520
0.878
0.278
0.762
0.000
0.000
0.000
0.000
0.000
0.780
16.042
0.000
1.699
10.971
12.219
18.007
31.388
4.140
19.385
5.235
5.301
8.317
0.000
0.483
3.532
0.333
0.881
0.000
1.638
0.000
22.394
0.088
0.250
0.540
5.207
9.391
0.000
0.000
0.070
0.000
0.389
13.366
0.154
0.168
1.702
0.050
0.477
2.541
0.382
0.066
0.000
6.820
0.215
0.009
0.081
4.807
0.359
0.000
0.000
0.000
0.897
0.024
0.000
0.000
0.385
2.559
0.000
0.000
0.000
2.493
6.860
0.000
0.000
0.000
8.646
0.001
0.840
14.292
2.607
0.060
0.000
0.000
0.381
0.007
0.956
0.000
0.000
0.367
0.000
1.199
12.287
0.003
0.000
0.006
0.401
0.002
0.257
0.000
0.456
0.008
0.000
0.528
3.972
0.365
2.162
1.346
0.000
1.533
3.793
1.746
2.156
0.046
6.468
3.382
0.000
0.000
0.000
0.000
0.000
0.000
0.000
0.000
1.208
0.883
25.268
4.812
0.758
1.469
0.610
0.000
0.000
0.000
0.000
0.000
0.071
0.552
0.106
1.964
0.698
0.000
0.000
0.020
0.228
0.000
3.378
13.497
10.740
43.108
2.152
45.650
2.648
1.152
1.250
0.142
0.000
0.007
0.061
0.495
3.939
0.113
1.687
0.508
2.566
0.000
0.024
0.709
0.027
0.000
0.000
0.041
0.000
0.000
0.000
0.000
0.000
0.047
0.620
0.447
0.000
0.000
0.000
0.000
0.000
0.000
0.000
0.000
0.000
1.074
1.594
6.619
0.000
0.026
0.003
0.000
0.000
0.011
0.518
0.802
0.000
0.000
0.000
0.000
0.000
0.000
0.000
0.000
0.000
19.092
9.355
2.160
0.053
0.000
0.000
0.000
0.000
0.000
0.000
0.000
0.000
0.766
1.403
0.000
1.523
0.444
0.046
0.000
0.000
0.000
0.490
1.532
0.000
0.000
0.132
0.011
0.000
0.151
0.362
0.000
0.000
0.000
1.605
0.035
0.000
0.038
0.000
0.000
0.025
0.832
0.000
0.002
0.173
0.001
0.814
0.000
0.000
0.000
0.000
0.000
0.000
0.455
0.415
0.000
0.273
5.090
0.000
0.000
0.010
0.198
0.000
0.119
0.135
0.293
0.924
0.015
0.405
0.000
0.000
0.023
0.001
1.437
0.000
0.000
0.000
0.000
0.009
13.117
16.060
0.000
0.000
0.000
0.000
0.000
0.198
0.000
1.407
0.000
0.000
0.000
0.000
0.000
0.000
0.000
0.000
0.000
0.000
1.290
0.000
0.000
0.000
0.000
3.518
0.235
0.000
0.620
0.000
0.028
0.000
0.000
0.000
0.000
0.000
0.000
0.000
0.000
0.000
4.929
1.432
0.000
0.025
0.215
0.000
0.354
0.000
5.942
19.895
38.755
16.514
0.006
0.000
0.000
0.000
0.000
2.830
0.000
0.154
0.000
0.097
0.828
6.230
0.014
0.000
1.887
0.000
17.744
21.902
6.132
0.674
8.753
5.601
0.076
0.000
0.224
0.000
0.000
0.000
0.000
0.008
6.189
4.961
0.000
0.416
2.811
13.862
40.204
0.324
0.083
0.030
0.205
1.864
0.000
1.100
0.022
0.000
0.000
0.476
0.462
0.606
0.000
0.400
0.569
4.842
3.486
0.000
0.000
0.660
18.518
0.272
0.000
8.271
54.367
6.918
7.345
0.103
0.000
0.002
1.947
0.006
11.723
5.866
0.000
0.000
0.048
2.653
0.110
0.047
0.000
0.041
0.298
0.017
0.000
5.540
50.122
0.566
0.020
6.012
0.153
1.050
21.047
5.720
0.000
0.034
0.028
0.000
0.000
0.280
0.000
0.000
0.786
0.042
11.037
0.353
0.000
0.000
1.324
1.651
0.001
25.282
10.603
0.000
1.314
4.967
2.685
1.005
0.514
0.000
0.000
0.000
7.773
8.180
0.158
0.337
0.000
0.000
14.775
0.001
1.157
2.481
1.703
21.383
0.000
0.000
9.649
0.000
0.157
8.841
0.752
0.000
0.000
0.002
0.000
0.000
0.593
5.439
3.054
2.132
5.990
0.064
6.319
10.338
11.846
0.001
0.000
0.000
0.000
0.088
9.058
11.555
1.336
0.428
0.028
0.055
0.201
1.064
19.888
0.008
0.000
0.000
11.274
0.505
0.685
0.000
0.000
0.000
0.000
0.000
0.000
0.000
0.000
1.961
0.001
0.000
0.000
0.000
0.000
0.514
2.067
0.000
0.091
0.000
0.000
0.000
0.000
6.808
0.000
0.000
0.000
0.000
0.000
0.963
0.000
0.075
0.340
4.163
0.273
6.263
9.441
0.207
0.182
2.027
1.476
0.579
2.598
7.426
0.079
0.235
1.097
3.173
6.716
1.429
0.000
1.269
0.371
0.250
0.000
0.000
0.760
0.048
0.002
0.000
0.000
0.049
0.715
0.057
0.000
0.000
0.000
0.000
0.000
0.123
3.911
0.018
0.048
4.535
0.686
0.000
0.000
0.000
0.000
0.000
0.001
1.056
0.574
0.000
0.032
0.000
0.000
0.000
0.000
0.000
0.156
0.000
0.000
0.000
0.000
0.000
0.043
0.001
1.219
0.582
5.230
1.747
1.695
3.229
0.089
0.054
0.000
0.210
0.000
0.000
2.035
0.000
0.001
0.000
0.001
0.000
0.000
0.055
0.000
0.000
0.000
0.000
0.000
0.419
0.000
0.000
0.000
1.073
0.152
8.114
0.285
1.395
0.002
0.264
0.035
3.402
0.696
0.000
0.000
0.000
0.018
0.000
3.710
0.004
0.029
0.000
0.219
7.451
0.000
0.000
0.002
2.720
0.000
0.000
0.000
0.001
2.316
0.000
0.000
0.000
0.000
0.018
0.000
0.000
0.000
0.000
0.000
0.000
0.000
0.026
0.000
1.023
0.352
2.070
1.942
0.800
0.010
0.000
0.000
0.000
0.210
0.000
1.591
11.516
0.000
0.000
0.092
12.239
0.982
0.036
0.000
0.561
0.304
2.263
10.045
13.887
32.244
6.167
6.273
5.026
0.000
0.000
0.000
0.000
0.282
0.130
11.214
14.537
5.057
17.611
8.888
5.863
0.000
6.540
3.448
0.000
0.000
0.000
0.000
0.000
0.000
0.000
0.544
0.757
0.548
0.000
0.000
0.000
0.000
0.000
0.266
0.061
1.000
19.777
0.000
0.000
10.924
0.470
0.014
4.458
35.495
0.210
0.000
3.137
0.471
7.518
0.000
0.000
20.220
0.182
4.054
12.314
2.795
2.196
1.917
1.581
14.228
0.000
0.000
0.000
0.184
8.978
1.388
21.616
1.127
4.595
0.088
4.816
2.537
0.808
10.472
20.150
3.306
4.433
0.009
1.010
3.544
0.092
11.257
0.000
0.003
0.320
0.000
6.572
3.730
0.000
12.006
1.302
0.000
0.000
0.014
0.729
1.003
0.501
0.960
6.240
0.431
10.071
5.209
0.091
5.981
0.196
0.000
2.641
18.498
1.934
0.000
0.000
0.000
0.000
2.954
5.651
6.567
11.003
0.013
1.170
0.695
0.070
0.943
0.000
0.000
0.015
36.177
10.556
23.520
3.374
1.120
0.000
0.000
0.000
0.000
9.218
12.992
0.378
4.396
0.000
0.779
0.000
30.699
0.847
0.106
17.061
3.212
5.896
0.000
0.000
9.863
0.024
0.364
0.000
6.054
0.039
0.000
0.873
1.016
0.003
0.300
0.117
0.457
0.324
0.001
0.038
2.646
3.614
3.407
2.382
0.000
0.000
0.000
0.000
0.000
0.000
0.000
0.000
0.000
0.000
0.000
0.000
0.000
0.168
0.338
0.053
0.853
0.000
0.004
0.572
0.000
1.758
7.587
9.090
13.977
2.550
1.646
1.393
0.671
0.000
0.000
1.052
0.321
0.000
0.000
0.141
5.671
0.001
0.146
1.059
1.609
0.000
0.000
0.009
0.000
0.000
0.000
0.000
0.003
4.571
0.158
0.000
0.000
0.009
0.001
0.000
0.087
3.356
0.102
0.000
0.393
0.091
0.000
0.030
0.027
0.000
0.000
0.000
0.000
0.000
0.000
0.000
0.000
0.000
0.000
0.021
0.000
0.397
0.535
0.000
0.000
0.000
0.000
0.809
2.080
0.000
0.000
0.000
0.000
0.000
0.000
0.000
0.000
0.000
0.000
0.000
0.568
1.448
0.836
1.285
0.000
0.000
0.000
0.000
0.000
0.000
0.202
4.914
0.000
0.000
2.385
0.624
0.000
0.000
0.000
0.000
0.001
0.000
0.000
0.000
0.000
0.000
0.000
0.000
0.000
0.000
0.000
0.000
0.000
0.133
0.563
0.377
0.321
0.000
0.000
0.000
0.000
3.332
1.029
0.000
0.000
0.000
0.000
0.000
0.000
0.000
0.000
0.000
0.000
0.819
0.817
0.000
0.000
0.000
0.000
0.000
0.000
0.000
0.000
7.336
6.154
0.036
0.105
0.026
0.000
0.000
0.000
0.020
3.125
0.000
0.000
0.000
0.000
0.000
0.000
0.000
0.000
0.189
0.000
0.000
0.016
0.000
0.000
0.000
0.000
0.000
0.000
0.419
0.153
0.000
0.000
0.149
2.056
0.771
0.784
0.000
0.000
0.163
5.389
0.000
0.000
0.000
0.000
0.000
0.000
0.000
0.000
0.000
0.535
0.090
0.378
3.527
0.493
6.970
22.605
25.080
4.926
3.634
11.841
22.990
2.765
0.070
1.057
3.455
0.407
0.000
0.000
4.559
0.725
0.105
9.923
1.387
0.049
0.000
0.000
0.000
0.000
0.000
0.289
11.773
0.000
0.000
0.000
0.000
0.000
0.019
0.000
0.000
0.000
0.000
0.000
0.048
0.000
0.741
0.412
1.111
0.000
1.016
0.005
0.842
11.732
1.081
0.000
0.413
7.807
0.611
9.533
0.000
0.098
11.184
1.447
1.841
0.089
0.372
0.265
13.681
51.468
26.708
7.425
3.512
8.057
8.835
0.471
0.068
0.191
0.000
7.875
0.000
0.000
0.002
0.358
0.013
6.404
0.000
0.000
0.000
0.000
0.000
0.000
0.000
0.000
3.934
7.988
0.045
4.279
15.047
1.631
1.565
2.516
0.183
1.700
0.545
0.000
0.000
0.464
5.872
1.239
0.000
0.201
7.842
0.579
0.040
0.001
0.689
1.297
9.640
5.016
0.035
9.728
0.980
5.475
3.955
0.071
1.924
0.018
0.000
0.000
0.498
12.292
15.586
5.432
3.220
0.000
0.000
0.000
0.000
0.000
0.000
0.000
1.098
0.040
0.196
3.626
0.000
0.000
2.458
2.373
0.000
0.000
0.005
0.000
0.000
0.000
0.000
0.000
0.086
1.534
1.673
0.287
0.000
1.168
1.271
2.994
0.192
4.321
0.000
0.002
0.029
0.000
0.000
0.000
0.000
0.000
0.497
0.786
0.725
0.224
0.216
0.000
0.000
0.000
0.000
0.000
0.000
0.000
0.000
0.333
7.575
2.370
0.538
0.001
0.268
0.000
0.332
0.019
0.139
0.000
0.000
0.000
0.000
0.875
1.783
0.000
0.000
0.000
0.000
0.001
5.703
5.193
0.142
0.073
0.000
0.001
0.645
0.251
0.186
1.815
0.215
0.001
1.050
0.302
0.390
0.197
0.000
1.252
0.509
0.992
0.013
0.000
0.000
0.091
0.000
2.667
0.000
0.000
0.000
0.001
0.000
0.000
0.000
0.017
0.000
0.000
0.685
11.223
1.650
0.003
0.020
0.000
0.000
0.000
0.278
5.931
0.064
0.154
0.001
1.203
3.449
0.000
0.000
0.000
0.000
0.000
1.356
0.001
0.125
0.000
0.000
0.000
0.000
0.908
0.170
0.000
0.000
0.000
0.000
0.000
0.000
0.011
0.000
0.000
0.000
0.163
0.135
0.000
0.009
0.000
0.000
0.000
0.000
0.000
0.031
0.010
0.000
0.000
0.000
0.000
0.000
0.000
0.113
10.143
6.412
0.001
2.178
2.923
4.493
3.204
0.001
0.000
0.000
0.000
0.000
0.000
0.000
0.000
0.000
0.846
12.536
0.149
0.000
0.741
3.675
0.000
0.096
0.000
0.974
4.032
1.626
0.000
0.000
0.000
0.000
0.420
0.000
0.000
0.000
0.000
0.000
0.000
0.000
0.568
0.000
0.000
0.000
0.000
0.000
0.000
0.000
0.035
0.000
0.000
0.000
0.000
0.000
0.000
0.000
0.000
0.000
0.066
0.000
1.597
5.928
14.583
2.994
0.337
1.649
7.079
0.114
0.728
0.555
0.000
0.000
0.079
0.001
1.277
0.665
0.000
0.000
0.000
0.000
7.305
0.000
0.063
0.000
0.000
0.000
0.000
1.543
0.000
0.000
0.000
0.000
1.574
3.471
0.000
0.000
0.000
2.163
11.458
1.835
3.255
0.000
8.545
20.304
0.245
3.388
2.961
0.000
0.146
0.111
0.000
0.468
14.613
0.125
0.000
0.000
0.000
0.000
0.000
0.360
0.000
3.084
4.747
0.174
6.968
0.000
0.421
12.915
0.000
0.046
0.000
0.000
0.000
0.552
4.847
1.436
0.035
0.389
6.915
0.000
0.000
0.000
0.095
1.241
0.896
6.153
2.097
15.298
1.874
16.351
9.948
0.006
7.314
15.285
0.000
0.000
0.147
11.886
46.559
36.474
0.100
0.093
1.819
0.387
0.000
0.375
0.184
8.542
20.723
0.000
0.024
0.040
0.483
0.000
0.419
0.000
0.005
21.432
0.301
0.975
0.000
0.000
0.000
0.000
0.000
0.000
0.000
0.000
2.683
0.018
0.000
0.000
15.244
7.399
0.011
43.476
21.041
0.250
1.660
0.000
0.000
0.003
2.549
0.000
0.004
14.272
0.001
0.000
0.000
0.696
0.000
0.000
0.000
0.000
0.000
0.000
0.000
0.000
0.000
0.000
0.000
0.000
2.740
1.010
1.815
2.049
0.747
5.085
0.000
2.264
0.244
0.000
0.000
0.852
2.049
0.000
0.000
0.230
0.000
0.000
0.004
0.000
0.000
0.248
0.000
0.000
2.019
0.030
2.442
3.351
6.187
0.256
0.674
20.793
1.894
0.000
4.643
0.728
0.019
0.000
0.248
0.000
0.000
0.341
15.742
5.259
0.000
0.000
0.000
0.000
0.000
0.000
0.000
0.000
0.000
0.255
0.000
0.000
0.000
0.024
1.587
9.334
0.000
1.085
1.504
0.943
0.100
0.000
0.001
0.126
3.264
0.074
0.000
1.217
7.892
0.028
0.000
0.419
0.074
2.085
0.057
4.699
0.001
0.000
0.000
4.423
11.077
1.432
0.024
0.136
2.600
0.000
0.002
0.003
1.167
0.537
4.982
2.167
0.937
0.179
0.000
0.000
0.000
1.781
1.726
0.000
0.000
0.000
0.000
0.000
0.242
0.347
0.277
0.075
0.000
0.000
0.192
0.552
0.000
0.000
0.000
0.001
2.156
0.000
0.000
0.000
0.000
0.000
0.000
0.000
0.000
0.000
0.000
0.124
1.554
0.002
0.000
2.891
0.000
0.000
0.612
5.662
0.010
0.000
0.000
1.045
0.058
0.000
0.000
0.309
1.747
2.097
3.467
0.041
0.000
0.000
0.000
0.054
0.000
0.000
0.000
0.250
0.901
0.342
0.120
5.502
3.511
5.125
0.722
0.188
2.749
2.850
13.910
0.013
0.000
0.000
2.085
0.167
0.088
0.378
0.000
0.000
0.000
0.000
0.000
0.227
0.000
0.000
0.000
0.000
0.000
0.000
0.000
4.467
3.525
0.566
0.041
2.011
8.773
1.822
0.058
0.000
0.319
7.163
0.440
0.071
8.855
2.908
0.000
0.000
0.286
0.000
0.000
0.000
0.000
0.000
3.910
2.891
5.559
0.000
0.494
7.871
2.158
20.474
1.253
0.022
0.468
3.826
6.556
0.340
0.045
0.010
0.331
0.028
0.165
0.372
0.632
5.089
3.043
0.000
0.000
12.835
18.990
8.025
0.121
0.086
0.000
1.101
0.000
0.042
9.277
35.918
0.062
0.119
6.260
5.751
0.206
0.000
0.000
20.700
0.003
0.006
8.825
0.000
0.776
7.826
0.000
0.000
1.068
0.000
0.000
0.030
0.117
0.000
0.000
2.407
1.870
0.393
5.193
0.000
0.000
0.001
0.000
0.892
0.198
0.000
0.467
0.000
14.256
2.721
0.719
0.456
0.000
0.455
8.872
0.180
0.789
0.000
0.000
0.000
0.000
0.000
0.950
0.134
1.036
0.041
0.000
0.000
0.004
1.163
7.069
0.122
5.886
0.000
0.000
0.002
5.853
18.127
5.046
11.636
0.422
54.001
0.988
0.247
5.584
35.995
1.641
0.000
0.000
0.040
0.000
0.000
4.198
4.365
0.000
0.000
0.000
0.000
0.000
0.000
1.094
8.236
32.371
7.062
0.000
0.000
0.000
0.000
0.000
0.000
0.000
0.000
0.000
13.001
0.018
0.000
3.169
1.611
0.000
0.000
0.769
4.743
0.000
0.000
0.000
0.000
0.000
0.000
0.000
0.000
0.000
0.000
0.000
0.000
0.000
0.000
0.000
0.000
0.000
0.000
16.266
1.489
0.000
0.033
0.546
0.062
0.455
2.535
0.489
0.628
1.440
1.251
0.107
0.000
0.000
0.374
0.232
0.829
0.237
1.647
0.031
0.001
0.001
0.262
1.653
0.002
0.000
0.000
0.000
3.601
1.181
0.000
0.000
0.000
0.200
0.002
1.185
0.153
0.000
0.000
0.000
0.012
0.017
0.037
0.001
0.008
0.242
0.216
0.000
0.000
0.412
0.000
0.000
0.000
0.000
0.000
0.031
0.967
1.099
1.875
0.938
0.951
0.041
0.433
0.000
0.000
0.000
0.001
0.576
0.000
0.000
0.000
0.000
0.000
1.765
0.112
0.000
0.000
0.000
0.046
4.532
0.086
0.026
0.000
0.581
1.539
1.532
3.268
0.013
0.163
2.831
0.427
0.016
0.000
0.286
1.824
0.000
0.087
0.000
0.000
0.000
0.000
0.000
0.027
0.000
0.197
0.105
0.000
0.000
0.032
6.970
0.962
0.118
0.136
0.000
0.000
0.000
0.296
1.555
0.000
1.053
0.006
0.000
0.000
0.000
0.000
1.666
0.000
0.000
0.000
0.909
3.136
0.000
0.096
14.267
0.499
3.573
4.237
16.922
2.495
0.447
0.292
0.000
0.000
0.522
0.000
0.000
0.000
0.000
0.000
4.115
0.201
0.000
0.000
1.364
2.855
0.000
0.000
0.000
0.323
0.000
0.000
0.625
0.000
0.004
0.000
0.000
0.108
0.829
0.006
0.000
0.000
0.000
0.000
0.000
0.000
0.916
2.034
4.265
12.858
13.806
11.760
9.125
9.983
0.572
0.000
0.000
0.000
0.000
0.000
0.000
0.344
0.051
0.615
0.000
0.289
0.000
4.676
1.828
3.363
1.078
0.203
0.000
0.026
0.030
1.529
9.908
0.017
1.634
1.177
3.001
0.000
0.000
0.000
0.000
0.034
11.647
52.794
1.103
7.133
3.308
0.031
4.220
3.203
0.000
4.158
12.619
0.000
0.002
0.494
5.804
6.262
4.144
1.309
6.628
4.461
3.997
2.164
0.000
0.228
3.387
0.425
1.843
1.338
2.640
1.801
0.001
0.011
0.000
0.009
0.001
3.228
25.961
1.134
0.000
0.210
0.232
0.000
0.271
0.000
0.805
6.323
0.000
0.804
0.000
0.336
0.739
2.712
0.204
0.000
2.272
21.823
0.618
5.081
0.000
0.000
0.000
0.340
0.000
6.480
0.000
0.000
0.000
0.000
0.034
0.000
0.068
1.098
0.000
0.000
0.000
0.000
0.043
5.048
5.440
0.000
0.000
0.000
1.702
3.731
6.483
19.324
0.022
0.052
0.066
0.054
1.957
0.109
0.016
0.521
2.262
0.000
31.855
1.380
0.108
0.011
0.014
0.002
1.774
0.017
27.628
0.638
0.090
0.000
0.259
3.230
0.032
7.514
0.991
1.097
0.000
0.000
0.000
0.000
0.000
0.102
0.286
2.617
0.000
41.749
4.485
0.000
0.000
0.000
0.000
0.000
0.000
0.000
1.203
0.000
0.125
2.136
0.252
21.548
19.551
2.090
0.635
2.254
0.577
0.000
0.000
0.000
0.000
0.025
0.000
0.000
0.000
0.000
0.000
0.000
0.050
0.000
0.000
0.000
0.000
0.000
0.038
0.000
0.000
0.000
0.000
0.000
0.000
0.048
0.000
0.000
0.000
0.649
1.366
0.000
0.000
0.057
0.000
0.000
2.777
5.008
0.000
0.000
0.000
0.000
0.000
0.000
0.000
0.000
0.000
0.000
0.000
0.000
0.053
0.504
0.380
0.082
0.000
0.000
0.000
0.000
0.000
11.366
2.907
1.388
0.104
0.337
0.388
0.046
0.000
0.097
0.272
0.126
0.069
0.291
0.000
0.000
0.000
0.000
0.000
0.000
0.511
1.041
0.019
1.914
0.135
0.000
4.074
0.141
0.298
0.001
0.000
0.000
0.000
0.000
0.422
0.954
0.000
0.000
0.009
0.437
0.586
0.000
0.094
0.149
0.062
0.000
0.000
0.000
0.000
0.000
0.000
0.000
0.000
0.000
0.000
0.000
0.214
6.509
0.000
0.000
0.000
0.750
6.850
0.085
0.113
0.000
0.121
5.445
0.450
0.000
0.027
0.000
0.092
1.022
0.000
0.149
0.013
0.750
0.000
0.725
0.220
0.000
0.000
0.000
0.000
0.000
0.000
0.000
0.000
0.000
0.000
0.000
2.358
3.338
23.149
1.610
1.866
0.000
0.000
0.000
0.000
0.000
0.336
0.000
0.000
0.000
0.424
0.000
0.000
0.000
0.074
2.952
3.067
0.000
0.055
0.298
7.470
11.206
4.203
0.000
0.000
0.000
0.000
0.069
1.050
2.652
0.004
0.000
0.000
1.333
1.885
3.572
18.172
3.371
0.227
0.007
13.051
5.479
22.101
2.513
0.022
0.000
0.000
0.000
0.002
1.536
0.000
0.000
0.002
0.046
0.000
0.000
0.000
0.566
0.355
7.842
16.198
0.000
0.920
4.881
7.223
9.800
2.066
8.129
1.475
0.128
3.168
0.000
0.000
0.000
0.000
0.000
0.071
16.634
0.230
0.365
0.198
13.625
1.282
0.239
0.092
1.350
0.166
7.714
17.096
3.228
0.291
0.031
0.000
0.048
18.169
1.220
13.593
1.383
22.482
0.823
8.689
9.663
4.174
3.195
0.342
1.685
0.000
0.340
0.000
7.398
19.101
0.001
0.000
0.000
0.000
0.138
18.124
4.625
2.216
4.646
0.000
1.163
0.654
0.085
4.663
14.535
5.944
0.112
0.482
0.000
0.000
4.331
2.973
0.025
0.000
0.001
0.428
0.000
0.000
0.182
1.389
0.276
0.000
0.000
11.016
6.806
0.000
0.006
0.000
0.000
0.000
0.313
11.771
14.237
0.015
0.000
0.000
0.005
0.010
0.000
0.000
0.000
17.870
0.000
0.627
0.038
43.636
17.535
18.611
0.862
0.003
0.175
0.023
4.605
2.258
6.547
1.623
6.835
1.378
0.001
0.000
0.041
0.826
0.000
6.716
0.526
0.036
0.000
0.000
3.806
0.106
0.936
0.575
0.117
0.679
4.607
1.017
0.000
0.000
0.000
0.000
0.000
0.029
7.724
0.738
0.000
0.000
0.000
0.000
0.065
2.726
0.004
0.000
0.262
0.000
0.000
0.001
1.817
16.341
0.001
0.031
13.163
18.601
3.658
3.522
0.973
2.547
0.000
0.000
0.000
2.337
0.474
1.203
0.000
0.000
0.000
0.000
0.000
16.464
1.549
0.000
0.000
0.012
0.162
0.053
0.084
0.009
1.904
0.022
0.090
5.901
0.000
0.880
1.998
1.155
2.448
2.604
0.360
1.017
0.538
0.000
0.000
0.000
0.530
1.413
0.001
1.036
1.687
0.000
0.000
0.272
0.000
0.000
0.000
0.000
0.000
0.000
0.000
0.000
0.000
0.001
0.000
0.000
0.035
0.147
0.000
0.354
1.046
0.106
5.759
2.123
0.000
0.000
0.000
0.000
0.034
0.000
0.034
0.514
0.001
0.148
0.070
0.049
0.000
0.015
0.000
0.360
0.109
0.848
0.000
0.000
0.000
0.000
0.000
0.000
0.000
0.000
0.000
0.000
0.000
0.001
0.000
0.319
0.010
0.150
1.260
0.024
0.211
0.297
0.379
0.229
2.571
4.427
0.844
0.390
0.001
2.560
2.323
0.000
0.000
0.000
0.000
0.000
0.000
0.000
0.037
0.800
8.326
2.828
2.460
0.906
0.000
0.618
0.355
0.335
0.404
0.000
0.000
0.000
0.000
0.000
0.000
0.000
0.000
0.000
0.000
0.007
0.000
0.000
0.059
0.363
0.004
0.000
0.000
0.000
0.000
0.020
0.169
0.463
3.649
0.000
0.006
1.111
3.932
0.000
1.136
0.020
0.307
0.081
0.061
0.000
6.227
5.692
11.373
5.470
0.092
0.003
0.170
0.071
0.009
0.000
0.000
0.000
0.000
0.184
0.011
0.234
0.000
0.000
0.000
0.000
0.000
0.000
26.866
6.616
0.001
0.000
3.879
0.512
0.819
0.374
0.000
0.000
0.000
2.844
6.736
0.000
0.015
0.011
0.457
0.000
0.000
0.000
0.000
0.000
1.537
0.000
0.708
0.060
8.417
2.347
0.025
0.000
0.000
0.000
0.000
0.033
0.000
0.139
7.446
35.434
22.489
7.037
9.979
0.000
0.035
1.452
6.922
4.001
1.224
0.166
0.000
0.000
0.423
51.473
4.868
6.052
1.282
0.000
0.308
0.038
2.626
5.909
5.138
0.112
0.788
0.165
1.797
3.807
7.305
0.845
0.067
3.251
2.735
0.042
0.007
0.121
0.000
0.391
0.283
0.364
1.901
0.110
0.080
0.000
4.188
0.026
0.015
1.382
0.000
0.349
14.467
14.116
0.507
5.262
0.000
1.727
1.433
0.360
0.000
0.000
0.567
6.928
0.000
0.743
15.861
3.037
0.000
23.575
6.904
2.307
0.000
0.001
1.489
16.893
6.016
0.025
17.259
1.548
0.812
1.396
0.151
2.191
17.569
1.356
1.458
0.008
0.000
0.021
0.096
0.000
0.009
14.425
4.724
0.364
0.000
0.771
0.000
0.000
0.000
0.000
0.342
0.022
0.329
0.000
0.000
0.000
0.000
0.000
0.000
0.000
0.000
0.009
1.214
1.407
0.472
0.000
0.252
0.039
0.735
0.000
3.869
0.088
0.000
0.012
1.572
0.000
0.106
0.000
0.000
0.000
0.000
0.000
0.000
0.000
0.000
0.001
0.000
6.991
9.030
4.558
0.013
0.000
0.001
0.001
1.486
0.336
0.000
0.201
0.150
0.027
0.000
3.421
0.161
0.119
0.114
3.047
0.000
0.000
0.000
0.000
0.000
0.000
0.000
0.000
0.000
0.000
0.147
0.589
0.015
0.389
0.000
0.000
0.000
0.000
0.050
0.048
0.000
0.000
0.041
8.923
1.735
0.031
0.017
0.264
3.228
0.028
0.014
0.262
0.677
0.000
2.078
0.959
0.006
1.433
1.744
1.161
3.835
0.000
0.000
0.159
2.121
0.294
0.290
0.000
0.143
0.000
0.000
0.000
4.096
6.047
0.911
0.094
0.091
0.000
0.068
0.078
0.066
0.618
0.208
2.976
2.639
1.009
2.843
0.001
1.305
0.000
0.000
0.000
0.000
0.000
0.000
0.000
0.000
0.000
0.000
0.000
0.000
0.000
0.016
0.000
0.050
0.000
0.000
0.000
0.000
0.000
0.019
0.000
0.271
1.190
0.385
0.000
0.000
0.000
0.000
0.000
0.000
0.000
0.000
0.000
0.000
0.000
0.304
0.904
0.000
5.576
0.249
0.050
0.000
0.000
0.000
2.973
0.000
0.000
0.000
0.150
0.000
0.021
0.000
0.000
0.000
0.000
0.000
0.000
0.000
2.211
6.208
0.000
0.000
0.000
0.000
0.000
0.000
0.000
5.933
7.950
0.055
2.714
2.263
0.000
0.000
0.000
0.000
0.000
0.374
0.000
0.000
0.000
0.000
0.006
18.598
7.719
2.453
0.247
5.462
8.877
4.889
1.466
9.501
4.016
0.000
0.000
0.000
0.651
1.125
6.007
0.215
0.017
0.000
0.000
0.579
0.000
0.008
0.000
0.145
0.171
0.127
0.388
0.009
1.830
25.324
0.970
1.775
8.290
3.913
0.000
10.870
14.794
2.247
0.000
0.000
0.000
0.000
3.846
6.438
8.772
16.921
0.551
0.000
0.144
0.454
3.495
0.879
4.143
5.776
2.596
0.086
3.007
0.333
0.000
8.336
38.569
6.955
1.483
0.012
0.937
0.000
0.269
0.198
13.151
0.110
55.352
9.013
2.589
2.773
10.071
15.073
0.011
6.826
0.081
0.159
1.771
0.002
20.957
17.546
0.154
0.089
0.000
0.000
0.000
1.163
0.006
5.223
14.612
0.460
4.653
2.550
0.000
0.283
2.579
0.300
4.108
1.295
4.780
5.086
0.000
0.000
20.742
0.000
0.018
0.021
0.150
0.012
4.105
3.662
0.000
3.550
0.000
0.147
0.000
0.006
15.718
1.525
0.000
0.001
17.690
0.000
0.015
15.239
0.126
0.000
8.187
1.418
0.161
0.069
2.015
0.017
0.747
12.656
0.949
0.000
0.000
0.821
10.472
0.961
0.000
0.000
0.000
0.000
5.059
1.271
3.595
0.000
0.000
0.022
1.583
2.007
3.519
2.719
0.001
0.000
0.393
0.040
0.593
0.000
0.000
0.299
2.012
0.000
0.019
0.000
0.000
0.000
0.000
0.003
0.276
0.002
0.675
0.013
0.706
14.091
0.000
0.000
0.000
0.033
0.030
0.000
1.215
0.606
0.011
0.000
0.003
0.000
0.000
0.065
14.681
0.038
0.000
0.516
0.031
0.017
0.297
0.006
8.158
0.268
0.638
0.000
0.000
0.000
0.000
0.000
0.000
0.000
6.167
0.480
1.409
5.022
5.241
0.003
2.941
0.000
0.000
1.827
0.094
0.486
0.000
5.982
0.000
0.000
0.001
1.828
0.000
0.000
1.392
0.677
0.034
0.000
0.002
5.826
0.078
0.068
0.033
1.567
0.067
0.000
0.999
1.343
0.060
0.000
0.876
0.025
0.596
4.638
0.023
0.393
0.275
0.005
5.867
3.786
0.013
0.000
0.588
0.340
1.699
0.000
0.000
0.000
1.587
2.367
0.281
0.000
0.000
0.000
0.000
0.000
0.000
0.000
0.149
0.086
2.886
0.000
0.000
0.000
0.000
0.001
0.384
0.000
0.000
0.449
0.000
0.292
2.145
0.197
0.920
4.624
0.009
0.001
0.000
0.000
0.000
0.000
0.359
0.037
0.000
0.000
0.002
0.651
1.664
0.162
0.000
0.013
0.000
0.001
0.000
0.000
0.000
0.000
0.000
0.003
0.061
0.028
0.000
0.000
0.000
0.000
0.000
0.000
0.000
0.012
0.104
0.138
6.765
0.000
1.074
13.061
0.000
0.948
2.408
1.010
0.042
0.000
0.000
0.000
0.000
0.007
0.023
0.000
0.000
0.000
0.030
3.246
0.000
0.076
0.000
0.000
0.008
14.270
12.307
0.000
0.000
0.000
0.000
0.000
0.000
0.000
0.000
0.609
22.811
12.132
0.000
14.370
0.000
0.000
0.000
0.003
0.014
0.000
0.000
0.000
0.000
0.000
0.348
1.152
0.096
0.089
16.860
5.595
0.000
0.431
0.000
0.000
0.000
0.225
4.734
0.065
7.509
3.323
3.912
0.000
1.192
9.505
1.380
2.085
0.000
0.028
0.000
0.000
12.093
1.026
0.550
0.000
0.000
3.245
2.481
5.051
0.338
15.330
6.699
8.798
41.556
2.806
1.434
33.708
0.000
2.751
10.352
3.132
4.146
14.414
0.305
16.306
4.732
0.140
5.928
0.000
0.000
0.000
0.145
5.714
0.011
14.723
3.324
0.000
5.259
1.051
0.038
3.717
4.929
0.300
1.479
0.243
9.540
11.237
2.967
5.692
1.110
0.806
0.439
0.799
0.219
0.000
0.000
0.000
13.420
3.155
0.003
7.440
1.544
0.000
0.000
0.582
4.189
0.000
0.018
0.000
0.000
4.519
0.000
0.000
0.000
0.000
0.218
7.439
2.825
0.000
0.007
2.652
7.119
0.137
14.892
2.885
1.306
0.439
3.803
5.052
1.095
0.025
0.000
1.665
6.521
1.462
0.000
0.000
0.000
0.000
0.002
6.780
24.128
4.161
15.982
1.006
0.405
0.000
0.001
0.110
9.431
4.660
2.130
0.000
0.000
0.467
0.031
1.051
0.000
0.000
0.027
0.000
2.457
4.056
0.000
0.000
4.844
4.007
0.492
0.041
0.000
0.000
0.000
0.000
0.000
9.602
11.789
26.231
5.044
0.489
0.012
0.374
2.149
1.831
0.670
0.050
0.000
0.037
0.095
0.000
0.000
0.000
0.330
0.000
0.055
0.000
0.000
0.073
0.000
0.000
0.000
0.054
0.000
3.162
4.121
0.005
0.000
0.002
3.832
0.635
0.039
8.569
0.402
0.000
0.001
0.000
0.040
0.053
6.412
0.065
0.000
0.000
0.000
0.000
0.000
0.886
0.000
0.457
0.074
3.450
0.189
0.021
0.063
0.001
0.000
1.207
0.853
0.000
0.000
0.000
0.000
0.000
0.000
0.000
0.000
0.000
0.000
0.000
0.066
0.000
0.602
0.135
0.008
0.000
0.008
0.000
0.000
0.004
0.000
0.000
0.000
0.080
0.919
0.014
11.737
1.261
0.000
0.000
6.910
4.283
0.005
0.001
0.020
0.073
0.000
0.000
0.000
0.000
0.000
0.000
0.001
0.000
0.000
0.000
0.000
0.001
0.000
0.000
0.000
0.015
0.000
1.095
4.039
0.018
0.000
0.000
0.000
11.034
0.000
0.748
0.006
0.003
0.070
0.000
0.000
0.001
0.000
0.006
1.780
0.421
0.001
0.001
0.000
0.000
0.004
3.179
5.812
1.226
0.000
0.000
0.000
0.000
0.000
0.066
0.069
0.000
0.000
0.028
0.339
0.001
5.713
0.244
0.024
0.000
0.000
0.015
1.342
6.835
3.245
0.000
0.000
0.000
0.676
0.027
0.036
0.280
0.226
3.144
0.000
0.000
0.000
0.000
0.897
12.187
5.629
0.000
0.028
1.269
0.500
0.407
6.899
0.000
0.000
0.000
0.878
3.623
0.000
0.347
0.710
0.252
0.000
0.143
0.271
0.000
0.294
0.361
3.832
0.000
1.910
0.565
14.330
6.283
0.000
0.000
1.697
22.310
0.588
3.923
0.000
0.000
0.403
2.962
0.000
0.046
0.006
0.001
5.204
0.488
0.028
7.906
0.427
0.000
0.000
0.000
0.374
0.002
0.000
0.002
2.370
4.939
5.674
0.047
2.104
0.677
0.000
0.000
0.000
0.000
0.000
0.000
0.000
0.000
0.000
0.000
6.198
1.265
0.039
0.259
2.350
0.849
1.836
3.761
0.454
1.601
0.366
29.012
24.623
19.085
14.676
0.083
1.408
1.275
13.329
0.000
9.060
12.706
18.618
0.424
0.000
7.687
3.716
1.129
8.757
0.415
10.036
0.000
0.000
0.019
0.014
0.003
2.083
0.000
0.043
7.867
0.003
0.000
0.000
0.229
0.000
0.019
5.804
4.071
1.638
0.000
0.071
0.105
16.992
4.867
0.000
0.000
0.000
0.000
34.230
1.563
0.118
0.000
0.000
4.219
49.634
6.554
0.783
6.852
0.002
0.835
1.965
0.000
0.013
0.445
0.008
0.031
5.513
5.121
0.003
0.000
0.000
0.000
0.000
0.000
0.836
0.179
12.501
0.047
0.003
3.112
0.001
0.009
2.179
0.037
0.663
0.634
0.000
0.000
0.000
0.104
32.099
62.854
1.513
16.575
2.900
2.510
1.824
1.811
0.308
5.935
2.409
0.000
0.000
0.009
1.977
0.979
1.629
0.000
0.001
4.218
1.173
0.724
4.035
4.821
12.737
0.931
0.272
4.731
7.541
1.777
1.144
0.030
0.423
3.198
1.429
0.006
0.001
0.021
0.317
0.000
1.543
2.486
0.040
0.000
0.741
0.135
0.090
0.150
0.741
0.001
0.070
0.083
0.194
0.000
0.000
0.024
1.445
7.847
2.896
0.000
0.002
2.959
0.311
1.069
0.170
0.528
2.245
0.000
0.000
1.332
8.766
0.000
0.626
0.000
0.398
16.669
0.008
0.000
0.000
0.000
0.104
0.003
0.163
0.028
0.000
0.014
0.016
0.023
0.696
0.000
0.000
0.000
0.000
1.270
0.918
0.000
0.000
0.000
0.000
0.000
0.000
1.743
0.032
1.963
0.138
0.000
0.007
0.061
1.328
1.095
20.504
10.892
0.168
0.089
0.000
0.000
0.000
0.000
0.000
0.000
0.004
9.224
0.000
0.000
0.000
0.002
0.000
0.024
0.014
0.000
0.125
0.000
0.000
0.534
2.663
0.370
0.000
0.000
1.064
0.000
1.651
0.000
0.001
0.009
0.000
0.880
7.207
1.495
0.000
0.028
9.206
4.962
0.000
0.000
0.019
0.000
0.001
1.156
0.000
0.000
0.000
0.000
0.000
0.000
0.000
0.000
0.000
0.000
0.000
0.362
0.368
0.251
0.000
0.000
0.000
0.000
0.981
5.760
0.000
0.000
0.104
2.426
0.178
0.487
0.121
1.894
0.037
2.316
0.000
0.104
0.000
0.000
0.000
0.094
0.761
6.375
0.685
0.001
0.240
1.374
0.000
0.007
1.264
0.000
0.000
0.132
0.050
2.802
4.860
17.588
0.000
0.000
0.000
0.000
0.000
0.000
0.000
0.000
0.038
0.129
2.138
0.057
0.038
1.493
0.000
0.000
0.000
0.165
1.935
3.800
9.176
13.174
7.645
0.468
2.637
6.087
0.000
0.000
0.000
0.000
0.000
0.000
0.000
0.000
0.000
2.014
0.204
12.893
0.447
0.153
8.392
0.064
0.000
0.000
0.000
0.000
0.000
0.000
0.000
0.943
6.569
0.000
0.000
0.019
0.614
1.623
6.182
1.355
5.293
0.349
48.141
10.634
0.122
5.922
2.970
0.096
10.290
0.000
0.000
0.000
6.366
15.258
10.985
6.503
0.000
13.218
21.368
1.696
3.124
7.189
1.467
0.000
11.094
2.858
0.009
0.171
16.188
1.151
4.293
4.775
0.001
0.494
11.312
5.072
0.620
1.434
0.000
0.000
0.103
1.617
10.064
7.130
26.924
0.164
0.000
0.000
0.000
0.132
0.567
1.391
0.068
0.000
0.000
0.000
0.001
2.735
0.013
6.681
0.000
0.000
0.173
0.078
0.000
0.000
0.000
0.341
0.000
0.297
18.175
6.414
7.957
0.000
0.015
5.135
2.473
0.785
0.770
2.506
0.557
0.000
0.000
0.000
0.035
0.018
0.000
0.000
0.602
3.190
3.932
1.310
0.849
0.872
9.074
18.483
8.521
0.031
1.037
0.000
0.496
0.000
0.000
0.000
0.000
0.000
0.012
2.882
0.000
0.000
0.000
0.000
0.024
1.241
0.006
29.036
19.928
0.000
0.001
3.306
0.001
4.005
3.950
0.619
0.031
2.770
0.674
0.007
32.777
0.231
0.000
0.000
0.000
0.000
0.204
1.236
6.471
0.112
0.052
0.003
0.022
0.000
0.000
0.000
10.345
8.046
31.844
6.163
0.000
0.017
3.575
0.004
0.284
0.060
0.089
0.000
0.000
2.259
0.858
18.610
0.547
0.085
0.028
0.000
1.830
0.011
0.013
0.221
0.101
0.000
0.085
3.285
0.000
0.004
2.956
0.334
1.548
3.686
0.057
0.027
2.550
0.607
3.643
2.573
0.018
0.013
0.152
1.122
0.204
5.319
3.786
0.133
0.333
0.000
1.753
19.514
7.991
0.000
0.008
0.021
2.207
0.010
0.008
0.027
0.000
0.067
0.602
0.000
0.000
0.000
0.000
0.000
1.123
2.959
5.744
0.110
0.131
0.733
0.000
0.946
0.723
5.434
0.000
0.000
0.000
0.000
0.000
0.000
0.000
0.000
0.000
0.065
1.897
0.216
0.021
0.194
0.632
1.197
0.140
0.492
0.007
0.000
0.000
0.000
0.000
0.000
0.000
0.000
0.000
0.090
15.175
2.838
1.850
8.580
0.339
0.009
0.000
0.000
0.000
0.082
0.872
0.000
0.106
6.381
0.000
0.000
0.019
0.000
0.000
0.000
0.000
0.005
0.000
0.129
8.807
0.000
0.000
0.001
0.003
0.208
0.053
0.000
0.139
0.154
0.005
2.755
10.849
1.364
0.071
0.000
0.000
0.000
0.000
0.000
0.000
0.000
0.000
0.000
0.000
0.691
0.027
0.000
0.000
0.101
0.100
0.000
0.256
2.193
0.939
0.012
0.000
0.000
0.000
0.000
0.000
1.878
0.651
0.173
7.657
2.321
0.035
1.294
3.994
0.052
3.367
4.311
0.193
0.048
2.280
10.630
0.871
0.000
0.076
6.843
7.241
0.000
0.000
0.000
0.000
0.007
0.001
0.000
0.000
0.000
0.016
0.059
7.984
0.075
0.000
0.001
0.000
0.000
0.000
0.000
0.004
0.071
5.854
4.086
0.112
9.306
0.622
2.570
0.036
0.671
16.862
15.038
28.967
0.147
0.000
15.679
15.454
17.776
0.664
13.056
11.408
13.357
0.541
4.188
1.784
7.477
0.075
0.357
0.239
1.258
9.653
16.632
2.032
0.537
0.001
0.000
0.000
3.356
0.037
0.064
0.055
0.000
16.416
6.532
0.338
0.913
0.000
0.000
0.000
0.000
0.002
0.801
8.480
0.001
0.306
0.000
0.000
0.217
4.701
0.301
1.414
0.012
0.019
1.073
5.807
1.090
0.288
1.662
15.258
0.186
0.000
0.986
1.521
0.917
1.411
0.000
0.000
0.000
0.437
0.000
3.555
1.614
0.000
0.000
0.115
0.001
0.002
0.813
1.403
0.000
0.000
0.000
0.272
0.384
8.389
1.556
19.143
0.000
9.591
0.070
0.000
0.000
0.000
0.000
0.000
0.000
0.525
15.500
1.708
0.806
0.000
0.339
0.104
5.952
4.947
1.070
0.181
2.151
3.879
0.140
7.573
11.214
23.457
2.144
0.289
0.000
0.000
0.000
0.000
0.041
0.013
0.000
0.000
0.000
0.000
0.000
0.000
0.000
0.000
0.192
3.024
5.643
2.197
9.348
0.000
0.000
0.000
0.000
0.012
0.086
0.773
0.000
0.000
0.573
3.088
0.005
0.000
0.000
0.000
0.000
0.000
0.154
9.039
0.261
0.144
0.000
0.000
0.030
0.000
0.000
0.032
0.040
0.005
0.612
0.264
1.339
0.010
0.000
0.000
0.000
0.000
0.000
0.000
0.000
0.000
0.000
0.000
0.000
0.000
0.000
0.000
0.000
0.000
0.000
0.006
0.000
0.002
0.027
1.593
1.024
0.809
0.000
0.000
0.000
0.000
0.000
0.025
2.804
0.000
0.010
1.251
3.157
0.301
2.035
0.000
3.045
0.892
0.723
0.665
0.503
0.289
0.199
0.000
0.214
1.559
0.001
0.492
0.457
0.046
0.000
0.000
0.000
0.000
0.047
0.705
0.125
0.000
0.000
0.000
0.000
0.000
0.000
0.000
0.000
0.000
1.473
0.000
3.150
0.597
2.663
0.042
0.003
0.000
0.000
0.000
0.230
2.001
0.000
1.840
7.775
2.646
3.254
0.123
1.034
0.000
0.000
2.278
0.139
0.000
0.000
0.000
0.000
0.006
0.709
1.256
0.000
0.000
0.000
0.000
0.000
0.000
0.854
0.347
0.356
0.000
0.005
0.660
0.245
0.260
0.027
20.406
0.317
9.920
0.507
0.096
0.000
0.000
0.155
5.694
9.297
0.000
0.018
0.954
0.698
2.531
0.840
0.000
0.000
0.000
0.024
0.000
0.039
0.000
0.000
0.000
0.000
0.000
0.000
0.000
0.000
0.000
0.000
0.121
1.420
0.231
0.601
2.618
0.546
0.011
0.027
0.000
0.000
0.267
11.828
10.833
5.539
0.709
15.268
0.019
0.492
5.519
0.000
0.000
0.000
0.000
0.000
0.000
0.020
0.078
11.992
0.183
4.288
12.807
0.311
24.703
3.133
0.103
0.412
2.012
0.217
1.719
0.415
0.335
9.915
25.136
4.252
0.006
0.373
5.094
8.830
3.289
36.279
7.315
2.047
2.640
0.005
0.034
3.927
6.528
2.082
13.981
1.521
3.719
0.332
0.185
2.725
1.351
0.133
12.482
0.500
6.100
0.001
0.315
0.185
0.000
1.082
3.910
22.206
0.000
0.006
0.006
5.548
0.395
1.289
0.000
0.016
0.014
0.000
0.008
4.640
1.879
0.000
2.320
0.001
0.000
0.001
0.745
0.012
0.511
0.040
0.000
0.441
0.261
0.000
0.000
0.000
0.026
1.971
0.028
2.912
11.235
0.023
1.302
4.420
0.000
2.145
10.251
1.829
0.000
0.016
0.648
2.314
0.005
0.000
0.034
1.221
5.678
0.025
0.817
0.164
0.000
0.000
0.000
0.000
0.000
0.127
0.950
13.864
41.037
0.217
0.000
0.000
0.000
0.606
2.908
0.362
0.000
0.000
0.217
1.424
8.399
4.096
0.507
0.199
6.235
1.161
0.055
0.186
0.672
3.881
13.165
1.450
0.177
0.220
0.000
0.252
2.957
0.341
0.018
2.179
35.822
14.459
8.471
4.728
0.183
0.103
0.215
0.000
0.009
3.399
4.122
0.001
0.000
0.965
4.268
0.002
0.000
0.001
0.000
0.191
0.000
0.000
0.040
0.000
1.503
6.052
17.749
0.000
0.063
0.182
0.000
5.697
0.477
3.346
10.574
0.407
0.000
0.000
2.352
0.000
0.000
0.000
0.000
0.000
0.060
0.254
0.000
0.000
0.001
0.016
6.312
1.596
1.956
0.000
0.000
0.000
0.000
0.000
0.000
0.000
0.000
0.000
0.367
6.920
0.000
0.432
1.585
0.000
0.000
0.000
0.000
0.108
2.634
1.074
1.393
0.000
0.000
0.000
0.043
1.396
0.496
0.000
0.292
0.000
0.000
0.000
0.153
0.689
2.219
0.031
1.717
0.025
0.677
0.163
3.352
0.164
0.000
0.000
0.038
0.000
0.014
0.664
0.150
3.732
2.425
0.000
0.000
0.000
0.000
3.100
0.004
0.894
0.169
0.008
0.025
0.000
0.000
0.000
0.206
0.576
0.000
0.000
0.000
4.355
0.685
0.000
0.000
0.000
0.000
0.000
0.002
2.241
0.043
0.000
0.000
2.503
0.000
0.000
0.000
0.000
0.044
0.018
0.000
0.022
7.289
0.330
0.000
0.000
0.000
0.000
0.000
0.000
0.032
1.282
0.000
0.000
0.000
0.000
0.000
0.000
0.000
0.000
0.270
7.716
8.222
0.014
0.007
0.407
3.001
0.831
17.292
2.108
11.257
7.715
0.002
0.000
0.010
1.153
0.027
0.000
0.023
2.525
2.742
0.008
0.253
0.645
0.009
1.280
0.000
0.000
0.000
0.000
0.000
0.000
0.000
0.000
0.000
0.000
0.633
0.796
5.095
10.306
14.039
11.665
3.678
0.608
13.724
25.191
14.596
7.380
0.148
0.862
5.988
10.290
0.084
0.007
2.125
4.876
0.429
3.800
2.766
0.015
0.000
0.566
0.028
0.000
0.083
3.411
0.710
0.381
0.000
0.485
16.935
1.221
8.500
0.277
3.498
8.376
1.478
0.001
0.000
0.000
0.029
0.275
0.000
0.000
0.343
1.504
0.662
8.182
2.754
0.529
0.000
1.049
10.434
3.274
5.887
9.047
3.950
1.997
2.349
14.117
50.645
3.795
0.104
6.817
24.661
2.328
0.000
0.146
4.226
0.211
7.132
41.622
0.000
0.172
0.377
0.000
0.000
0.143
7.883
0.000
3.211
33.109
0.002
2.254
0.646
0.000
0.033
0.000
0.480
14.280
0.000
0.507
1.342
0.611
0.330
8.664
15.084
1.221
13.125
41.406
0.000
0.162
7.887
0.014
12.930
3.825
0.000
0.073
0.803
11.780
0.111
0.000
0.016
0.000
0.000
0.000
0.311
6.314
0.378
0.808
11.220
21.100
6.922
0.527
0.851
2.262
5.472
2.822
2.567
9.545
6.690
3.579
0.558
0.000
0.002
0.107
2.064
0.203
0.000
0.000
0.000
0.000
7.505
27.583
7.959
0.003
0.000
0.000
0.865
0.218
0.000
0.000
0.098
0.000
1.649
16.811
0.000
0.027
0.000
0.008
0.000
0.003
0.805
0.337
0.124
1.290
3.008
0.160
0.000
0.160
0.000
0.000
0.000
0.000
0.000
0.000
0.013
5.953
0.000
0.001
0.021
0.000
0.000
0.000
0.000
0.000
0.001
0.000
0.000
0.000
0.000
0.000
0.000
0.000
0.000
0.000
0.000
3.065
0.563
0.000
0.143
0.066
0.419
0.000
0.062
0.000
0.000
0.000
0.008
0.000
0.000
0.007
0.012
0.044
0.000
0.000
0.000
0.000
0.025
0.013
0.391
0.027
0.000
0.319
0.108
0.000
0.000
0.076
0.829
0.000
0.000
0.031
0.685
0.000
0.017
1.572
0.096
0.017
0.022
0.883
0.000
0.000
0.000
0.901
0.044
2.424
0.016
0.026
0.000
3.009
0.003
0.000
0.000
0.125
0.070
0.000
0.024
1.270
0.443
0.268
0.000
1.071
0.291
0.556
0.001
0.000
0.000
0.000
0.000
0.000
0.000
0.000
0.000
1.337
0.873
0.000
0.000
0.000
0.000
0.000
0.866
1.236
0.004
0.582
0.178
0.542
6.100
0.009
0.090
0.001
0.000
0.000
0.000
0.598
3.376
1.419
7.176
0.615
0.000
0.000
0.000
0.000
0.000
0.000
0.000
0.201
1.143
3.201
18.348
0.105
0.000
0.000
0.000
0.003
6.661
0.000
0.000
0.000
0.005
0.000
0.000
0.000
0.000
4.179
6.651
0.019
1.913
0.009
0.000
0.000
0.000
0.014
0.005
6.938
1.421
1.806
11.099
0.000
0.009
0.271
0.257
3.528
0.136
0.196
0.156
2.045
0.034
0.331
0.000
0.009
4.011
0.000
0.051
0.000
0.000
0.000
0.000
0.598
5.876
0.000
0.980
3.350
0.000
0.000
0.000
0.000
0.000
2.010
38.643
0.395
0.185
3.712
4.462
2.698
1.709
0.313
0.911
0.000
0.000
0.000
0.080
3.153
6.167
1.323
0.766
1.028
0.000
0.701
6.504
0.092
4.589
0.616
1.648
3.559
0.822
0.727
0.735
0.000
0.000
0.113
4.984
0.214
1.119
0.092
1.160
8.094
6.703
19.181
5.765
8.953
2.983
12.948
5.236
9.305
2.515
0.672
0.258
5.082
0.787
0.550
3.080
0.209
1.972
4.707
0.416
0.000
0.327
0.572
0.760
12.246
4.498
0.342
0.082
5.165
0.167
0.100
0.000
0.000
0.000
0.033
0.198
2.000
0.035
0.000
0.000
0.008
6.151
15.200
1.070
0.005
0.000
0.000
0.118
6.316
0.008
0.001
0.097
0.789
5.925
2.083
2.587
12.911
0.000
0.000
1.204
4.523
11.730
41.267
0.339
2.723
0.676
0.000
0.177
5.995
0.016
0.000
0.000
0.041
3.914
0.000
0.129
0.966
0.626
28.056
1.871
0.546
6.776
0.896
0.306
2.394
13.748
0.097
2.294
0.295
0.026
0.024
0.000
0.013
0.125
0.000
0.000
0.016
2.307
0.377
0.742
2.200
8.037
0.096
0.324
0.000
0.004
0.000
0.000
0.000
0.267
2.183
0.001
0.002
0.959
1.971
0.210
0.000
0.146
0.000
0.000
0.000
0.014
21.420
9.227
4.375
0.026
0.000
0.000
0.000
0.000
0.000
0.013
0.000
6.351
7.004
12.756
0.037
0.002
2.351
3.354
15.877
13.616
0.960
0.000
0.434
9.834
20.169
3.158
0.116
0.005
0.001
2.366
8.084
0.444
0.002
0.010
0.189
0.528
1.970
3.002
2.210
0.000
0.011
0.000
0.000
0.000
0.056
0.678
3.912
0.024
0.000
0.000
0.000
0.106
0.004
1.965
1.447
0.663
0.139
0.649
0.801
0.000
0.020
0.528
0.000
1.308
0.915
3.489
1.878
0.270
2.734
0.075
0.000
0.000
0.025
0.000
0.624
0.055
2.280
0.284
0.000
0.000
0.022
1.110
0.000
0.030
0.832
0.000
0.312
0.000
0.000
0.000
0.411
0.224
0.083
2.913
0.497
0.016
0.905
0.001
0.000
0.000
0.024
0.492
0.086
0.000
1.027
0.116
0.000
0.000
3.534
5.400
0.506
0.000
0.313
0.280
0.010
0.089
0.235
3.497
6.215
0.003
0.000
3.055
0.019
0.136
0.000
0.001
0.000
0.000
0.085
0.000
0.005
2.297
0.031
5.771
18.105
4.683
0.000
0.000
0.000
0.000
0.000
0.000
0.001
0.000
0.010
0.383
0.000
0.057
0.000
2.049
5.137
0.000
0.000
0.000
0.000
0.000
0.044
0.054
0.413
0.000
0.000
0.000
0.000
0.000
0.000
0.000
0.000
0.000
2.526
0.297
1.930
0.343
0.032
1.205
3.039
26.644
14.951
3.481
0.341
3.078
18.429
0.124
1.415
0.816
7.882
0.147
0.000
0.010
0.011
1.529
4.506
38.471
2.237
0.000
0.000
0.000
0.000
0.000
7.983
4.887
5.478
0.000
0.000
0.352
7.674
15.448
0.728
0.058
5.063
0.000
0.041
1.513
1.675
0.754
3.439
0.000
0.012
0.082
2.538
30.562
19.055
13.354
1.494
2.122
12.189
4.449
0.843
0.176
0.000
0.000
2.451
7.975
0.015
0.000
0.012
0.011
1.072
0.507
2.019
2.402
2.476
5.619
11.339
35.889
11.938
0.879
0.643
3.954
2.336
1.338
3.820
0.012
0.049
0.023
0.001
0.000
0.000
0.126
0.001
0.136
0.000
0.207
2.124
1.917
0.005
0.552
0.994
0.000
0.152
0.000
0.000
0.000
0.000
0.022
6.301
9.105
1.716
7.420
11.849
0.008
0.082
0.000
0.109
0.000
0.000
0.000
1.095
13.513
0.267
0.635
1.354
15.750
0.001
0.000
0.000
0.028
0.000
0.034
9.714
17.613
0.000
0.316
0.004
0.020
0.000
7.625
8.894
0.410
21.717
1.174
0.397
0.000
0.000
0.000
0.000
0.013
0.305
0.351
0.000
0.168
6.739
0.415
0.070
0.254
0.354
0.000
0.000
0.075
4.450
6.457
0.641
12.578
0.080
0.000
0.000
0.023
0.033
0.000
0.258
0.038
1.088
0.389
6.485
4.808
8.572
0.319
0.000
0.000
0.000
0.000
0.000
0.127
0.000
0.000
0.034
0.000
0.010
0.026
0.089
0.107
5.653
23.978
12.702
0.094
4.337
6.687
4.797
0.095
0.454
0.287
0.468
0.011
0.000
1.241
9.327
8.193
3.810
3.556
0.001
0.000
0.000
0.062
0.587
0.056
0.000
0.000
0.000
0.000
0.001
0.028
5.813
0.000
0.000
0.000
0.024
0.898
0.001
0.000
0.000
0.010
0.018
0.925
0.000
0.000
0.000
0.000
2.669
18.502
6.026
6.685
6.526
3.595
0.000
0.176
0.000
0.006
0.000
2.966
6.016
0.000
0.026
0.001
0.000
0.000
0.000
0.000
0.000
0.000
0.004
0.032
0.000
0.000
0.000
0.000
2.621
7.441
0.536
0.000
0.182
0.159
0.672
0.039
0.000
0.009
0.001
0.000
0.000
0.000
0.000
0.031
0.019
0.000
0.000
0.000
0.050
0.000
0.000
0.000
0.678
0.004
0.289
0.264
0.000
0.000
0.264
0.162
0.000
0.000
0.422
0.000
0.060
0.149
1.898
1.618
0.000
0.102
0.022
0.016
0.000
0.000
0.000
0.000
0.000
0.004
0.000
0.177
0.138
0.001
0.000
0.000
0.323
0.000
0.000
0.937
3.951
0.021
0.000
0.011
0.262
2.168
1.182
0.102
0.006
0.000
0.000
0.000
0.010
0.026
0.000
0.000
11.772
14.413
2.498
0.345
0.001
0.101
0.000
3.638
0.000
0.000
0.000
1.225
0.000
1.482
0.000
0.000
0.000
0.000
0.000
0.000
0.258
1.398
0.297
0.167
0.250
1.008
0.000
0.000
0.000
0.000
0.000
0.000
0.000
3.907
12.568
0.152
0.020
1.647
0.125
0.000
3.822
7.495
2.129
0.000
0.000
1.672
0.000
0.050
1.295
0.000
0.664
3.348
2.491
1.222
0.107
0.208
0.000
1.622
4.863
1.874
0.227
3.877
10.435
0.832
0.000
8.888
4.985
0.930
0.246
0.000
0.009
0.000
0.000
0.000
0.000
0.000
0.250
0.000
0.000
0.379
0.000
0.000
2.559
5.170
0.000
0.024
0.000
0.302
0.000
0.000
0.000
0.509
1.637
0.000
0.490
1.940
0.000
3.077
4.839
2.051
0.223
0.774
0.000
16.913
8.073
1.500
0.451
88.620
22.832
1.701
0.801
0.000
0.000
0.000
0.000
0.000
0.001
0.033
0.000
0.089
0.191
8.615
51.552
0.000
9.533
8.793
0.000
0.000
0.000
0.000
0.000
0.000
1.339
0.022
0.307
2.930
5.988
0.186
0.000
8.087
4.033
1.384
13.439
2.752
0.898
0.009
30.728
1.801
0.000
2.823
0.000
0.000
2.629
0.659
0.018
3.947
1.893
25.037
0.234
0.189
7.508
11.011
23.151
0.214
0.000
0.000
0.455
0.015
0.000
0.182
0.000
0.000
0.009
0.000
14.457
0.878
0.024
6.873
2.291
6.764
0.000
3.852
0.000
0.000
0.000
0.804
19.065
0.002
0.000
0.000
0.076
0.026
0.000
0.000
0.000
14.943
0.018
0.000
0.513
5.485
6.852
0.051
1.553
0.000
0.278
1.461
0.561
0.317
0.000
0.000
21.408
11.167
1.570
6.195
0.015
0.065
0.053
0.000
12.310
0.105
0.002
0.215
0.000
0.040
3.637
2.134
0.123
2.699
0.101
0.000
0.000
0.124
0.317
0.000
1.977
2.593
1.472
0.000
0.000
0.000
0.000
0.000
0.000
0.003
0.000
0.000
0.000
0.000
0.000
0.008
1.024
4.364
0.000
0.000
0.000
0.114
0.000
0.356
1.136
0.000
0.715
0.211
0.125
0.059
0.000
0.000
0.000
0.131
0.007
0.000
0.000
0.053
0.000
0.000
0.000
0.000
0.000
0.000
0.000
0.000
0.000
0.000
0.000
0.031
0.382
3.613
2.794
2.325
0.066
0.001
0.563
0.022
0.000
0.000
0.000
0.016
0.000
0.000
0.000
0.000
0.000
0.000
0.016
0.023
0.011
0.000
0.000
0.665
0.013
0.000
0.000
0.000
0.000
0.000
0.000
0.253
0.298
0.000
0.003
0.000
0.000
0.000
0.040
0.528
0.000
0.294
0.527
0.000
0.001
0.253
0.241
0.071
1.178
0.151
0.000
0.000
0.000
0.301
0.000
0.000
0.120
0.000
0.000
0.000
0.000
0.000
0.017
0.971
0.424
0.000
0.471
0.026
0.001
0.000
0.000
0.000
0.000
0.078
0.195
0.493
1.443
1.489
0.027
0.000
3.707
0.005
0.000
0.000
0.025
0.000
0.441
0.000
0.000
0.000
0.000
0.113
0.000
0.000
0.879
0.155
0.004
0.102
0.000
0.039
0.344
9.124
0.304
0.000
0.002
0.857
5.613
0.000
4.400
0.054
0.000
0.000
0.000
0.000
0.000
0.000
0.000
0.000
0.000
0.548
1.014
10.558
0.309
9.670
4.435
7.175
0.000
0.000
0.000
0.000
0.000
0.282
0.035
0.000
0.000
0.000
0.000
0.000
0.000
8.138
2.447
0.914
0.000
13.198
9.586
1.288
0.522
0.000
0.003
0.000
0.000
0.000
0.001
15.689
9.170
0.000
3.404
1.050
0.005
0.000
0.000
0.006
5.869
0.000
6.146
2.480
0.000
0.000
0.006
0.000
0.468
2.527
1.192
0.484
7.032
7.674
2.865
0.567
0.340
0.000
0.000
0.115
4.821
4.970
0.000
0.000
0.065
3.820
14.478
12.491
12.007
8.581
0.894
3.153
10.442
0.886
0.000
0.000
27.408
0.297
0.000
0.309
12.012
0.000
0.000
31.141
1.966
0.746
0.044
0.495
5.673
0.000
1.354
0.000
0.003
4.776
0.993
1.408
0.000
0.000
0.000
0.158
0.000
0.241
2.835
13.864
9.920
0.964
2.361
3.963
0.795
0.002
1.181
1.983
0.000
0.000
0.004
4.334
0.000
0.000
0.000
0.000
0.000
0.000
0.000
0.037
0.492
9.311
0.152
2.704
7.497
0.016
6.158
0.000
0.778
2.381
0.017
0.000
0.000
0.076
0.131
0.211
0.000
0.000
0.000
0.000
0.000
0.003
12.996
39.535
0.001
1.819
0.009
0.000
0.000
1.286
14.499
0.026
0.017
1.411
0.130
0.019
1.040
1.153
0.318
1.093
0.773
1.067
0.002
0.000
0.053
0.000
0.000
0.000
0.000
0.000
0.000
0.000
0.000
18.476
0.000
0.000
0.000
0.000
0.000
0.000
0.000
0.000
0.000
0.095
0.000
0.881
0.800
0.000
0.120
11.752
3.994
0.676
2.764
0.021
0.021
0.000
2.583
2.996
0.000
0.002
0.000
0.000
0.000
0.000
2.327
1.735
0.000
0.097
0.155
0.366
2.063
0.000
0.000
0.000
0.000
2.321
15.430
0.005
0.303
0.089
0.483
0.075
0.001
0.297
0.000
0.000
0.000
0.000
0.000
0.000
0.000
0.000
0.000
0.000
0.000
0.034
0.047
0.000
4.243
0.000
0.000
0.028
0.000
0.000
0.000
0.120
0.000
0.000
0.000
0.970
0.228
2.866
2.864
2.355
0.000
0.000
0.000
0.004
0.000
0.000
0.000
0.000
0.021
0.286
0.026
0.703
0.083
5.723
0.006
0.326
0.282
0.000
0.000
0.129
1.507
0.365
1.285
0.189
0.223
9.298
3.426
0.275
0.001
0.010
0.000
0.046
3.816
0.554
0.000
0.121
3.288
0.468
0.000
2.116
0.163
0.238
0.163
0.000
0.000
0.000
0.000
0.017
0.000
0.058
6.492
0.217
0.000
1.458
0.000
0.000
0.000
0.000
0.000
0.155
2.769
0.467
0.000
4.250
0.782
2.931
1.522
0.215
1.259
0.000
2.349
0.000
0.000
2.204
0.176
0.000
2.313
0.062
0.000
0.000
0.000
0.000
0.000
0.000
2.826
10.464
0.024
4.225
1.623
0.000
0.000
0.000
0.000
0.000
0.000
0.000
0.000
0.010
1.749
0.001
0.000
0.000
0.000
0.000
0.000
0.002
0.457
0.081
7.261
7.697
0.120
7.709
0.036
0.000
0.000
3.329
0.775
0.001
1.290
2.220
0.003
0.000
0.004
0.000
0.755
0.000
0.000
0.000
0.466
0.000
2.763
0.000
3.710
11.232
0.000
0.000
0.908
22.169
0.572
0.000
5.446
0.000
0.315
1.102
0.930
11.493
0.132
3.598
0.000
0.000
3.139
33.707
2.013
0.027
0.000
0.157
3.365
7.557
0.604
1.953
2.169
0.000
0.267
7.692
0.633
0.541
0.205
4.061
0.000
0.196
0.000
0.000
0.049
0.106
1.406
7.904
0.689
1.149
0.043
0.463
0.000
0.000
0.495
0.045
5.179
11.846
1.816
5.066
7.367
0.683
0.073
0.000
39.002
0.554
3.194
0.017
0.014
0.039
0.077
0.000
0.454
1.843
0.001
0.049
0.008
0.000
0.000
0.000
0.000
0.174
10.388
4.615
9.087
0.000
0.234
0.000
0.000
0.000
0.000
1.488
4.382
13.748
8.519
8.064
0.019
0.000
0.043
0.000
0.040
2.700
1.464
0.541
0.056
0.000
5.479
0.225
0.727
1.747
3.887
0.028
0.078
0.553
4.668
0.136
8.233
0.002
0.000
0.000
31.560
53.433
0.000
0.000
0.000
1.369
0.554
0.021
0.002
6.844
1.962
36.131
0.009
0.220
0.008
0.014
13.662
3.494
1.119
11.877
0.118
0.000
0.102
0.000
0.000
0.000
16.246
8.912
0.000
0.008
0.014
0.009
0.075
0.085
1.953
0.014
0.072
0.000
4.461
1.616
0.964
2.737
0.203
0.004
0.001
2.294
0.000
0.195
10.629
9.059
1.009
0.049
1.814
0.246
5.453
9.132
4.138
0.213
2.537
0.000
0.127
0.000
0.000
0.000
0.000
0.000
0.000
0.000
0.000
0.000
0.000
0.000
0.000
0.003
0.000
0.235
6.395
0.004
0.000
0.000
0.000
0.000
0.025
1.949
0.986
0.000
0.000
0.015
3.798
0.542
0.844
0.000
3.229
1.572
0.000
0.046
7.398
0.000
2.570
1.281
0.000
0.000
0.000
0.000
0.000
0.000
3.580
0.623
0.002
0.000
0.000
0.001
0.000
1.494
0.005
0.000
0.190
10.902
1.119
11.541
0.000
0.229
0.000
0.000
0.000
0.016
0.000
5.982
0.000
3.771
4.181
0.000
0.000
0.000
0.000
0.000
6.836
0.684
0.848
9.244
0.000
0.000
0.571
0.049
0.000
0.004
4.697
0.021
0.000
0.000
0.000
0.000
0.000
0.000
0.000
0.000
0.000
0.016
0.005
0.455
0.000
0.024
4.276
0.000
0.002
0.000
0.008
0.064
4.419
2.038
0.324
0.000
0.260
1.175
0.079
0.090
0.646
0.000
0.000
0.000
0.000
0.000
0.000
1.305
0.000
0.000
4.916
0.384
0.772
0.000
0.000
0.000
1.147
0.006
0.000
0.000
0.000
0.000
0.000
0.000
0.005
0.000
0.000
0.000
0.000
0.057
0.028
17.274
0.000
0.013
0.001
0.000
0.000
6.182
0.648
0.000
0.000
0.583
15.215
0.742
0.000
0.000
0.000
0.369
0.000
0.000
0.042
7.311
0.000
0.075
0.206
0.000
0.632
3.775
2.651
0.286
0.001
0.175
0.668
0.234
0.000
0.000
0.060
4.735
0.063
1.991
2.728
6.507
0.522
0.041
6.461
4.182
3.515
0.006
0.073
0.453
16.914
0.149
0.803
4.663
2.766
0.013
11.146
41.155
1.695
2.307
1.553
2.288
0.097
0.386
2.276
0.000
2.469
16.060
7.708
0.347
15.482
0.360
1.846
2.541
5.936
0.237
19.384
7.010
0.000
0.000
0.000
0.000
9.211
7.971
0.000
0.000
4.636
0.000
0.080
3.229
9.873
0.000
23.405
3.789
0.000
1.051
0.264
0.817
0.034
0.000
1.744
0.139
0.000
0.031
3.128
0.439
0.000
0.930
9.608
2.008
5.196
0.096
0.000
0.000
0.000
0.000
0.458
0.536
10.566
0.036
7.108
0.610
0.004
0.024
0.007
0.000
0.781
5.148
0.000
0.000
0.042
0.000
10.936
4.785
0.000
0.631
0.000
0.003
0.000
0.304
0.531
5.263
0.432
4.178
0.341
0.129
0.000
0.000
0.000
4.923
0.304
0.140
0.000
0.000
0.007
1.053
0.000
0.000
0.101
0.041
8.587
0.000
0.000
0.000
5.752
0.000
2.217
40.838
0.003
0.617
0.075
0.780
0.284
5.373
4.663
0.000
0.000
0.000
0.452
9.595
7.629
0.000
0.000
0.000
0.756
0.000
0.000
0.000
0.487
51.491
10.616
0.146
0.000
0.000
0.000
0.000
0.000
6.727
2.165
0.000
0.001
3.554
0.133
0.541
0.000
0.224
1.071
0.405
0.303
0.000
0.000
0.000
0.000
0.000
4.139
1.048
0.328
0.460
0.018
5.415
2.075
0.000
0.306
0.000
2.228
0.027
0.000
2.050
0.015
9.755
0.739
5.474
2.056
1.288
1.166
0.000
0.000
0.000
1.436
0.000
0.000
0.000
0.000
8.472
22.179
0.149
0.142
0.013
0.001
0.129
0.002
0.034
0.254
0.012
0.008
1.223
0.178
0.125
0.000
6.545
3.737
0.994
0.217
0.053
0.096
0.000
0.000
0.000
2.876
0.607
0.000
0.000
0.197
0.032
0.593
5.641
2.001
0.000
0.000
0.005
0.716
0.241
0.000
0.022
0.564
1.167
0.000
0.000
0.000
0.000
0.000
0.000
0.200
0.824
0.010
0.094
0.676
0.000
0.016
0.277
0.610
0.000
0.000
0.166
0.000
0.139
0.027
0.541
5.565
0.010
1.162
0.022
0.000
0.000
0.000
0.000
0.490
2.896
0.146
0.005
0.003
0.128
0.000
0.000
0.000
0.000
0.000
0.041
1.499
1.890
1.748
0.100
7.917
0.000
0.011
0.000
0.049
4.818
0.000
0.022
1.094
8.352
0.051
6.329
0.000
0.004
0.828
1.098
0.234
0.000
0.000
0.000
0.000
0.000
0.000
0.000
0.000
0.000
0.506
0.000
0.000
0.000
0.000
0.000
0.000
0.577
16.023
5.803
0.900
4.050
0.000
0.000
0.000
0.000
0.000
0.000
0.000
0.001
1.592
0.000
0.085
0.000
0.000
0.000
0.002
4.674
1.846
2.338
2.040
0.002
0.091
0.050
0.000
0.000
0.696
7.214
9.596
5.681
5.207
6.394
0.059
0.085
0.000
0.000
0.000
8.061
10.665
16.658
3.656
10.799
2.980
0.742
0.277
1.316
0.306
0.150
0.041
0.013
0.000
0.000
0.000
3.213
4.378
0.000
0.000
0.039
9.619
0.000
0.275
0.719
0.000
0.000
6.112
10.130
3.953
0.000
0.812
2.244
0.000
0.000
0.355
0.602
0.000
0.045
1.272
7.204
1.052
0.000
0.005
0.229
0.117
5.221
4.430
0.094
10.767
1.773
0.002
1.302
9.552
0.000
3.107
0.004
0.000
0.000
0.000
4.101
2.658
0.000
0.000
0.000
0.014
4.413
0.000
0.000
0.635
0.045
0.148
0.182
0.000
0.481
1.390
0.139
0.019
2.916
0.130
0.786
13.106
28.576
0.980
6.934
0.359
0.010
0.003
1.332
0.044
0.000
0.000
0.000
0.023
0.000
0.012
5.252
20.674
0.000
0.000
16.804
3.598
4.842
0.000
0.000
0.000
2.899
0.067
1.691
0.000
0.000
0.004
0.000
0.000
0.000
1.212
0.733
0.003
0.000
0.132
0.000
0.103
0.043
0.000
0.000
0.000
0.000
0.000
0.000
0.000
3.386
18.106
0.945
9.572
0.019
0.000
6.242
9.027
1.539
0.298
1.594
2.757
0.584
1.029
4.148
0.000
0.000
0.009
12.970
0.000
0.000
0.000
0.284
0.003
0.000
7.016
0.635
3.080
0.236
0.000
0.009
13.097
3.526
0.044
0.750
0.216
0.023
0.899
0.794
0.000
0.000
0.272
0.066
0.067
0.000
0.000
0.000
0.031
0.423
0.000
0.060
0.023
0.020
3.477
0.288
0.000
0.281
0.085
4.795
0.003
0.000
0.000
0.943
0.178
0.000
0.000
0.000
0.000
0.000
0.000
0.178
0.000
0.103
3.162
10.595
0.004
0.021
0.586
0.069
1.415
0.298
1.069
0.000
0.392
0.000
0.000
0.000
0.706
0.296
0.332
0.882
0.049
0.000
0.000
0.000
0.000
0.042
1.043
0.000
0.000
0.000
0.000
0.000
0.260
0.280
5.886
18.158
7.198
0.000
0.099
0.000
0.221
0.013
0.000
0.018
0.000
0.000
0.006
0.884
0.000
0.000
0.000
0.000
0.042
0.088
0.041
0.000
0.025
0.105
0.028
0.000
0.000
0.044
0.000
0.022
1.147
0.029
0.817
0.091
0.174
0.146
0.000
0.000
0.000
0.000
0.000
0.000
0.000
0.000
0.000
0.000
0.000
0.000
0.208
0.565
0.000
0.000
0.093
0.000
0.162
0.004
2.285
11.465
2.321
1.712
0.643
2.344
4.966
0.433
0.000
0.106
0.002
0.693
0.000
0.000
0.000
0.000
0.000
0.000
0.000
0.551
2.863
0.000
0.438
2.369
0.000
0.036
0.680
0.000
0.001
7.891
0.938
0.032
0.679
2.462
11.767
9.523
11.326
5.309
4.785
10.390
0.000
0.000
0.000
0.000
0.000
0.000
0.000
0.000
0.000
0.000
0.000
0.050
1.362
0.000
0.000
0.003
8.887
15.494
21.474
0.000
0.000
0.000
0.000
0.021
0.000
0.014
0.184
0.000
0.000
0.000
9.450
0.617
0.551
0.066
0.000
0.000
0.000
0.000
0.000
0.283
1.147
1.560
0.470
0.000
7.193
0.006
0.291
15.392
1.867
1.553
2.764
0.033
4.762
0.013
0.965
10.307
5.783
0.014
1.083
18.123
5.346
1.086
0.013
3.915
2.789
0.115
0.037
0.047
0.000
0.090
0.000
0.009
15.471
0.170
17.615
4.498
0.000
0.262
0.000
0.000
0.043
0.000
0.000
1.314
0.000
0.000
0.000
0.000
5.183
9.704
0.711
0.863
0.115
0.000
0.001
0.000
6.968
1.212
4.529
0.345
3.880
1.839
0.399
0.000
0.000
0.002
0.000
0.000
5.619
14.007
0.015
0.000
0.289
18.502
0.000
0.000
0.000
0.000
0.000
0.647
0.000
0.000
0.000
0.002
0.219
0.000
5.236
0.982
3.062
0.136
0.125
2.039
0.094
0.000
0.000
0.000
0.049
0.112
2.179
2.125
0.158
0.172
0.000
0.000
7.054
30.908
0.000
0.000
0.000
0.022
0.010
0.012
0.723
0.074
0.535
41.911
0.070
2.872
0.001
2.413
0.003
0.070
0.608
0.000
0.000
0.055
4.869
27.572
0.226
22.299
0.260
0.002
0.124
9.235
0.168
10.669
2.297
3.104
5.110
8.156
0.014
13.574
0.160
1.537
3.249
0.642
20.319
20.429
1.817
0.062
0.065
0.000
0.000
0.015
5.795
3.889
17.671
38.258
0.826
3.077
1.749
0.000
0.710
0.000
0.000
0.000
0.000
0.000
0.003
0.383
0.013
0.000
0.000
0.107
3.421
1.041
0.000
0.000
0.667
0.441
1.244
0.000
0.086
1.070
0.122
0.000
0.000
0.000
1.303
0.002
0.106
0.007
0.014
0.000
0.000
0.049
1.339
0.384
0.040
0.001
0.000
16.404
0.107
0.775
5.483
0.184
0.629
0.000
0.000
0.000
0.000
0.000
0.000
0.000
0.008
0.001
0.000
0.000
0.000
0.400
0.002
3.554
3.095
4.223
0.223
1.821
1.904
0.000
0.000
0.000
0.178
0.000
0.000
0.000
0.000
0.000
0.000
0.011
0.605
0.003
0.212
2.892
0.006
0.007
0.022
0.000
0.001
0.000
0.000
0.000
0.000
0.000
0.000
0.000
0.000
0.000
0.000
0.000
0.000
0.051
0.000
0.057
0.000
0.001
0.000
0.032
0.175
0.036
0.000
0.000
0.155
0.453
0.000
0.002
0.030
4.001
0.000
0.245
0.539
1.338
0.000
0.000
0.000
0.020
0.000
0.000
0.000
0.000
0.000
0.240
0.769
0.122
0.001
0.170
0.125
0.421
0.000
0.000
0.000
0.000
0.000
0.000
0.007
5.683
0.019
0.000
0.000
0.052
1.473
0.016
0.000
0.040
0.035
0.049
0.049
1.591
0.024
0.000
0.000
0.001
0.002
0.000
1.860
0.160
0.274
0.000
0.024
16.669
21.227
0.152
0.000
0.000
11.527
5.462
0.008
0.000
0.000
0.000
1.262
0.000
0.000
0.188
0.000
18.958
0.000
0.202
14.020
22.738
4.540
0.000
0.000
0.000
0.598
3.113
7.528
0.000
0.075
0.056
6.996
0.040
0.000
0.023
13.193
0.017
0.477
5.926
0.026
3.691
0.693
2.068
0.001
1.135
0.000
0.000
0.000
0.000
0.914
1.796
0.541
0.000
0.000
13.043
0.748
0.003
0.425
0.654
2.914
8.833
30.039
3.759
0.029
2.506
5.217
2.929
15.470
5.882
1.944
3.051
0.044
0.000
0.000
0.647
2.010
2.255
1.344
0.478
0.002
0.170
0.000
2.429
22.184
2.302
0.000
0.000
0.995
0.000
0.000
0.000
0.865
0.000
0.693
0.012
2.996
2.666
18.678
2.035
0.000
17.895
0.027
0.821
1.375
0.118
5.680
4.541
2.298
0.000
4.323
6.736
0.000
0.572
0.005
11.176
0.000
0.000
0.521
0.000
0.000
0.940
0.000
0.113
2.045
0.000
0.000
0.001
0.002
1.825
4.525
2.945
0.002
0.013
0.005
0.003
0.000
0.000
0.000
0.317
1.897
0.018
0.000
0.305
5.162
5.891
2.768
0.000
0.000
0.000
3.849
4.746
0.000
0.172
6.603
2.188
2.729
0.809
0.000
8.995
9.693
0.117
5.431
4.766
0.013
0.000
0.000
0.113
0.000
0.000
0.000
12.360
16.419
0.019
1.406
26.563
0.025
2.249
0.023
0.000
1.036
0.044
0.000
0.000
13.533
12.637
8.874
0.002
1.425
18.994
7.160
3.604
3.356
0.002
0.000
0.018
0.000
0.000
0.000
0.000
0.313
1.417
3.854
5.741
4.237
3.964
0.000
0.000
0.000
0.000
0.000
0.000
0.011
0.014
10.251
8.579
9.978
0.741
0.101
0.077
0.000
0.039
0.971
0.215
0.160
0.013
0.739
0.000
0.000
0.000
0.000
0.000
0.000
0.006
0.039
0.000
0.020
0.128
0.000
0.280
0.025
0.000
0.000
0.065
0.144
1.273
0.000
2.659
0.061
0.339
2.239
0.134
0.820
6.182
15.597
0.001
0.657
0.000
0.002
0.357
3.727
0.012
1.986
3.525
0.000
0.008
0.693
0.011
0.309
0.021
0.242
0.455
0.003
0.957
11.311
0.000
0.006
0.199
0.040
0.000
0.045
0.346
0.001
0.113
0.000
0.000
0.011
0.301
0.482
0.369
0.588
0.000
0.000
0.001
0.000
0.000
0.000
0.000
0.015
0.399
0.000
0.047
0.005
0.026
0.000
0.000
0.000
0.000
0.000
0.000
1.179
8.595
4.825
1.250
0.056
0.000
0.000
0.000
0.235
1.322
0.024
0.008
0.968
0.058
0.000
0.000
0.270
0.497
4.661
0.000
0.000
0.000
0.000
0.207
0.027
3.536
0.000
0.000
0.000
1.114
9.489
0.000
0.000
0.000
0.000
0.000
0.000
0.000
0.000
0.368
3.830
0.000
29.416
23.060
15.424
2.052
0.206
0.000
0.000
0.125
5.331
11.427
2.188
0.008
0.208
0.000
0.000
0.000
0.000
0.000
0.000
0.000
0.000
0.000
0.000
0.000
0.000
0.000
0.000
0.039
0.559
0.057
0.064
0.000
0.203
3.497
0.236
10.922
0.012
0.000
11.318
0.145
0.531
0.029
0.000
0.058
6.294
0.118
0.092
0.013
0.120
0.000
0.555
8.209
4.841
0.113
15.126
0.015
0.003
0.178
0.002
0.708
0.000
0.876
0.000
0.000
0.175
0.661
0.000
0.000
2.309
0.459
5.354
0.641
0.000
0.000
1.490
0.000
2.828
0.846
15.711
0.004
0.221
0.000
2.768
3.001
0.005
0.492
1.703
0.000
11.014
1.232
0.000
20.964
0.733
2.170
0.292
0.000
4.799
3.205
0.754
0.225
0.000
0.000
0.487
0.047
0.026
0.000
0.000
0.000
0.001
0.707
0.226
0.131
0.106
1.095
28.847
0.289
0.548
0.048
0.003
0.000
11.537
9.774
4.647
13.817
1.200
0.942
0.067
0.810
0.637
0.974
5.086
11.789
1.932
2.962
0.404
0.000
0.064
0.000
9.133
3.998
0.097
0.000
0.000
0.038
0.000
2.293
10.531
11.464
0.423
0.029
16.933
8.235
0.016
0.000
0.000
0.505
0.000
0.000
9.161
0.035
0.000
0.000
0.000
0.000
0.000
0.000
0.000
0.000
0.000
0.033
0.850
0.093
0.240
3.420
0.026
0.213
0.000
0.000
0.000
0.000
0.000
0.000
0.075
3.174
0.412
0.000
0.000
1.026
0.379
3.309
0.310
0.000
0.000
4.195
1.894
5.460
1.348
2.855
7.172
0.361
0.311
6.408
0.358
0.181
0.164
0.040
4.455
2.572
0.549
0.000
0.004
2.609
9.267
12.127
0.039
0.149
6.822
6.434
0.000
0.104
5.366
15.952
11.659
0.528
3.574
0.003
0.172
0.389
0.000
0.000
0.000
2.962
0.000
0.000
0.008
0.127
12.493
6.347
0.000
0.000
0.000
0.000
0.000
0.000
0.000
3.005
2.078
0.553
0.000
0.000
0.000
0.035
0.000
0.042
0.618
0.332
1.042
0.092
0.000
0.004
0.000
2.080
0.223
0.000
0.000
0.171
2.659
0.000
0.000
0.000
0.044
0.030
0.512
0.960
0.000
0.012
3.662
11.510
7.174
3.549
0.730
0.000
0.026
0.005
0.000
0.000
0.000
0.000
0.000
0.000
0.000
0.000
0.000
0.000
0.023
0.000
0.000
0.000
0.000
0.000
0.000
0.000
0.000
0.000
0.000
0.525
2.993
5.781
10.413
1.679
0.000
0.000
0.000
0.000
0.000
0.000
0.001
0.000
0.021
0.279
0.341
0.432
1.866
0.902
0.000
0.000
0.000
0.000
0.011
0.670
0.003
0.000
0.000
0.000
0.000
0.027
0.000
0.916
0.053
0.000
0.000
0.000
0.000
0.000
0.000
0.000
0.000
0.000
0.000
0.003
0.000
0.552
0.899
3.879
6.065
5.390
0.099
0.126
2.519
0.043
0.000
0.083
0.000
0.000
0.000
0.000
0.000
0.000
0.000
0.528
1.717
0.000
0.000
0.000
0.000
0.039
1.609
1.247
0.318
0.000
0.001
0.000
0.000
0.089
0.000
0.061
0.775
0.204
0.691
0.000
0.000
0.000
0.000
0.000
0.000
0.000
0.000
1.046
5.194
0.143
0.000
0.000
0.832
9.341
10.843
1.533
0.280
0.006
3.229
3.227
2.484
14.225
0.592
0.010
4.955
2.535
3.855
11.396
0.013
0.000
0.000
0.000
0.008
0.000
0.000
0.030
0.810
11.201
0.288
0.010
0.000
0.000
0.210
0.050
0.619
0.317
0.025
0.000
7.707
0.788
5.559
5.914
0.329
13.350
0.536
2.650
10.148
1.280
1.660
4.006
4.398
0.002
8.685
0.060
0.091
0.008
18.919
0.001
4.749
17.702
5.904
0.568
0.848
0.000
0.000
0.028
0.000
0.404
31.075
5.030
2.519
0.017
0.025
0.432
0.293
9.948
0.130
0.000
1.206
23.818
2.323
0.001
4.455
0.000
2.707
3.226
0.256
0.955
2.891
9.740
0.013
1.926
13.845
0.000
0.029
10.190
0.000
25.631
0.000
0.000
1.959
0.203
0.000
6.273
1.909
0.168
9.832
0.002
11.481
1.705
3.946
1.068
0.000
10.431
10.379
21.447
0.703
0.000
0.000
15.614
0.000
0.000
0.000
0.000
0.000
0.036
10.304
0.000
6.717
6.406
0.978
0.000
0.624
31.417
1.360
0.000
0.982
12.399
0.001
0.000
0.186
0.669
5.735
2.845
0.003
0.005
0.007
0.120
0.000
1.920
18.013
3.327
0.000
0.000
1.353
0.097
3.145
0.656
3.869
0.000
0.006
0.000
0.000
0.000
0.000
0.000
0.151
0.084
0.000
0.000
0.000
0.000
0.000
0.000
0.000
0.157
0.140
0.902
0.000
0.015
1.311
8.560
23.615
49.336
6.321
0.517
0.000
0.000
0.000
0.000
0.402
0.000
0.000
0.000
0.000
0.000
0.000
0.000
2.297
0.032
0.013
7.884
1.009
0.000
0.000
0.000
0.032
0.085
0.850
2.060
4.495
0.000
6.928
0.000
0.155
0.001
0.000
10.556
2.534
0.280
0.000
0.163
0.028
0.172
0.000
0.000
2.162
3.081
0.032
0.003
0.000
0.000
0.000
0.000
0.036
0.270
0.039
0.016
8.056
2.183
0.000
0.000
0.059
0.122
0.000
0.000
0.000
3.347
19.891
3.765
0.565
0.000
0.010
0.268
0.017
0.348
0.285
0.000
0.000
1.592
0.437
0.270
2.821
6.353
0.002
2.569
0.217
0.006
0.260
0.084
0.785
0.021
2.253
0.006
0.000
0.006
0.163
3.931
0.387
0.840
0.779
0.000
0.000
0.269
1.520
0.015
0.000
0.000
0.000
0.000
0.000
0.154
0.671
0.000
0.000
0.000
0.000
0.000
0.000
0.078
0.369
0.374
0.518
3.886
0.060
0.000
0.000
0.009
0.000
0.000
0.000
0.000
0.000
0.086
2.401
0.325
0.000
0.000
0.113
0.890
0.324
0.115
0.004
0.169
0.598
2.214
0.012
1.089
0.782
0.013
2.508
0.235
0.000
0.000
0.000
0.000
0.000
0.000
0.050
2.008
1.200
4.196
4.411
0.224
0.124
0.025
0.000
0.000
0.943
5.433
0.000
1.620
0.000
0.000
8.483
3.071
0.000
0.000
0.033
0.043
0.813
13.069
1.102
0.005
0.000
3.980
5.828
0.005
6.928
18.026
0.001
0.001
0.000
10.151
8.378
0.000
0.095
2.709
1.002
0.008
0.000
0.097
1.673
0.897
0.000
0.000
0.000
0.016
0.047
6.305
17.183
7.433
0.259
0.141
0.000
0.011
9.836
2.374
3.849
9.517
1.253
0.052
0.177
2.080
0.000
0.459
4.311
0.067
0.057
0.001
0.001
0.000
0.000
0.057
4.625
14.586
0.132
9.159
1.821
0.016
0.031
25.673
19.168
1.996
0.000
0.000
13.472
21.977
0.000
0.000
0.000
5.157
0.000
0.000
4.602
0.000
0.462
0.857
4.861
2.358
3.295
0.000
0.000
1.477
2.371
1.527
0.066
1.359
0.093
20.636
0.000
0.336
8.299
12.423
1.493
0.000
11.662
0.080
0.001
0.000
0.428
0.369
43.704
0.242
0.000
0.000
5.051
10.802
0.316
9.246
0.664
0.418
6.900
3.728
4.748
0.000
0.138
8.717
0.000
11.132
0.009
1.586
0.216
0.319
1.726
0.000
1.671
0.000
0.002
0.002
0.133
4.208
1.507
2.433
0.000
0.654
0.075
0.009
0.000
0.000
0.000
0.000
0.000
0.000
0.036
0.868
1.178
0.006
0.000
0.470
4.176
0.864
9.801
2.466
0.006
0.000
0.000
0.000
0.000
0.000
0.286
2.831
0.000
0.000
0.000
0.000
0.000
0.000
0.000
13.655
1.346
0.658
0.987
3.622
13.579
0.057
0.000
0.000
0.003
0.161
0.024
0.000
0.000
0.037
1.777
4.226
0.001
0.095
0.925
0.358
0.076
0.000
0.000
0.438
0.253
0.000
0.000
0.000
0.000
0.000
0.000
0.004
0.368
0.000
0.000
0.000
0.012
0.612
2.220
0.286
0.759
0.962
0.073
0.002
0.000
0.022
0.000
0.111
4.780
4.032
0.073
0.000
0.011
0.391
0.000
0.000
0.001
0.014
0.000
0.001
0.187
0.000
0.000
0.000
0.000
0.000
0.394
0.679
0.097
0.000
0.000
0.001
0.000
0.000
0.000
0.588
0.886
0.050
0.000
0.000
0.134
1.769
0.044
0.306
0.175
0.151
0.010
0.000
0.000
0.006
0.118
0.001
0.000
0.011
0.730
0.613
0.231
0.081
0.028
0.000
0.000
0.103
0.813
0.000
0.000
0.906
2.617
1.809
0.009
0.004
0.812
3.571
0.007
0.770
0.010
0.000
0.000
0.000
0.000
0.000
0.000
0.000
0.000
0.000
0.000
0.000
0.000
0.000
0.000
0.259
0.299
0.789
0.000
0.110
0.066
6.958
1.144
0.000
0.172
0.005
2.003
5.431
0.119
2.020
2.977
0.554
1.847
0.881
0.055
0.639
0.000
0.019
0.139
0.000
0.000
3.713
5.048
0.000
0.000
0.004
0.000
0.000
0.000
6.523
2.083
1.106
2.884
1.016
0.080
0.000
0.112
0.003
0.077
9.705
1.815
0.007
0.783
0.264
0.000
0.000
0.000
0.092
0.852
0.003
0.000
0.000
0.000
0.171
8.433
2.471
44.601
0.050
10.172
4.506
0.000
4.351
12.307
0.299
0.000
2.317
1.415
0.000
0.000
0.000
0.244
1.924
8.665
6.807
0.201
0.666
2.740
2.676
0.493
2.543
0.018
0.156
0.624
0.000
0.000
0.000
0.000
0.000
0.391
4.567
23.460
5.416
0.437
5.883
43.785
13.315
0.000
19.631
36.728
5.892
1.669
0.000
0.000
0.000
0.000
0.763
0.089
1.630
3.909
3.610
0.012
0.000
21.687
0.633
0.000
7.025
9.400
0.000
6.166
12.623
6.573
102.824
17.175
1.244
0.598
18.268
0.006
0.000
0.000
0.708
0.000
0.000
0.015
0.373
26.458
0.061
6.100
8.903
17.756
0.000
0.106
0.001
0.125
0.000
0.191
9.960
1.180
0.998
0.093
0.101
0.004
0.006
1.767
0.000
0.802
0.000
35.009
5.757
5.761
0.000
0.036
4.474
0.000
0.217
1.655
0.399
26.191
2.641
0.000
0.014
1.913
4.272
0.789
0.022
0.037
1.040
0.000
0.000
8.977
0.410
0.277
3.686
0.008
0.000
0.001
1.279
0.953
0.090
2.036
0.052
0.000
0.000
0.000
0.076
0.000
0.000
0.000
0.003
0.478
1.189
1.873
0.335
0.309
0.000
0.000
0.097
0.000
0.000
0.000
0.000
0.803
0.264
0.788
2.162
2.824
3.907
0.305
0.157
0.000
0.000
0.000
0.000
0.000
0.000
0.000
0.000
0.000
0.168
0.779
0.736
0.104
0.893
3.216
1.116
4.417
0.000
0.000
0.000
0.000
0.991
0.062
3.071
5.830
0.405
0.000
0.392
1.681
2.080
6.001
4.782
0.000
1.207
1.405
0.000
0.000
0.000
0.016
0.836
0.008
0.193
4.794
0.984
0.102
0.000
3.828
14.934
0.382
0.196
0.000
0.000
0.000
0.000
0.000
0.000
0.018
0.000
0.336
5.419
0.158
0.890
0.353
0.397
0.410
0.060
0.000
0.002
0.043
0.000
0.018
0.000
0.000
0.000
0.013
1.853
5.088
0.050
0.070
0.044
0.087
0.007
13.201
0.000
0.002
0.238
0.001
0.000
0.000
0.011
0.009
0.000
0.000
0.089
0.785
0.582
0.101
0.244
0.000
0.380
0.732
0.000
0.000
0.001
0.000
0.000
0.621
0.001
10.917
6.786
0.120
0.000
0.002
0.509
0.000
2.730
1.840
0.025
0.000
0.000
0.030
0.057
2.075
0.094
0.001
0.685
6.840
0.143
0.575
0.000
0.000
0.000
0.740
2.008
0.861
3.756
0.000
0.071
5.292
14.771
0.000
0.001
0.000
0.000
0.000
0.000
0.239
0.279
0.000
0.000
0.116
0.833
0.002
0.001
0.000
0.000
0.000
0.000
0.000
0.000
0.205
10.346
3.204
0.000
0.000
3.558
12.758
0.001
0.000
0.000
0.134
0.218
3.211
0.000
6.936
2.391
0.000
0.000
0.000
0.000
0.000
0.004
0.000
0.000
0.000
0.000
6.997
0.267
0.000
0.000
0.000
0.000
0.000
1.544
9.184
5.164
0.000
0.000
0.042
9.593
3.861
0.000
10.683
2.086
0.000
5.997
17.373
0.024
0.241
5.402
0.963
0.214
0.163
0.000
0.000
0.000
0.406
2.345
0.000
0.000
0.013
1.443
2.078
0.000
0.000
0.000
0.075
0.000
0.003
0.005
0.002
0.895
2.011
0.000
0.000
3.940
1.752
10.524
15.795
8.505
2.540
0.000
0.210
0.000
0.000
0.000
0.295
16.545
6.466
1.563
1.977
0.000
0.016
15.228
4.110
0.023
0.000
0.001
11.926
0.164
0.000
0.000
0.000
2.628
0.000
2.192
0.141
0.000
3.934
40.886
0.910
3.615
7.763
0.007
0.459
6.001
3.158
18.133
0.007
0.000
0.000
0.000
0.000
0.000
1.115
3.761
3.017
0.862
2.347
0.600
0.358
6.095
4.463
23.308
0.585
1.039
3.706
4.120
0.151
0.011
1.651
0.020
0.021
1.523
5.609
1.786
2.467
0.032
0.867
0.144
0.000
0.156
0.000
0.000
9.677
0.303
1.531
2.222
0.094
0.000
0.019
0.024
0.090
0.000
0.000
0.000
0.000
0.000
0.000
0.000
5.375
0.062
0.000
0.000
0.060
1.428
17.210
0.012
0.024
21.321
0.009
7.769
0.361
0.000
0.000
0.000
0.000
0.000
0.022
3.356
5.306
0.457
1.016
0.000
0.177
10.061
0.009
0.000
0.267
1.215
3.015
0.612
0.000
0.000
0.000
0.000
0.000
0.263
4.503
9.033
0.000
0.007
0.095
6.246
4.440
10.289
22.989
0.436
0.000
0.000
0.000
0.035
8.311
2.492
2.329
19.713
8.972
0.409
2.757
0.692
1.712
5.490
0.318
0.437
0.018
0.042
0.152
0.028
0.003
0.000
0.667
2.890
0.710
0.000
0.000
0.940
2.330
0.000
0.000
0.078
2.664
0.688
0.776
0.000
0.000
0.011
0.031
0.137
3.694
0.448
0.000
0.000
0.065
0.042
0.056
0.000
0.011
0.190
0.355
2.388
0.232
0.000
0.052
2.209
12.940
5.888
14.349
0.000
0.000
0.074
1.077
0.188
0.000
0.039
0.243
0.111
0.904
0.563
2.317
0.163
0.044
0.840
0.078
1.715
3.087
0.107
1.384
1.039
0.000
0.000
0.072
0.005
0.040
0.000
0.000
0.048
5.467
0.003
0.000
0.000
0.000
0.000
0.000
0.000
0.009
0.570
1.167
0.052
3.529
0.129
0.630
0.001
0.717
0.005
1.399
0.000
1.561
0.650
1.752
0.835
0.000
0.000
0.000
0.000
0.774
0.159
0.000
0.000
0.000
0.000
0.000
0.000
0.000
0.000
0.006
0.737
4.295
2.436
0.046
0.609
2.763
8.701
0.000
0.099
17.810
1.181
0.000
0.000
0.000
0.000
0.002
0.000
0.000
0.000
0.121
1.392
0.000
0.066
0.492
0.000
0.000
0.000
0.000
0.000
0.000
0.000
0.000
0.015
0.406
0.161
0.513
0.000
2.805
5.310
0.000
0.573
0.000
0.000
1.300
6.102
0.000
0.000
0.030
17.220
3.246
0.015
3.054
0.046
0.000
0.813
0.025
0.000
1.641
0.000
3.029
0.498
0.000
0.000
0.078
3.230
0.168
2.468
0.897
0.247
0.000
0.000
7.631
11.681
0.135
0.703
3.043
11.051
4.920
5.117
0.188
0.789
0.002
1.997
0.059
3.274
15.702
18.704
4.223
1.897
11.786
14.512
1.301
0.000
0.171
0.000
0.034
0.518
10.337
0.001
0.016
0.000
0.099
0.003
0.000
0.000
0.000
0.000
0.000
14.353
23.654
24.836
5.920
0.000
0.090
8.523
5.826
0.701
0.000
0.131
0.004
41.126
7.527
0.322
9.696
16.194
0.300
0.000
4.151
12.978
0.821
0.008
0.138
0.112
2.914
0.000
0.000
7.472
6.161
1.492
2.550
0.215
0.000
0.155
2.364
5.003
2.663
1.876
3.859
0.007
13.007
0.584
2.499
2.816
6.387
0.000
0.000
0.000
0.064
0.093
0.010
12.112
0.000
0.000
3.707
0.047
10.557
1.208
0.008
2.353
0.000
0.000
0.035
0.118
1.559
0.000
0.000
0.001
0.000
0.000
1.911
19.419
0.042
0.958
0.000
0.000
0.145
0.783
24.661
11.139
0.108
1.241
1.258
7.675
11.906
7.392
0.125
0.933
0.000
6.745
8.451
0.452
4.282
0.139
2.272
4.621
5.278
0.000
0.000
0.000
0.000
11.377
0.147
0.211
0.117
0.269
0.035
0.000
0.000
0.000
0.003
0.803
14.028
0.000
0.000
0.012
0.000
0.011
0.000
0.012
5.337
0.029
0.063
2.906
4.556
8.730
0.025
0.036
0.000
0.000
0.000
0.000
0.000
0.000
6.268
3.937
0.000
0.004
4.995
0.095
0.004
0.000
0.000
0.000
2.634
0.000
0.000
0.000
0.059
6.693
1.658
0.086
0.110
0.000
0.000
0.108
3.049
0.003
0.843
0.300
2.929
0.704
0.180
4.372
0.444
0.875
0.331
0.000
0.000
0.288
0.147
0.782
0.157
0.000
0.000
0.258
0.753
0.158
0.215
0.011
0.134
0.485
0.000
0.001
0.000
0.000
0.000
0.000
0.000
0.170
2.510
0.000
0.000
0.000
0.001
0.000
0.325
3.095
6.680
0.379
0.000
0.197
1.380
0.096
2.056
1.485
1.362
0.005
0.000
0.000
0.030
0.000
0.000
0.014
0.663
0.144
1.017
1.517
0.061
0.000
0.004
0.033
3.890
0.000
0.000
0.000
0.000
0.000
0.128
0.000
1.789
0.486
0.000
0.006
0.000
0.000
0.001
0.005
0.000
0.764
0.141
0.000
0.000
0.000
0.000
0.000
0.000
0.000
0.000
0.066
0.323
0.147
0.001
0.011
0.476
8.784
0.000
0.088
0.249
0.046
0.269
0.112
0.028
0.000
0.757
1.123
0.001
0.128
0.286
0.000
0.000
0.000
0.000
0.031
0.000
3.275
2.753
0.000
0.000
0.000
0.108
0.000
0.000
0.000
0.000
0.000
0.000
0.000
1.036
2.705
0.000
0.587
0.633
1.785
0.000
0.006
0.009
0.627
0.696
0.000
0.061
2.334
3.044
2.952
0.000
0.000
0.005
0.114
0.000
0.268
0.072
1.416
0.000
0.162
0.000
0.000
1.891
0.000
0.000
0.000
0.002
0.665
13.705
4.547
1.153
1.106
0.000
0.454
0.342
0.000
0.000
0.002
0.000
0.000
0.384
0.179
0.141
0.012
0.000
0.205
1.879
2.743
0.017
2.459
28.160
6.334
2.011
8.302
10.542
1.989
14.516
17.207
1.437
0.000
0.000
0.000
0.000
0.271
14.632
20.698
0.003
0.160
1.193
1.728
0.000
0.000
0.508
6.309
2.154
0.567
2.802
13.960
4.592
0.506
0.346
0.000
0.000
0.000
0.267
1.600
0.000
0.927
0.462
0.000
2.071
2.233
11.379
1.867
1.624
11.475
0.372
2.198
5.611
4.869
0.778
0.000
0.000
0.041
0.000
1.699
20.885
0.455
0.000
0.000
0.000
0.000
2.929
11.705
2.322
0.241
5.405
6.548
0.123
0.012
0.177
0.022
0.000
0.847
9.934
0.928
0.065
0.000
1.601
1.943
0.000
0.000
0.005
0.460
0.760
0.000
0.000
0.512
14.995
5.625
22.574
1.877
0.001
0.039
0.490
0.000
0.110
4.089
1.093
2.552
22.094
4.498
0.041
0.503
12.260
6.060
0.590
0.000
0.000
0.000
0.000
0.000
0.000
0.000
0.043
1.519
1.547
11.702
45.777
8.924
4.299
0.034
1.232
0.106
0.000
0.000
0.000
0.000
0.845
1.773
4.838
0.006
0.000
0.005
0.518
5.024
16.343
4.523
0.003
0.003
0.086
0.000
0.000
0.000
0.000
0.000
0.000
0.075
0.000
1.104
11.433
0.012
0.000
0.000
0.752
2.843
0.000
0.000
0.105
0.000
0.000
0.000
0.016
0.448
0.000
3.319
12.293
0.074
2.965
1.990
9.199
11.662
0.494
0.639
0.880
0.174
0.000
0.038
1.646
4.281
0.353
0.001
0.016
0.000
0.000
1.627
1.605
0.000
0.002
0.171
14.821
26.605
16.855
0.554
0.038
0.029
1.547
0.106
0.000
0.009
0.022
0.000
0.000
0.000
4.811
10.112
0.000
0.000
0.000
0.000
0.000
0.000
0.000
5.011
13.640
0.731
1.327
2.538
1.450
5.929
6.646
0.610
0.000
0.000
0.000
0.000
0.010
0.402
0.379
0.816
3.295
0.207
0.000
0.000
0.000
0.016
0.000
0.000
0.000
0.000
0.029
0.614
0.378
0.227
0.000
0.030
1.050
0.002
0.720
5.181
0.005
0.000
0.000
0.000
0.001
0.256
0.110
0.003
0.188
2.049
4.621
0.779
3.278
0.182
1.767
0.072
0.000
0.000
0.603
0.523
0.502
0.000
1.551
3.713
0.061
0.000
0.000
0.000
0.000
0.094
2.131
0.137
0.000
0.000
1.397
8.955
0.178
0.659
1.954
3.375
0.000
0.000
0.000
0.055
1.556
0.000
0.000
0.000
0.184
4.987
0.000
0.000
0.494
2.920
1.666
0.000
0.000
0.000
1.779
2.331
31.938
15.299
0.476
0.000
0.000
0.000
0.059
0.000
0.000
0.000
4.279
1.261
0.000
0.000
5.343
1.717
1.034
1.899
0.165
0.204
0.084
7.257
2.062
2.383
0.092
0.000
0.041
0.000
0.110
0.000
0.000
0.038
0.000
1.485
1.642
0.238
0.000
0.044
0.003
13.378
27.639
6.082
0.083
0.084
0.000
0.000
0.000
0.000
0.000
0.000
0.071
0.097
0.727
0.000
0.000
0.123
2.623
1.881
0.410
0.341
0.003
0.682
0.035
0.000
0.000
0.000
0.000
0.000
0.043
4.887
1.088
1.791
0.000
10.451
1.545
0.705
11.366
8.012
2.734
0.032
11.975
0.943
3.565
0.060
0.000
0.008
0.248
5.218
0.052
12.813
0.033
20.044
6.631
0.012
4.830
0.003
8.465
0.000
0.000
9.148
0.000
0.008
23.333
0.270
0.000
0.000
2.520
1.054
0.000
0.000
0.030
0.002
7.636
0.385
47.867
1.995
6.542
16.975
39.302
0.001
9.682
0.556
0.000
1.493
2.072
0.000
0.673
12.649
0.000
0.003
2.829
0.013
0.000
4.789
9.782
0.000
0.000
0.202
1.834
25.578
8.199
24.510
0.000
0.002
0.000
0.000
0.000
5.030
15.457
0.179
2.905
1.390
0.213
0.678
0.000
0.060
1.483
0.500
4.434
0.020
0.009
0.001
0.022
0.090
0.690
3.443
23.424
0.771
0.000
0.000
0.000
0.000
0.000
17.610
19.863
0.176
31.655
0.000
0.703
0.000
0.000
0.368
0.027
0.000
1.776
6.980
0.499
2.219
0.000
0.065
1.153
0.169
0.443
15.616
10.438
2.716
5.046
0.000
0.020
0.000
0.000
0.000
0.227
4.777
0.860
11.365
0.092
0.000
0.000
0.112
1.853
0.083
0.000
0.000
0.000
7.221
2.523
0.210
0.000
0.000
0.003
0.101
0.027
0.020
0.898
3.204
0.000
0.000
0.070
0.049
0.566
0.000
0.039
0.000
0.000
0.000
0.000
0.000
0.000
0.000
0.000
0.000
0.000
0.000
0.291
0.199
0.011
14.355
34.844
0.000
0.000
0.000
6.529
1.623
0.025
0.006
0.000
11.207
11.471
0.736
1.052
0.009
0.000
2.351
2.722
4.051
2.554
1.470
0.018
0.000
0.179
2.539
0.821
0.130
0.000
0.004
2.526
0.000
0.000
0.441
0.018
0.674
0.000
0.000
0.017
20.246
1.664
0.157
1.243
0.051
0.654
0.594
1.522
5.591
0.000
0.000
0.000
0.000
0.021
1.419
0.848
5.646
1.256
0.000
0.000
0.000
0.000
0.000
0.000
0.000
0.061
2.248
0.654
0.607
0.160
0.000
0.182
0.000
0.000
0.000
0.158
9.846
0.315
0.000
0.000
0.076
2.888
1.264
3.936
3.063
0.242
0.725
0.000
0.093
0.000
0.000
0.000
0.000
0.000
0.000
0.022
1.043
19.029
0.213
8.517
0.000
0.003
2.478
0.133
0.396
0.248
0.000
0.000
0.000
0.000
0.050
5.319
0.993
0.000
0.000
0.000
0.000
0.071
0.000
0.000
0.000
7.948
0.119
0.000
0.000
0.000
0.000
0.179
7.371
0.000
0.022
0.029
0.000
0.000
0.000
0.001
0.177
0.037
0.464
0.000
0.000
0.000
0.000
0.000
0.007
2.865
0.000
0.000
0.000
0.000
0.022
0.358
0.307
16.489
19.049
9.484
4.295
0.000
4.224
2.530
2.098
9.557
5.524
0.011
0.000
0.000
5.057
15.421
0.014
3.830
0.023
0.000
0.000
0.000
0.085
0.000
0.000
0.000
0.000
0.000
1.674
1.276
12.319
11.002
0.000
0.018
13.632
3.950
1.382
2.451
0.000
2.138
3.368
0.714
6.458
0.873
0.383
0.000
0.000
3.946
0.000
0.226
0.000
0.000
6.547
0.000
4.503
1.442
9.202
0.000
40.879
0.020
0.974
1.060
8.505
5.067
0.233
0.000
3.986
0.532
1.848
3.439
8.292
0.345
1.299
13.705
1.643
4.261
0.171
0.025
0.000
0.080
12.354
0.164
0.480
0.056
5.423
0.001
5.518
3.681
0.134
0.005
0.000
0.024
11.285
0.354
0.000
0.000
19.509
0.470
0.008
0.000
0.006
0.000
0.072
0.000
0.000
0.000
0.013
0.098
8.638
18.230
7.175
2.423
0.000
0.037
2.536
7.894
2.022
0.000
0.094
4.286
0.161
0.022
43.713
7.687
1.565
0.000
0.000
3.932
0.280
4.768
0.000
10.248
21.251
0.957
0.000
0.000
0.000
0.000
14.786
0.290
1.630
4.105
0.135
0.125
0.202
0.000
0.000
0.127
0.000
0.000
0.000
13.728
16.039
0.683
0.000
0.124
11.766
1.011
19.818
7.955
14.580
8.257
12.143
5.568
0.132
1.791
0.000
0.859
10.684
23.847
1.695
0.000
0.000
0.139
0.000
0.001
0.000
0.000
0.063
0.005
0.000
5.936
0.493
0.000
0.000
0.000
0.000
0.359
5.159
0.268
0.183
0.000
0.075
11.101
2.544
0.004
1.122
1.479
0.832
7.433
0.132
3.111
3.070
0.219
0.000
0.102
2.160
0.000
0.238
0.000
0.000
0.043
0.398
0.002
0.000
0.739
0.000
0.013
0.004
0.000
1.091
0.295
0.863
0.000
0.000
0.000
0.000
0.000
0.000
0.000
0.002
1.264
5.304
0.494
0.000
0.041
0.497
0.114
2.683
0.229
2.754
0.331
0.400
0.913
0.021
0.581
2.449
0.314
2.788
0.048
0.458
0.517
0.089
0.002
0.005
0.784
0.696
0.036
0.019
0.000
0.000
0.064
0.000
0.000
0.000
0.333
0.000
0.000
0.015
10.436
4.276
0.000
0.398
2.117
0.053
0.000
0.000
0.000
0.000
0.000
0.000
0.000
0.000
0.000
0.000
0.000
0.043
0.000
0.185
1.443
0.000
0.000
0.466
2.415
0.231
0.009
0.147
0.000
0.000
0.000
0.000
0.000
0.278
0.001
0.000
0.000
0.000
0.216
5.726
6.388
0.054
0.000
8.189
0.195
10.260
0.000
0.000
0.000
0.000
0.000
0.000
0.000
0.064
3.220
0.000
0.000
0.000
0.000
0.043
0.000
0.000
0.000
0.000
0.000
0.000
0.000
0.000
0.000
0.000
0.000
0.000
0.000
0.000
1.947
13.403
0.000
0.000
0.306
2.907
0.041
0.000
0.542
0.462
0.014
0.992
0.000
0.000
0.000
0.000
0.465
7.740
0.000
0.000
2.050
9.940
0.362
0.000
0.000
0.000
0.000
0.000
0.000
0.000
0.000
0.003
0.317
0.109
0.000
0.768
2.106
0.002
0.000
0.000
0.001
0.037
0.000
0.090
3.841
5.421
0.000
0.000
0.000
0.000
0.000
0.000
1.049
0.653
3.857
0.080
0.000
0.332
0.000
10.971
14.715
0.646
0.085
7.097
1.061
20.475
3.085
0.024
4.357
23.329
0.417
0.000
11.433
0.681
0.000
10.575
0.745
0.162
8.513
0.011
0.016
3.886
13.671
29.543
16.180
0.000
0.152
0.000
0.000
0.665
1.360
0.004
0.039
1.329
0.433
28.402
12.805
5.139
18.034
11.745
1.063
9.917
0.000
0.000
1.951
23.141
0.000
2.299
35.741
0.036
0.000
0.000
0.286
0.000
0.000
0.043
6.174
9.703
0.027
0.048
0.383
0.084
0.485
0.653
0.002
1.478
2.424
0.111
4.042
3.054
0.062
4.473
2.732
0.035
0.000
0.000
0.009
0.000
0.000
0.000
0.000
0.000
0.035
0.000
0.000
0.000
0.028
2.704
1.068
1.476
0.042
8.238
5.409
1.476
10.644
4.705
0.380
0.000
0.503
15.069
1.435
5.578
2.401
9.433
0.000
0.389
0.000
0.000
0.746
1.121
0.000
0.002
0.000
54.224
1.869
0.000
0.001
0.000
0.019
20.486
0.581
0.041
0.786
10.379
1.890
2.979
3.795
1.216
0.219
0.000
0.464
0.697
8.133
10.393
2.083
0.445
5.772
10.969
30.907
12.061
0.238
0.003
0.000
0.286
0.000
0.000
0.000
0.154
2.450
0.112
0.000
0.000
0.000
0.216
10.317
7.262
14.724
0.208
2.366
0.006
0.000
0.000
0.000
0.061
1.234
3.948
5.268
0.477
0.667
0.482
1.731
0.368
0.196
0.000
0.001
1.319
0.000
0.064
1.551
0.585
1.258
0.000
0.048
0.789
0.026
0.007
0.043
0.041
2.486
1.085
0.000
0.000
0.000
0.000
0.005
0.199
0.025
0.000
0.000
0.000
0.000
0.000
0.003
0.008
0.000
0.000
0.000
0.000
0.000
2.511
0.336
1.512
0.959
0.310
0.245
0.537
9.164
19.321
0.020
0.046
6.431
0.315
0.000
0.254
0.000
0.000
0.000
2.653
0.064
0.061
0.000
0.005
0.000
0.077
0.018
0.000
0.000
0.000
0.000
0.000
0.000
0.000
8.135
0.479
1.480
0.000
0.000
0.000
3.600
0.664
0.017
0.000
0.000
0.000
0.000
3.824
0.732
2.934
5.905
6.438
0.000
0.000
2.571
2.052
5.026
0.005
0.881
0.000
0.000
0.000
0.001
0.006
7.351
0.000
1.259
0.690
0.427
0.025
1.003
0.000
0.027
1.977
0.000
0.027
0.135
0.000
0.000
0.000
0.000
9.399
3.178
0.000
0.407
22.351
0.847
0.000
0.186
0.080
0.000
0.000
0.000
0.000
0.000
0.000
0.000
0.000
0.095
0.059
0.000
0.031
0.000
0.000
0.000
1.521
0.000
0.009
0.005
4.896
5.930
3.372
0.000
0.000
14.595
5.843
0.000
0.000
1.975
0.020
7.965
0.593
0.000
4.205
4.715
0.245
0.030
0.258
0.000
0.000
0.000
5.262
3.802
1.536
3.072
0.953
5.160
0.893
0.000
0.000
0.038
15.180
0.702
0.000
0.000
0.001
0.029
1.727
2.222
0.000
5.438
6.993
3.475
0.000
6.779
11.308
0.337
3.717
0.052
2.183
0.084
0.000
0.000
0.000
0.000
0.000
0.000
0.001
8.084
0.028
0.000
0.000
0.044
1.875
0.121
6.237
0.000
2.531
1.242
1.267
2.157
0.063
0.897
0.050
0.026
0.030
3.248
16.883
7.764
2.829
0.152
12.285
0.000
39.557
10.186
0.000
0.000
0.418
1.534
0.875
0.000
0.022
1.333
7.822
1.833
0.222
0.000
0.000
3.939
2.957
0.005
9.796
0.279
0.656
0.113
0.000
0.000
0.037
0.090
10.019
0.523
0.011
17.651
0.000
0.000
0.000
0.009
6.683
2.345
0.474
7.203
9.086
0.190
0.000
0.000
0.025
0.905
12.249
0.119
0.042
1.683
0.034
3.532
0.402
1.195
4.427
0.000
0.000
0.000
0.000
3.605
24.671
3.907
0.904
0.000
0.000
0.000
0.778
10.115
1.183
5.149
10.458
0.000
0.000
0.000
29.443
0.349
0.253
17.223
3.828
0.258
0.013
0.017
20.149
2.160
0.000
0.734
6.635
0.087
0.000
0.698
1.408
2.449
0.007
0.346
22.754
5.574
0.012
15.505
0.831
15.391
6.075
2.034
0.000
0.000
0.551
15.673
3.037
4.296
1.469
0.034
0.950
0.000
0.000
0.000
0.000
0.000
45.715
1.749
0.071
0.000
0.000
0.000
0.000
0.000
0.000
0.000
0.001
0.112
0.047
0.296
0.051
0.155
0.000
0.002
0.179
0.034
0.018
0.027
1.619
0.036
0.000
0.000
1.457
0.000
0.399
0.163
9.032
0.266
0.000
0.001
1.608
1.054
4.709
1.819
0.000
1.396
23.246
3.615
0.000
0.000
0.000
0.087
0.000
0.000
8.880
1.775
0.000
2.059
0.459
2.485
0.005
0.265
0.013
0.000
0.000
0.000
0.000
0.000
0.000
0.000
0.000
2.842
0.157
0.076
25.078
6.773
2.758
0.028
1.933
0.233
0.000
0.000
0.000
0.000
0.000
0.554
1.341
0.000
0.000
0.000
4.327
0.307
4.225
0.000
11.558
1.657
1.051
0.020
0.000
0.338
1.472
0.000
0.000
0.032
0.036
0.009
0.000
0.000
0.000
0.000
0.000
0.000
0.000
0.000
0.072
0.192
0.000
0.000
0.000
0.488
0.018
0.000
0.000
0.000
2.076
2.115
0.000
0.000
0.000
0.006
0.000
0.000
0.000
0.000
0.000
0.000
0.000
0.000
0.000
0.000
0.003
0.351
2.355
0.000
0.000
0.000
0.000
0.000
0.170
2.015
0.011
0.000
2.215
0.005
0.002
3.136
0.085
0.000
0.528
2.147
0.000
0.035
0.000
0.000
0.000
11.819
1.676
0.000
0.000
9.687
7.813
0.105
0.447
0.741
3.045
1.011
0.721
0.131
0.000
0.000
0.000
0.105
0.000
0.000
0.000
0.000
0.129
0.143
0.409
0.000
0.002
0.001
0.000
0.000
7.059
0.036
0.443
0.000
0.007
5.065
0.000
0.118
0.000
0.000
0.000
0.000
0.000
0.862
0.000
0.000
0.000
3.842
0.041
0.000
0.000
0.000
0.000
0.000
0.000
0.000
0.014
4.527
0.303
5.717
7.949
0.006
0.008
0.010
0.000
0.051
0.726
0.515
0.979
1.051
0.000
14.670
10.117
1.617
25.205
1.790
2.854
0.000
0.000
0.000
0.109
0.000
0.184
2.683
0.022
3.807
1.543
0.095
2.917
0.001
0.007
0.000
0.000
3.732
4.691
2.325
0.232
0.000
1.175
0.302
0.192
3.503
1.465
33.793
0.000
0.000
0.000
0.000
18.133
1.192
0.444
4.764
39.219
6.821
0.000
21.701
10.147
0.000
0.155
5.477
4.637
0.007
0.007
0.000
0.000
0.000
0.516
0.705
0.000
0.000
0.000
0.000
0.000
47.808
1.907
14.996
0.000
0.000
1.456
23.741
46.801
0.000
0.000
0.000
0.004
0.487
0.177
1.943
10.576
0.000
0.000
1.225
2.047
1.112
3.164
0.000
18.823
4.045
3.702
3.550
0.593
0.572
0.008
0.000
0.002
0.172
0.005
0.000
5.892
0.332
0.067
0.000
0.000
0.000
0.000
0.000
0.000
0.000
0.000
0.000
3.298
0.006
6.265
5.520
1.880
1.341
3.963
5.080
0.067
0.000
0.000
0.000
0.000
0.125
0.000
0.000
0.000
0.000
26.936
1.070
1.961
11.014
0.950
0.985
5.146
0.043
0.134
9.129
0.204
5.114
0.002
0.003
0.002
0.000
0.004
0.237
0.000
0.000
0.112
0.000
0.000
0.000
0.000
0.000
0.000
0.000
5.436
16.960
12.934
0.000
0.000
0.001
1.137
0.014
0.127
0.000
0.002
0.024
0.000
1.467
0.940
0.019
0.875
0.000
0.053
0.000
0.000
0.002
0.000
0.000
0.000
0.000
0.000
0.000
0.000
0.000
0.000
0.000
0.000
0.000
0.064
1.103
0.010
0.470
0.000
0.147
2.576
0.000
4.348
0.838
0.987
8.697
0.000
0.000
0.000
0.199
0.000
6.139
0.192
