19810101
0.330
0.000
0.000
0.000
0.000
1.143
0.000
0.000
0.000
0.000
0.083
0.000
0.000
0.048
0.000
0.000
0.000
0.000
0.000
0.000
0.000
0.000
0.000
0.000
0.000
0.453
0.000
0.000
0.000
0.000
0.788
7.144
0.000
0.000
0.000
0.000
0.816
3.438
1.516
0.044
0.233
0.000
0.000
0.000
0.000
0.000
0.000
0.000
0.555
0.040
0.000
0.032
4.133
0.000
0.000
0.000
0.000
3.095
14.638
0.000
0.000
0.000
0.000
0.000
0.000
0.000
0.000
0.000
0.000
0.158
0.000
0.000
0.000
0.000
0.000
0.000
0.000
0.000
0.000
0.000
0.000
0.000
0.000
0.000
1.201
0.000
0.000
8.909
0.888
3.426
1.744
0.000
3.320
4.125
0.000
0.000
0.000
0.000
0.000
2.693
0.000
0.000
8.415
0.160
0.000
0.000
0.000
2.879
6.254
0.000
3.098
6.250
6.108
0.000
0.050
0.007
6.180
2.252
9.088
2.129
1.374
0.519
2.952
0.195
2.385
0.000
0.000
0.016
3.189
0.000
0.000
0.000
0.000
0.000
0.000
0.000
0.000
0.000
0.000
0.000
0.000
1.558
6.281
23.710
1.381
1.307
0.208
8.507
2.741
0.000
0.338
2.416
5.907
11.600
0.037
1.994
0.000
1.025
0.857
2.021
2.847
1.070
0.580
26.149
26.752
2.406
0.941
0.000
0.000
4.150
6.619
3.402
13.919
4.007
13.025
0.000
0.000
0.070
6.067
3.473
0.000
0.000
0.000
0.036
0.005
0.000
0.000
0.000
0.000
0.000
0.000
9.325
4.795
7.406
11.465
7.317
0.000
2.489
0.000
0.224
3.272
0.630
0.767
6.463
4.126
7.169
0.000
0.000
0.000
0.000
0.000
7.655
5.838
6.626
3.589
9.400
2.837
15.694
2.719
0.230
1.073
0.026
1.741
0.000
0.000
0.000
0.002
0.000
0.000
0.000
0.000
0.000
0.136
1.381
6.025
6.264
14.800
7.177
1.272
0.000
0.702
0.000
0.266
0.285
0.000
0.000
0.000
0.000
6.857
9.835
0.000
0.080
0.000
0.000
0.000
0.000
0.000
0.001
0.000
0.000
0.000
0.000
0.000
0.133
0.000
0.000
0.000
0.444
1.329
0.512
0.459
1.979
3.522
1.736
0.034
7.464
24.641
6.878
4.328
0.000
0.000
2.411
2.945
0.559
6.903
11.197
10.658
0.000
0.000
11.848
4.045
0.000
0.000
0.776
0.944
0.009
1.339
0.936
0.000
0.000
0.000
0.000
0.000
0.018
0.000
0.000
0.000
0.000
0.000
0.000
0.000
0.000
0.000
0.000
0.000
0.000
0.000
0.000
0.000
0.910
0.000
0.000
0.020
0.000
0.000
0.000
1.340
2.131
3.619
8.766
0.434
0.000
0.000
0.000
0.000
0.000
0.284
0.662
0.000
0.000
0.383
0.000
0.000
0.000
0.772
3.087
0.000
0.000
0.000
0.000
0.000
0.000
0.000
0.328
0.902
0.000
0.044
0.264
0.000
1.615
0.707
0.407
0.208
2.921
6.615
0.000
0.922
4.549
0.000
0.000
0.000
0.000
0.000
0.000
0.190
0.000
0.000
0.000
0.021
3.431
0.992
0.305
1.128
0.547
1.095
3.908
5.083
13.658
0.578
1.574
0.000
0.000
0.000
0.063
0.164
0.000
1.035
1.459
0.000
0.000
0.000
0.302
0.252
0.000
0.000
0.000
0.000
0.000
0.085
0.365
0.000
0.000
0.869
1.263
0.000
0.000
0.000
0.372
0.153
1.782
0.043
0.000
0.000
0.000
0.000
0.000
0.000
0.000
0.000
0.000
0.000
3.168
1.257
0.000
0.000
1.645
4.574
0.000
2.241
2.067
0.001
0.541
0.000
18.866
2.831
0.000
0.000
0.000
0.013
0.005
0.000
0.005
0.099
5.035
2.168
0.000
5.989
26.472
0.132
0.077
0.000
0.000
0.454
0.731
0.000
0.000
0.093
1.828
0.209
2.120
0.562
0.262
0.000
0.000
0.000
0.000
0.075
0.000
0.000
0.000
0.000
0.000
0.000
0.000
5.105
0.178
0.006
0.000
0.745
4.429
0.000
0.000
0.000
3.002
5.655
0.154
4.119
9.689
13.126
2.814
10.685
14.504
23.714
0.204
0.000
0.000
0.000
0.000
0.000
0.000
0.000
0.153
0.000
5.682
0.929
0.319
0.000
0.000
0.000
0.000
0.000
4.937
4.011
0.000
0.003
0.300
0.167
1.943
0.000
0.000
2.390
1.417
2.776
0.000
1.323
2.881
1.411
0.994
4.023
39.498
0.000
0.000
0.000
5.653
11.111
0.000
0.000
1.466
1.170
0.000
0.771
10.886
17.133
1.332
16.829
0.006
0.000
0.038
3.361
2.109
5.375
2.877
1.428
0.000
0.185
0.820
0.468
0.000
1.400
0.900
0.873
3.419
0.220
0.273
1.252
0.000
0.000
0.036
0.000
0.071
0.000
0.000
4.834
5.216
1.992
0.004
0.000
0.000
0.000
0.000
0.000
0.000
0.075
14.913
0.000
0.031
0.000
4.111
5.496
1.331
8.691
0.000
11.453
7.458
1.294
1.837
0.557
4.910
9.050
2.472
0.000
0.000
11.529
0.000
0.000
0.000
0.000
0.007
0.000
18.052
13.250
1.873
14.097
4.766
1.655
0.000
0.000
0.000
0.000
0.000
0.000
0.010
0.000
0.000
0.000
1.803
9.151
0.141
0.533
23.666
2.844
0.300
1.918
32.245
13.831
0.158
12.172
12.811
4.002
4.275
0.538
0.117
1.084
0.000
1.287
0.001
1.050
0.343
0.111
0.000
0.000
0.000
0.000
0.000
0.003
0.007
0.087
0.000
0.000
0.133
0.385
4.056
0.000
0.005
0.000
0.000
0.000
0.004
6.740
0.039
7.756
0.669
0.846
0.000
0.000
0.000
0.000
0.393
11.660
1.942
1.276
0.000
0.000
0.000
0.000
0.000
0.000
0.000
0.000
0.000
0.965
0.034
0.000
0.000
0.000
0.000
0.000
0.000
0.000
0.000
0.000
0.000
0.000
0.000
0.000
0.380
1.500
1.957
0.000
0.000
0.000
0.216
0.000
5.082
0.298
1.015
3.855
0.664
0.230
0.796
0.000
0.000
0.000
0.775
0.000
1.873
3.187
0.000
0.758
9.995
0.138
0.173
0.000
0.000
0.000
0.000
0.000
0.000
0.000
0.000
0.000
0.000
0.000
0.000
0.124
0.000
0.000
0.000
0.819
0.408
0.000
0.000
0.000
0.000
0.000
0.000
0.000
0.000
0.000
0.005
1.238
0.358
0.000
0.000
0.000
0.000
0.000
0.000
0.000
0.000
0.019
0.000
0.000
0.000
0.122
0.000
0.000
0.000
0.004
0.833
0.028
0.372
0.876
6.746
7.351
23.362
5.415
0.851
0.000
0.000
0.000
0.000
0.826
0.000
0.648
0.275
2.919
0.000
0.000
0.000
0.000
0.000
0.000
0.142
0.273
1.176
0.000
0.596
2.250
5.722
0.163
0.403
0.070
0.000
0.000
1.082
3.022
0.000
0.000
0.056
0.000
0.012
4.261
1.596
0.114
0.424
0.000
0.000
0.000
0.000
0.000
0.000
0.000
0.000
0.057
0.042
2.172
0.384
0.000
0.000
0.000
0.000
0.000
0.000
0.423
0.028
0.110
0.000
0.883
2.041
0.729
5.460
7.794
0.011
0.010
0.544
0.030
0.000
0.437
0.554
1.352
0.027
0.086
0.001
0.000
0.000
4.701
4.272
4.572
0.749
1.682
0.105
0.036
2.651
1.402
0.014
0.000
0.000
0.047
0.009
2.408
5.702
1.178
0.749
54.428
7.540
0.048
0.000
0.000
0.130
0.586
3.445
5.306
0.000
5.053
9.511
4.207
1.828
0.000
11.029
18.721
0.000
1.077
14.300
13.000
1.875
0.000
0.000
0.000
0.000
0.000
0.000
0.000
0.000
0.000
0.000
1.655
6.705
17.235
11.052
14.162
0.080
0.000
0.000
0.000
0.000
0.000
0.000
0.000
0.408
8.612
17.030
0.000
0.000
2.028
0.000
0.000
0.000
0.000
0.000
0.060
1.598
0.000
0.171
1.972
0.060
0.000
15.311
20.713
1.376
3.270
2.518
0.841
0.000
0.009
0.000
0.019
5.111
0.413
0.451
6.913
3.410
0.000
0.000
0.142
0.000
3.826
8.426
0.215
0.000
0.009
0.418
16.823
0.000
7.612
0.051
0.064
5.205
9.757
0.047
0.160
0.409
0.140
1.273
0.000
0.007
0.000
0.000
0.000
0.000
0.437
3.643
7.929
2.263
2.931
1.508
0.024
0.212
1.541
0.525
0.698
0.000
4.764
7.997
0.048
1.754
1.134
1.238
1.292
0.252
4.728
6.998
4.158
0.000
0.000
0.000
0.197
0.007
0.035
0.164
0.000
0.000
0.000
0.000
0.109
0.000
0.000
0.088
0.000
0.031
0.000
0.601
6.998
0.034
0.000
1.775
3.190
0.017
0.000
0.000
3.333
0.034
3.382
19.940
2.455
0.000
6.223
4.137
0.772
0.155
0.181
9.409
7.259
0.420
0.000
0.000
0.000
0.000
0.000
0.000
0.000
0.000
0.000
1.102
7.479
0.096
1.693
4.331
1.867
0.000
0.069
0.000
0.000
0.000
3.744
0.000
0.000
0.000
0.028
0.000
0.287
0.066
0.000
0.000
0.000
0.000
0.000
0.000
0.000
0.000
0.000
0.000
0.092
0.881
0.009
1.405
3.673
1.261
0.010
0.000
0.000
0.000
0.000
0.000
0.000
0.000
0.000
0.000
0.000
0.001
3.285
0.000
2.201
0.000
1.778
0.000
0.000
0.000
0.511
0.023
0.710
0.000
0.000
0.000
0.000
0.000
0.004
1.416
0.858
0.008
1.725
0.620
4.306
0.000
0.529
0.000
0.000
0.000
0.000
0.850
0.224
0.779
0.000
0.000
0.000
0.000
0.011
0.000
3.538
8.724
0.000
0.000
1.500
0.000
0.242
0.000
0.880
2.740
1.034
0.349
0.000
0.000
0.000
0.000
0.000
0.000
0.000
0.000
0.000
0.000
0.000
0.029
0.029
0.000
0.000
0.000
0.000
0.000
0.000
0.000
0.000
0.000
0.000
0.000
0.005
0.107
6.421
13.452
6.209
0.684
0.000
0.000
0.000
0.067
0.210
0.128
0.000
0.000
0.000
0.037
0.324
9.403
9.685
5.375
0.000
0.087
0.000
0.000
0.000
1.637
2.064
11.252
31.516
0.172
0.000
0.000
0.000
0.553
4.695
0.000
0.000
0.165
0.000
0.000
0.000
0.265
4.436
3.274
0.029
0.002
0.000
0.000
0.000
0.000
0.000
0.000
0.164
0.009
0.265
0.000
5.490
15.623
14.149
6.748
11.815
0.110
44.337
2.920
7.944
0.663
0.087
3.513
6.856
0.240
0.594
2.948
6.852
3.342
7.930
10.869
0.000
0.000
0.000
0.000
0.195
0.057
0.000
0.070
1.062
5.907
0.709
4.494
0.000
0.000
0.000
9.846
13.272
0.000
0.008
0.000
0.000
0.242
4.351
5.588
0.000
0.000
0.000
0.000
14.639
1.077
0.000
0.861
4.541
3.942
0.049
0.000
0.216
0.298
2.004
0.000
0.136
5.814
14.481
0.589
1.513
4.326
0.146
0.000
0.000
0.636
0.000
0.000
0.000
0.000
0.000
0.000
0.000
5.050
17.333
0.000
0.000
2.309
6.632
4.906
6.953
0.001
0.661
0.010
0.000
1.119
1.334
0.001
1.525
0.000
0.746
1.004
4.486
0.353
0.083
0.000
9.744
1.678
0.108
0.000
0.000
0.000
0.000
0.000
0.000
0.000
0.000
2.748
34.074
1.973
0.000
0.000
0.000
0.000
0.000
0.000
0.000
0.000
0.000
0.000
0.225
8.096
1.214
0.001
0.000
0.050
0.000
0.000
9.623
43.577
22.596
16.383
16.361
33.186
1.751
0.621
0.066
0.000
0.000
0.000
0.000
0.489
0.137
0.605
3.787
0.034
1.089
0.000
0.000
0.151
0.000
0.000
0.000
0.003
0.000
0.000
0.000
0.000
0.000
0.000
0.000
0.000
0.000
0.000
0.000
0.000
0.000
0.000
0.000
0.000
0.000
0.577
0.005
0.181
0.000
0.000
0.361
2.044
0.030
0.000
0.000
0.000
0.000
0.000
0.000
0.000
0.000
0.000
0.000
0.000
0.000
13.691
4.556
2.423
0.000
0.000
0.000
0.000
0.987
0.000
0.000
0.000
0.086
0.350
0.000
0.000
1.778
0.000
0.000
0.000
0.000
0.000
0.000
0.867
0.000
0.000
0.196
0.710
0.000
0.000
0.001
0.000
0.000
0.000
2.101
0.000
0.000
0.000
0.000
0.000
0.468
0.846
0.000
0.000
0.000
0.006
0.098
0.000
0.000
0.000
0.000
0.000
0.006
0.042
0.000
0.000
0.688
4.017
0.013
0.000
0.011
0.700
0.000
0.000
0.000
0.000
0.000
0.000
0.000
0.000
0.000
0.000
0.000
0.000
0.000
0.000
0.000
0.000
2.277
35.376
11.054
0.000
0.000
0.000
0.000
0.000
0.000
0.588
1.948
0.000
0.000
0.000
0.000
0.000
0.000
0.000
0.000
0.000
0.193
6.650
0.000
0.006
0.000
0.000
5.588
0.000
0.000
0.000
0.000
0.000
0.000
0.000
0.000
0.000
0.121
0.000
0.000
0.000
0.052
0.274
0.155
0.001
0.000
0.000
0.000
0.000
0.045
9.053
22.503
23.543
4.884
1.741
0.000
0.000
0.000
0.000
0.039
0.000
0.000
0.000
0.000
0.000
1.709
0.000
0.000
1.262
0.049
18.354
20.792
8.173
2.634
10.397
12.521
0.000
0.000
0.000
0.000
0.000
0.118
6.682
0.000
0.003
0.000
0.935
0.274
2.103
4.826
30.156
0.225
0.001
0.000
4.935
0.000
0.000
3.392
0.319
0.000
7.250
20.704
11.598
0.010
0.515
11.526
0.288
2.602
5.993
1.196
0.000
1.179
9.108
0.820
0.000
4.272
20.402
2.755
2.244
0.000
0.000
0.000
0.000
0.000
0.000
0.172
0.000
0.000
0.131
0.435
0.000
0.000
0.000
0.000
0.000
0.001
0.548
5.424
17.215
0.007
0.396
1.825
0.000
1.096
28.573
5.068
0.178
24.058
1.850
0.082
1.142
5.794
0.000
0.131
0.000
1.609
10.329
0.119
0.195
0.474
0.995
1.721
2.673
40.296
3.251
0.000
0.000
0.000
0.015
0.000
0.048
0.005
0.000
2.187
5.736
1.335
0.000
0.000
2.092
6.257
5.979
0.062
0.000
0.432
13.122
14.463
0.000
2.359
0.027
0.003
5.915
19.707
0.462
0.000
0.000
0.000
0.000
0.000
0.000
14.023
0.000
0.192
5.831
0.020
5.155
2.182
1.848
0.000
0.000
0.000
0.000
0.000
7.105
2.693
0.000
0.000
1.344
1.014
0.066
1.153
7.906
0.000
0.000
1.101
10.183
0.236
0.000
0.000
0.140
0.000
0.000
0.000
0.000
0.000
0.000
1.001
0.000
0.000
0.000
0.000
0.000
0.273
0.411
0.000
0.000
0.000
0.000
0.000
0.006
3.965
0.000
0.000
0.000
0.000
0.000
0.057
0.000
0.621
0.003
4.507
1.294
3.235
9.691
0.000
0.000
2.739
0.505
0.161
3.595
7.407
0.000
0.000
0.218
6.002
11.465
4.978
0.000
2.266
0.000
0.000
0.000
0.000
0.000
0.005
0.005
0.000
0.000
0.000
0.194
1.300
0.000
0.000
0.006
0.095
0.000
0.005
0.000
0.000
0.000
1.307
0.009
0.007
0.000
0.000
0.000
0.000
0.233
2.088
0.000
0.002
0.000
0.000
0.000
0.000
0.000
0.000
0.000
0.000
0.000
0.000
0.000
0.000
2.074
0.000
0.068
0.393
4.447
0.000
0.557
2.110
0.124
0.000
0.000
2.517
0.000
0.002
6.010
0.005
0.005
0.000
0.000
0.000
0.000
0.000
0.000
0.000
0.000
0.000
0.323
1.482
0.416
0.499
0.003
0.000
4.339
9.457
0.000
0.000
0.000
0.000
0.000
0.713
0.973
0.025
0.000
0.000
0.000
0.000
0.000
0.000
0.000
0.000
0.046
9.395
0.000
0.000
1.766
9.238
0.000
0.000
0.009
1.055
3.523
0.000
0.000
0.000
0.000
0.000
0.105
0.000
0.000
0.000
0.000
0.000
0.017
0.068
2.176
4.091
2.720
5.225
0.407
0.012
0.000
0.000
0.000
0.095
0.859
5.333
17.859
10.100
0.000
0.000
7.744
10.875
1.504
0.000
0.515
0.000
2.820
5.886
7.562
4.895
24.615
8.549
4.747
0.032
0.146
0.000
0.000
0.429
0.000
0.778
21.506
22.970
0.729
1.500
2.513
6.681
0.800
6.655
0.652
0.000
0.000
0.000
0.000
0.000
0.000
1.288
3.829
2.294
3.033
0.005
0.000
0.000
0.000
0.000
0.000
0.000
0.141
3.905
0.081
0.000
10.386
0.000
0.900
6.525
48.610
0.237
0.167
0.147
1.987
1.002
0.160
25.400
0.059
4.150
9.751
12.212
0.343
0.000
0.000
0.000
0.001
0.000
0.000
3.747
0.190
2.038
3.555
11.739
1.733
0.355
0.000
3.774
2.353
1.653
12.202
10.442
6.485
0.186
22.899
7.958
0.805
3.211
2.614
0.177
0.546
0.721
0.480
11.644
2.869
0.238
11.550
0.000
0.000
3.194
0.002
0.139
0.081
0.000
0.146
8.483
9.405
20.747
1.151
4.537
7.835
0.000
0.000
0.874
24.905
0.466
0.000
0.032
0.000
0.445
4.784
3.093
24.076
7.602
3.081
3.239
0.413
0.024
0.000
0.000
0.000
1.610
18.462
1.607
15.376
5.633
0.000
0.000
0.000
0.000
1.053
3.437
2.112
0.762
2.467
0.405
17.034
3.225
19.228
2.769
3.086
20.855
10.082
18.095
0.000
0.859
5.372
0.000
0.042
0.218
0.553
0.000
0.000
0.510
0.944
0.000
0.034
0.000
0.003
0.025
0.000
0.000
1.036
1.491
0.685
0.233
0.000
0.000
0.000
0.000
0.000
0.000
0.000
0.000
0.000
0.000
0.000
0.000
0.000
0.000
0.037
1.190
0.822
0.000
0.000
0.000
0.000
0.784
0.704
0.525
12.283
2.249
1.180
0.000
0.000
0.000
0.000
4.899
0.005
0.016
2.057
0.000
5.262
0.000
0.028
0.293
0.000
0.004
0.000
0.000
0.000
0.000
0.000
0.000
0.012
2.035
0.330
0.000
0.000
0.000
0.000
0.055
0.030
0.290
0.000
0.000
0.151
0.000
0.000
0.000
0.000
0.000
0.000
0.000
0.000
0.000
0.000
0.000
0.000
0.000
0.000
0.000
0.000
0.000
0.000
0.000
0.000
0.000
0.000
1.694
2.389
0.000
0.000
0.000
0.000
0.000
0.000
0.000
0.000
0.000
0.000
0.000
1.232
1.023
0.018
0.031
0.000
0.000
0.000
0.000
0.033
0.004
2.047
3.383
0.005
1.198
0.153
0.000
0.000
0.000
0.000
0.000
0.000
0.000
0.000
0.000
0.000
0.000
0.000
0.000
0.467
0.000
0.000
0.000
0.000
2.093
2.570
0.002
0.794
0.361
0.000
0.000
1.079
3.794
0.057
0.000
0.000
0.000
0.000
0.000
0.000
0.000
0.000
0.000
0.000
0.000
0.000
0.000
0.028
0.005
0.000
1.153
0.214
0.000
0.891
18.635
7.566
0.000
0.000
0.000
0.000
0.000
0.000
0.000
0.053
0.000
0.000
0.000
0.000
0.000
0.000
0.000
0.000
0.902
0.043
0.000
0.003
0.265
0.000
0.000
0.000
0.000
0.000
2.288
0.727
0.000
0.000
0.000
0.090
0.000
0.011
0.000
0.000
0.000
1.410
0.397
0.061
0.000
0.000
0.000
0.000
0.000
0.010
0.185
1.115
0.000
5.395
6.068
0.000
0.160
1.028
7.239
1.743
1.321
38.186
13.450
0.149
0.200
6.246
19.794
0.000
0.000
0.962
0.425
0.173
0.000
0.066
0.911
0.000
0.000
0.000
0.000
0.033
0.000
1.118
4.671
0.000
0.000
0.000
0.000
0.000
8.740
0.005
0.000
0.000
0.000
0.000
14.479
0.000
0.000
0.000
0.000
0.225
6.059
0.193
1.757
4.927
0.044
0.000
4.992
1.429
0.275
0.000
0.033
3.709
7.669
2.630
0.054
0.033
0.000
0.044
0.097
2.172
10.705
17.033
10.958
0.000
3.129
1.220
3.339
27.497
3.625
0.039
0.000
0.000
0.000
0.074
0.293
6.223
0.002
0.000
0.000
0.000
0.226
2.206
0.000
0.000
1.801
0.296
0.255
8.152
10.099
0.581
1.350
0.002
2.170
0.000
3.568
0.000
0.000
0.004
0.000
0.864
0.494
0.013
0.555
0.000
0.000
0.000
0.000
1.621
8.485
0.210
0.053
1.683
0.000
0.453
0.968
2.393
1.383
0.079
0.000
0.653
9.815
13.377
16.050
3.242
0.975
0.000
0.000
0.000
0.000
0.000
0.000
0.018
1.684
0.002
0.002
0.058
0.000
0.000
0.557
0.559
0.000
0.001
0.000
0.284
0.000
0.000
0.000
0.000
0.929
1.847
3.532
0.000
0.000
0.362
0.014
2.126
0.255
1.306
0.291
0.000
0.000
0.000
0.000
0.000
0.000
0.000
0.032
1.146
1.945
0.000
0.000
0.000
0.000
0.000
0.000
0.000
0.000
0.000
0.000
0.000
6.800
3.870
0.011
0.000
0.000
0.000
0.000
0.000
0.000
0.000
0.000
0.000
0.000
6.483
0.464
0.000
0.147
4.712
0.000
0.000
6.479
1.493
1.826
0.000
0.000
0.000
0.519
0.000
0.023
0.000
0.000
0.000
0.798
0.014
0.277
0.000
0.000
0.000
0.460
0.170
0.000
0.000
0.000
0.000
0.000
3.172
0.000
0.000
0.005
0.000
0.000
0.000
0.000
0.000
0.000
0.000
0.000
4.656
2.749
0.000
0.000
0.000
0.000
0.000
2.249
10.919
0.000
0.000
0.408
5.432
1.613
0.000
0.000
0.000
0.000
0.000
0.951
0.000
0.000
0.000
0.122
0.000
0.146
0.042
0.246
0.827
0.104
0.000
0.000
0.076
0.000
0.025
0.000
0.000
0.000
0.000
0.025
0.000
0.000
0.000
0.000
0.000
0.000
0.000
0.000
0.000
0.000
0.000
0.000
0.000
0.000
0.000
0.003
5.614
8.211
0.000
0.000
5.223
4.992
0.000
0.000
0.000
0.000
0.000
0.313
0.874
0.000
0.000
0.023
3.262
11.274
0.038
0.000
0.000
1.677
0.003
0.284
0.000
2.830
3.470
0.000
0.000
0.000
0.000
0.000
1.687
0.832
0.000
0.000
0.000
0.000
0.000
0.000
0.000
0.000
0.000
0.000
0.000
0.000
0.000
0.000
0.127
0.022
1.125
0.000
0.000
0.000
0.000
0.000
0.000
0.000
0.000
0.000
0.931
3.614
11.313
0.049
0.144
2.609
0.992
0.000
0.230
0.830
0.000
0.112
1.121
0.569
2.820
3.117
1.515
0.000
0.000
0.271
11.207
0.150
0.427
0.000
0.000
0.047
1.120
0.250
0.000
0.000
0.000
0.000
0.000
0.000
0.000
0.000
0.295
0.961
10.101
0.089
0.152
0.504
0.000
0.487
0.000
6.127
1.377
1.207
4.181
0.215
0.000
0.000
0.458
0.000
0.000
0.078
0.004
0.000
0.000
0.000
0.514
0.001
1.759
0.250
0.016
0.000
1.366
18.062
0.000
0.000
0.000
0.000
0.000
0.122
4.060
0.988
0.022
0.522
1.992
0.000
0.000
0.000
0.351
3.772
0.508
7.883
0.984
17.426
9.165
5.215
1.447
0.000
0.041
0.479
0.000
0.345
9.644
35.392
16.784
23.713
0.000
0.000
0.000
0.000
0.000
0.083
1.195
5.543
10.609
0.000
0.022
0.000
0.013
0.000
0.000
0.000
0.000
15.728
1.835
2.718
0.191
0.000
0.000
0.000
0.000
0.000
0.000
0.399
3.265
0.000
0.000
2.481
17.786
2.592
0.000
9.436
8.292
0.000
0.000
0.000
0.000
0.000
0.000
0.000
7.662
16.387
0.284
0.155
0.000
0.189
0.153
0.000
0.000
0.000
0.000
0.000
0.000
0.000
0.000
0.000
0.000
0.000
1.358
2.679
2.632
1.145
1.442
3.385
0.000
0.005
0.078
0.000
0.000
0.897
2.422
0.228
0.000
0.000
0.000
0.000
0.005
0.015
0.278
0.000
0.150
0.883
0.676
0.000
0.000
10.826
2.400
0.012
0.128
7.864
4.033
0.000
3.839
0.005
0.000
0.000
0.003
0.000
0.000
1.060
14.024
2.447
0.000
0.000
0.000
0.000
0.000
0.000
0.000
0.000
0.000
0.000
0.000
0.000
0.030
0.000
0.385
1.802
0.000
0.057
0.261
0.000
0.000
0.000
0.112
0.000
1.960
0.000
0.112
0.943
9.597
0.027
0.000
0.000
0.000
0.000
0.085
1.249
0.000
0.000
0.000
12.019
5.255
0.201
0.000
0.269
1.743
0.000
0.000
0.000
0.158
0.000
0.101
0.000
0.000
0.000
0.000
0.000
0.000
1.202
0.031
0.000
0.000
0.000
0.000
0.002
0.477
2.127
0.000
0.000
0.000
0.000
0.028
0.046
0.000
0.000
0.000
0.000
1.268
0.135
0.295
0.370
1.206
0.604
0.005
0.000
0.000
0.000
0.000
0.000
0.000
0.000
0.000
3.041
0.000
0.000
4.948
10.085
0.028
0.000
0.000
1.090
0.074
0.000
0.000
0.009
0.908
7.914
9.527
0.099
0.000
0.000
0.000
0.000
0.000
0.000
0.000
1.677
2.803
0.000
0.078
1.868
1.055
3.061
0.000
0.897
2.057
5.277
6.922
0.011
0.004
0.000
2.832
0.000
0.000
0.031
0.000
0.000
0.027
0.000
0.001
0.000
0.032
0.000
0.000
0.008
2.246
0.088
0.000
1.415
0.745
2.871
6.549
10.638
4.962
0.404
0.000
0.000
2.368
5.042
0.002
0.000
9.111
3.865
0.000
0.000
0.000
0.000
0.000
0.000
0.001
0.348
6.796
3.607
0.277
0.000
0.059
5.818
5.016
7.223
0.123
0.000
0.314
5.765
10.106
0.002
0.000
0.000
0.000
0.000
0.000
0.076
0.000
0.080
0.298
0.000
1.173
15.193
0.973
2.843
0.000
0.000
0.000
0.017
0.432
0.061
9.636
5.777
0.297
0.004
12.377
9.950
0.000
0.000
0.385
1.585
0.087
0.204
3.000
0.000
0.000
0.000
0.000
6.909
0.029
0.000
0.041
0.153
0.148
0.000
0.000
0.000
0.000
3.379
1.121
0.000
0.000
0.000
0.000
0.000
0.000
0.000
0.000
0.248
12.218
0.000
0.000
0.031
0.022
0.372
0.314
0.000
0.052
0.000
0.000
0.000
0.000
2.545
10.532
2.665
3.823
0.000
0.000
0.000
0.527
13.004
8.496
1.149
3.365
0.000
0.000
0.073
13.079
13.644
0.453
0.067
3.173
26.482
17.758
0.004
9.279
39.688
0.064
0.000
0.000
0.276
0.000
0.000
6.579
1.566
0.000
0.000
0.000
0.000
0.000
0.000
0.530
10.526
26.704
0.235
0.000
0.324
0.000
0.000
0.000
0.000
0.000
0.000
0.098
2.635
0.000
0.000
0.483
0.029
0.000
0.000
0.150
1.123
0.000
0.000
0.000
0.000
0.000
0.067
0.000
0.000
0.000
0.000
0.000
0.000
0.000
0.000
0.000
0.000
0.002
0.577
28.522
0.009
0.000
0.000
0.497
0.000
0.842
3.610
0.796
0.004
0.653
1.267
0.366
0.000
0.000
0.021
0.102
0.125
0.000
0.809
0.405
0.000
0.209
0.858
5.358
0.000
0.000
0.000
0.000
3.335
2.954
0.000
0.000
0.000
0.003
0.000
0.000
0.000
0.000
0.000
0.000
0.000
0.000
0.000
0.270
0.028
0.000
0.000
0.000
0.000
0.030
0.000
0.000
0.000
0.000
0.000
0.416
0.000
0.328
2.669
0.000
0.000
0.000
0.175
0.056
0.000
0.000
0.000
0.000
0.000
0.000
0.000
0.000
0.000
0.000
0.000
0.000
0.000
0.000
0.000
2.665
0.000
0.000
0.000
0.000
0.000
0.201
0.473
0.000
0.000
0.890
0.000
0.000
0.000
0.003
0.806
0.000
0.273
0.000
0.000
0.000
0.000
0.000
0.000
0.000
0.000
0.000
0.000
0.000
0.112
8.050
0.133
0.000
0.000
0.000
0.000
0.000
0.464
3.011
0.000
0.002
0.000
0.000
0.000
0.000
0.000
0.000
0.000
0.000
0.000
5.600
1.950
0.001
10.679
24.664
1.682
4.839
2.135
12.942
0.065
0.000
0.000
0.000
0.072
0.004
0.000
0.000
0.000
0.000
0.000
0.027
0.005
0.000
0.000
1.282
2.081
0.000
0.000
0.369
0.097
0.000
0.000
0.080
0.000
0.000
0.000
0.000
0.000
0.000
1.672
0.452
0.000
0.000
0.000
0.000
0.167
5.676
10.808
2.183
5.434
9.558
11.183
5.811
5.509
0.036
0.000
0.000
0.000
0.000
0.000
0.004
0.720
0.000
0.003
0.000
0.104
0.908
7.130
0.746
4.300
0.603
0.000
2.066
3.022
0.000
3.479
6.452
0.000
0.000
8.576
2.332
0.000
0.137
0.000
0.000
3.880
10.435
18.487
2.561
5.113
1.034
0.095
2.548
0.000
0.248
24.525
6.585
0.195
0.000
8.056
10.087
7.256
0.895
5.557
3.460
3.960
1.818
0.785
0.000
0.000
0.614
3.938
8.810
9.591
0.000
0.000
0.000
0.000
0.000
0.000
0.000
1.744
6.473
0.000
0.336
23.907
6.338
0.000
0.000
0.000
0.181
4.192
0.303
4.290
0.000
0.000
0.177
0.724
0.486
0.699
3.367
3.778
0.680
0.152
0.000
0.000
0.000
0.001
2.343
2.910
0.000
0.000
0.000
0.000
0.000
0.018
0.022
2.029
0.264
0.000
0.000
0.000
0.889
14.807
1.387
4.167
2.000
0.000
3.940
1.099
2.537
12.270
0.000
0.784
0.000
0.000
0.069
1.054
0.079
19.658
1.899
0.738
0.621
10.154
0.043
0.280
0.140
0.140
0.063
0.000
0.556
0.000
0.000
0.000
3.420
7.053
4.126
9.089
0.426
0.039
0.000
0.000
0.282
0.000
0.000
0.105
0.000
0.126
0.400
47.529
2.448
0.001
0.147
0.065
0.000
0.000
0.000
0.002
0.000
0.000
0.000
0.000
1.015
15.078
8.611
0.000
1.686
2.268
0.000
0.000
0.000
0.002
0.000
0.000
0.000
0.000
0.000
0.000
0.000
0.000
0.000
0.000
0.000
0.000
0.000
0.000
0.000
0.000
0.058
0.000
0.000
0.000
0.000
0.000
0.000
0.000
0.000
0.617
1.336
0.045
0.000
0.000
0.000
0.316
1.413
4.268
0.000
0.000
0.000
0.000
0.000
0.000
0.000
0.000
0.000
0.000
0.000
0.000
0.000
0.000
0.025
0.000
0.000
0.000
0.000
0.000
0.191
8.269
0.898
1.277
0.000
0.011
0.004
0.000
0.026
0.008
0.022
0.000
0.000
0.000
0.000
0.000
0.000
0.004
0.004
0.000
0.004
0.045
0.000
2.361
0.670
0.000
0.043
0.000
0.000
0.000
0.000
0.000
0.000
0.098
0.042
0.319
0.000
0.000
0.103
0.074
4.649
0.002
0.000
0.005
0.000
0.000
0.000
0.000
0.000
0.000
0.000
0.000
0.000
0.000
0.000
0.000
0.000
4.375
0.000
0.000
0.000
1.553
7.889
0.000
0.000
0.000
2.237
8.594
0.007
0.015
0.492
0.017
0.650
0.543
0.000
0.000
0.007
0.000
0.000
0.000
0.000
0.000
0.000
0.079
1.358
0.000
0.000
0.053
0.304
0.000
0.000
0.177
10.437
1.980
25.546
1.726
0.000
0.000
0.000
0.000
0.000
0.012
0.338
0.004
0.000
0.000
0.745
0.000
0.000
0.000
0.000
0.887
0.538
0.000
1.864
19.705
13.352
18.786
4.214
0.000
0.000
0.000
0.000
0.000
1.051
0.091
0.000
0.000
0.082
9.693
2.244
8.362
27.841
1.569
0.022
0.501
9.159
1.551
2.831
0.487
0.009
0.000
0.000
0.000
0.001
1.423
0.000
0.722
2.972
0.000
0.000
0.000
0.000
0.000
0.006
6.770
6.202
0.000
0.002
3.023
6.256
11.207
3.517
12.411
3.935
2.000
2.598
0.745
0.075
0.158
0.000
0.000
5.176
6.119
0.000
4.869
0.078
18.270
16.251
0.374
0.000
0.039
0.285
26.666
15.299
0.312
0.000
0.000
0.000
0.130
14.167
4.948
14.729
11.821
26.202
0.774
3.152
1.347
0.613
0.115
0.053
0.050
1.683
0.173
10.344
19.404
3.942
0.000
0.000
0.000
2.624
4.692
13.476
0.052
0.000
4.156
0.000
0.000
0.000
0.000
4.169
8.509
0.033
0.000
0.000
0.108
4.781
9.110
2.913
0.000
0.000
0.409
2.518
0.000
0.066
0.000
0.000
0.000
0.000
0.334
0.562
2.606
0.000
0.003
0.000
0.000
0.092
0.405
5.163
19.634
0.021
0.000
0.000
0.000
0.000
0.003
0.000
0.000
5.797
0.000
0.000
0.000
0.241
48.018
18.606
0.081
0.040
0.329
0.000
5.518
1.518
1.227
1.427
4.046
0.130
0.000
0.000
0.002
0.000
0.000
0.211
0.044
0.000
0.000
0.000
4.477
0.041
0.124
0.000
0.000
0.108
0.135
0.000
0.146
0.000
0.000
0.000
0.000
0.092
0.182
0.000
0.009
0.000
0.000
0.000
0.093
0.000
0.000
0.000
0.000
0.000
0.000
0.000
2.370
12.038
0.049
0.660
9.779
6.261
0.502
0.000
2.981
0.703
0.000
0.000
0.007
1.302
0.000
2.762
0.000
0.000
0.000
0.001
1.157
2.436
0.083
0.000
0.000
0.000
0.000
0.000
0.025
0.054
0.000
0.000
0.007
6.459
0.003
0.487
1.587
0.025
3.946
0.493
0.000
0.194
0.350
0.000
0.000
0.000
0.268
0.113
0.173
0.000
0.000
0.000
0.000
1.423
0.142
0.000
0.000
0.000
0.000
0.000
0.000
0.000
0.001
0.000
0.270
0.000
0.000
0.032
0.000
0.033
1.580
0.000
6.208
0.886
0.000
0.000
0.000
0.000
0.173
0.140
0.126
0.907
0.000
0.000
0.000
0.000
0.000
0.000
0.000
2.916
0.000
0.000
0.000
0.000
0.000
0.019
0.000
0.000
0.000
0.000
0.000
0.000
0.000
0.000
0.000
0.000
0.000
0.000
0.098
0.011
0.951
0.731
0.001
0.000
2.454
1.798
0.000
0.011
0.000
1.967
0.025
0.000
0.000
0.000
0.000
0.000
0.000
0.000
0.023
4.851
13.527
16.019
0.477
0.000
0.000
2.590
0.175
2.172
0.791
0.012
0.000
0.000
0.000
0.000
0.079
0.584
0.000
0.000
0.000
0.000
0.000
0.000
3.288
0.208
0.000
0.000
0.000
0.000
0.000
0.000
0.000
0.298
3.804
0.618
1.170
5.428
5.648
0.681
0.000
0.000
0.035
0.000
0.000
2.003
18.493
3.256
9.847
2.545
0.021
0.000
0.000
0.000
0.000
0.000
0.000
0.000
0.000
0.000
0.202
0.013
0.000
0.000
0.000
0.000
0.000
0.242
14.962
1.548
0.698
0.000
0.086
1.822
6.688
0.149
0.000
0.000
0.242
1.697
0.811
0.884
13.286
1.600
1.396
0.000
0.000
0.000
0.000
0.000
0.544
0.000
2.085
0.117
8.461
0.120
2.857
0.000
0.000
0.000
0.000
0.306
4.766
2.750
13.473
36.640
4.324
3.574
2.029
0.003
9.217
0.449
0.612
0.000
0.000
0.000
0.000
0.000
7.443
18.692
8.821
2.353
0.000
0.000
0.000
0.308
0.168
1.486
12.270
3.833
14.735
0.425
1.786
8.525
2.290
2.120
0.387
0.075
0.213
0.037
0.522
0.431
0.074
0.238
0.038
0.000
0.047
0.000
0.000
0.000
0.453
0.136
0.000
0.000
0.000
0.000
20.359
0.084
0.000
0.000
0.001
0.536
0.000
0.000
0.000
0.000
0.004
0.356
0.000
0.000
4.920
0.938
0.622
16.542
7.609
2.094
0.001
0.923
4.559
2.266
0.000
1.024
19.193
0.326
0.238
3.150
0.860
4.942
1.447
0.258
0.330
0.000
0.000
0.060
0.045
0.012
0.277
0.061
1.290
0.000
0.000
0.035
0.000
0.000
0.000
0.000
0.047
0.000
0.000
0.000
0.000
0.000
0.000
0.000
0.000
0.000
0.000
0.048
2.831
0.685
0.083
0.000
0.000
0.000
0.000
0.135
3.896
0.084
0.000
0.000
0.777
0.000
0.000
0.000
0.000
0.000
0.000
0.000
0.000
0.000
0.000
1.232
1.165
19.304
5.796
1.626
0.000
0.000
0.000
0.038
1.785
0.213
0.000
0.000
0.000
0.000
0.000
0.000
0.000
0.351
3.067
4.315
0.108
0.000
0.000
0.000
0.000
0.000
0.000
0.000
0.000
0.000
0.075
0.000
0.000
0.002
0.000
0.000
0.000
0.000
0.000
0.000
0.000
0.000
0.127
8.175
1.954
0.000
0.000
0.041
1.304
0.000
0.000
0.000
0.323
0.000
1.135
0.000
0.060
0.000
3.990
0.043
0.235
0.152
0.975
0.348
0.059
0.000
0.255
0.000
0.000
0.000
0.000
0.000
7.765
5.034
0.993
0.097
0.000
0.000
0.000
0.000
0.000
1.118
1.107
8.444
1.497
0.000
1.395
0.000
1.178
0.001
0.000
0.000
0.000
0.000
0.000
0.000
0.000
0.000
0.000
0.000
0.000
0.000
0.166
1.707
0.374
0.055
0.000
0.000
0.000
0.000
0.000
0.000
2.874
1.798
0.000
0.000
0.000
0.000
0.000
0.005
0.000
0.000
0.000
0.000
0.000
0.000
0.000
0.000
0.034
9.057
0.000
0.999
0.000
0.000
0.000
1.623
0.000
0.000
0.000
0.000
0.000
0.000
0.000
0.000
0.000
0.000
0.000
0.000
0.000
4.878
22.804
0.000
0.000
0.000
0.000
0.000
0.246
1.988
5.578
0.465
0.290
11.187
1.498
0.005
0.113
0.069
0.000
0.391
0.000
0.000
0.000
0.000
0.000
0.029
15.067
1.891
0.034
2.733
0.076
1.018
0.017
5.038
13.774
0.000
0.000
0.001
0.523
4.051
26.138
3.671
0.000
0.084
0.000
0.087
0.928
0.000
0.000
0.000
0.074
0.000
0.000
0.242
5.261
17.499
48.615
2.124
1.662
5.658
0.007
0.612
17.593
16.534
0.023
0.000
0.000
0.000
0.027
4.917
2.554
5.402
1.713
0.245
0.302
0.000
5.689
6.808
0.187
14.935
5.623
6.656
12.103
12.107
0.500
1.212
6.260
13.534
1.495
0.239
0.000
0.000
2.767
4.967
7.280
9.508
4.053
17.389
1.203
1.436
3.925
14.606
24.493
2.229
3.187
0.000
10.696
4.532
0.001
6.109
3.482
0.110
0.016
0.000
0.057
3.510
3.918
2.169
9.758
2.229
0.000
0.314
0.030
0.006
2.112
0.343
1.167
0.947
0.367
3.237
1.868
0.331
1.506
5.130
0.000
1.325
3.471
0.001
11.824
11.042
0.006
0.359
24.771
0.052
0.005
0.000
6.543
10.328
0.000
0.000
2.634
8.144
0.038
0.317
4.291
0.000
0.000
1.469
0.000
0.000
0.179
0.359
0.033
0.157
0.311
0.127
0.000
0.101
5.412
8.594
0.799
0.000
0.000
0.000
1.892
22.646
0.472
0.356
0.081
0.000
0.000
0.457
0.570
3.470
0.028
0.000
0.000
0.000
0.000
0.000
0.000
0.000
0.000
0.055
0.015
0.000
0.000
0.000
0.000
0.000
0.098
2.711
0.355
0.008
1.302
2.327
2.101
0.000
0.000
0.000
0.000
0.000
0.014
0.002
0.000
0.037
0.000
0.000
0.000
0.000
0.095
12.977
1.252
0.538
0.000
0.000
0.000
0.000
0.000
15.485
0.003
0.000
0.000
0.000
0.000
0.000
0.000
0.000
0.286
1.610
0.890
16.298
3.165
4.105
0.347
0.000
0.000
0.000
0.273
0.000
0.000
0.000
2.794
0.000
0.000
0.000
0.000
0.000
0.000
0.000
1.427
2.007
0.000
2.136
6.847
0.000
0.330
0.446
1.894
0.787
0.092
0.184
0.000
0.080
0.000
0.117
0.100
0.108
3.083
1.266
0.000
0.188
0.723
5.119
1.164
0.000
0.973
0.486
0.000
0.000
0.074
0.000
0.000
3.901
1.322
0.000
0.000
0.000
0.000
0.000
0.000
0.000
0.060
0.621
1.563
2.199
0.759
0.000
0.000
0.000
0.025
0.030
0.000
0.000
0.000
0.000
1.077
3.695
0.015
1.138
4.539
0.000
0.000
0.000
0.000
0.192
0.000
0.121
0.000
0.000
0.000
0.004
0.126
4.122
0.704
0.000
0.000
0.000
0.278
0.000
0.000
0.000
0.000
0.000
0.000
0.000
0.000
0.000
0.000
0.000
0.000
0.000
0.000
0.000
0.874
0.044
2.690
11.119
0.000
0.000
8.517
0.250
1.642
1.165
0.268
0.000
0.000
0.000
0.000
0.000
0.000
0.374
0.002
0.000
0.000
0.707
2.381
0.000
0.000
0.000
0.000
2.087
18.226
0.446
0.000
0.000
0.000
0.016
0.009
0.000
0.000
0.865
14.462
32.764
8.644
0.025
15.783
0.092
0.000
0.321
0.000
4.112
0.000
0.000
0.000
0.000
0.000
0.000
0.000
0.000
0.000
24.817
0.541
0.000
0.159
0.000
0.000
0.000
0.000
0.554
0.074
14.187
1.244
1.451
0.000
0.000
3.512
0.000
0.000
0.000
0.000
0.000
0.000
7.902
0.000
0.000
0.000
0.000
1.161
1.624
1.562
1.619
0.000
8.286
4.290
16.055
3.982
0.000
18.986
0.000
0.130
1.709
1.519
1.596
9.101
0.008
2.084
2.536
0.000
0.599
0.000
0.677
5.556
6.883
1.482
10.820
16.934
2.409
0.082
0.038
0.000
0.167
2.058
0.089
0.000
0.001
6.114
11.031
9.099
10.220
1.265
0.198
0.223
0.000
0.000
0.034
0.000
0.000
0.039
2.209
0.000
0.173
2.956
0.113
0.000
0.758
9.523
1.725
0.000
1.407
0.000
1.140
3.164
0.925
0.000
0.000
0.000
0.581
15.297
0.656
0.000
0.000
3.515
0.093
3.358
7.857
0.000
0.000
0.059
2.707
1.976
0.027
1.980
4.516
7.824
3.137
0.046
0.000
0.000
0.000
0.000
0.000
2.401
4.791
9.793
5.658
0.204
0.000
0.003
0.061
0.257
6.164
3.946
1.370
0.000
0.000
0.002
0.000
0.061
0.000
1.093
1.892
1.255
22.558
3.485
0.000
0.920
5.166
2.915
1.745
0.000
0.000
0.000
0.000
0.444
0.515
21.065
12.103
30.898
2.912
0.002
0.000
1.938
1.630
0.000
0.000
0.000
0.042
0.001
0.349
0.000
0.000
0.000
0.000
0.000
0.000
0.000
0.000
0.000
0.000
0.000
0.000
0.000
0.000
2.233
2.405
0.000
0.000
0.000
4.932
0.000
0.000
5.638
0.020
0.000
0.000
0.000
0.000
1.785
11.303
2.150
0.000
0.000
0.000
0.000
0.000
0.662
0.000
0.011
0.561
3.391
0.000
0.000
0.000
0.000
0.000
2.938
1.105
0.000
0.000
0.000
0.000
0.000
0.000
0.000
0.000
0.000
0.000
0.000
0.000
0.026
0.075
0.000
0.000
0.114
0.025
0.000
0.000
0.000
0.000
0.000
0.239
1.421
0.017
4.877
13.097
0.001
0.000
0.000
1.008
3.657
0.000
0.013
0.000
0.000
0.000
0.000
0.000
0.000
0.000
0.000
0.000
0.000
0.000
0.000
0.000
0.000
0.000
0.000
0.000
0.000
0.000
0.003
1.202
0.038
0.000
0.000
0.000
9.373
0.004
0.101
0.000
0.039
0.183
0.000
0.000
0.000
0.645
0.000
1.451
0.028
0.000
0.000
0.000
0.000
0.001
8.771
3.614
3.047
0.000
0.358
0.000
0.000
0.000
0.000
0.000
0.156
0.000
0.000
1.340
0.118
4.333
0.000
0.000
0.465
0.000
1.607
6.456
16.682
4.138
0.368
0.528
0.000
0.017
0.000
0.000
0.000
0.003
0.000
0.084
0.123
0.000
0.132
5.157
11.000
5.087
0.510
1.525
3.416
0.792
1.812
11.666
0.101
0.003
0.000
0.000
1.532
0.122
0.207
0.040
0.000
0.000
0.015
0.000
0.000
0.000
0.005
0.125
0.000
2.723
1.350
13.139
1.055
0.040
0.000
8.199
27.470
0.000
0.233
0.000
0.000
0.342
0.807
0.215
1.949
0.000
0.000
3.380
0.107
3.688
5.594
0.443
0.000
0.000
0.000
0.000
0.070
0.000
1.690
9.422
3.538
4.855
1.502
12.555
3.905
0.000
0.000
0.000
0.000
0.000
0.000
0.000
0.000
0.000
0.000
2.130
9.302
0.000
0.000
2.674
4.365
0.917
9.860
0.123
0.002
5.302
24.738
26.058
25.200
7.030
1.138
1.209
0.118
0.855
0.000
11.364
1.325
11.942
0.512
0.297
1.410
2.194
2.044
0.161
0.000
0.105
0.512
5.618
0.171
0.009
0.254
1.110
0.000
0.000
18.567
0.004
0.000
0.000
0.000
0.045
3.248
23.159
1.874
6.398
0.000
18.013
5.409
11.156
3.161
0.208
0.000
0.000
0.051
8.727
0.490
0.013
0.000
0.000
23.768
14.796
5.366
0.000
0.031
1.088
2.598
0.000
0.000
0.298
0.129
0.052
0.622
1.328
1.800
0.000
0.000
0.000
0.000
0.043
0.000
0.052
1.386
9.374
0.172
0.115
0.864
0.041
0.217
0.085
1.592
0.501
0.001
0.000
0.000
0.004
7.766
57.645
35.029
3.008
10.420
1.066
6.838
1.741
3.788
5.591
10.101
0.000
0.000
0.000
0.004
0.786
0.000
1.168
0.000
0.028
0.350
0.988
0.019
0.000
0.401
12.466
0.000
0.000
0.596
4.867
0.400
0.000
0.723
2.512
0.528
0.725
0.387
0.555
0.000
0.000
0.106
2.352
0.611
0.000
0.000
0.000
0.363
0.000
0.000
1.141
0.070
0.000
0.036
0.000
0.000
0.000
0.000
0.000
6.252
0.171
0.006
0.000
0.693
0.000
0.000
0.000
0.000
0.000
0.000
0.000
4.877
6.287
0.632
0.000
2.118
1.276
10.504
0.150
0.000
0.000
0.000
0.000
0.000
0.000
0.019
0.031
0.000
0.031
0.000
0.136
0.000
0.000
0.000
0.000
2.046
1.353
0.045
0.000
0.000
0.000
0.000
0.000
0.000
0.000
3.944
0.332
0.000
0.337
0.000
0.000
0.000
11.896
4.030
0.000
0.301
0.035
0.000
0.000
0.000
0.000
0.000
0.687
6.451
0.000
0.000
0.000
0.000
0.000
0.000
0.000
0.055
0.029
0.937
0.000
0.002
1.114
0.017
0.000
0.000
0.000
0.000
0.000
0.018
1.488
0.000
0.000
0.000
4.344
0.074
0.000
0.000
6.588
0.986
0.000
0.000
0.080
0.000
0.224
2.188
0.399
0.039
0.000
0.000
0.000
0.000
0.000
0.000
0.000
0.000
0.006
0.262
0.328
0.577
0.000
0.000
0.000
0.005
4.661
5.045
0.004
0.030
0.000
0.007
0.297
0.067
0.000
0.000
0.000
2.096
0.000
0.000
0.000
0.000
0.000
0.000
1.122
3.049
2.487
0.001
0.000
0.000
0.000
0.130
2.572
0.000
0.000
0.000
0.400
1.637
2.191
1.483
0.033
0.000
0.000
0.000
0.000
0.000
0.003
0.396
7.748
1.277
0.016
2.009
0.249
3.840
0.000
0.000
0.000
7.637
18.659
0.484
13.006
11.290
11.205
0.000
0.011
0.373
0.000
0.000
0.000
0.024
0.000
0.000
0.000
0.000
0.472
12.708
0.790
1.055
0.000
1.402
9.772
11.206
0.000
0.000
0.000
0.000
0.000
0.000
0.000
3.334
3.326
0.011
0.007
0.222
0.052
3.104
4.952
1.666
4.964
0.520
1.440
0.000
0.000
4.292
2.705
0.000
4.008
0.000
0.000
0.001
8.371
6.056
1.394
1.271
0.306
10.112
6.366
0.931
3.509
4.059
0.000
0.000
1.489
0.000
0.000
0.128
3.701
0.688
1.295
1.622
0.113
0.248
3.588
4.558
0.046
0.258
0.000
0.000
0.867
1.977
14.837
3.058
11.992
0.795
0.000
0.041
0.030
0.000
0.061
0.000
0.000
0.000
0.000
0.000
0.021
0.463
0.095
18.410
0.000
0.000
0.276
0.602
0.000
0.000
0.000
0.000
0.000
0.010
17.260
1.510
0.624
0.000
0.002
12.113
6.960
0.015
0.243
0.000
0.235
0.000
0.000
0.000
0.000
0.056
0.000
0.000
7.435
8.500
9.965
0.133
0.084
0.250
9.864
4.706
3.026
3.232
0.445
0.000
0.000
0.000
0.000
0.000
0.000
0.000
0.000
0.902
0.000
0.000
0.125
0.000
0.004
1.751
0.000
34.605
24.885
0.000
0.000
0.000
0.000
0.567
0.082
0.000
3.822
4.728
0.000
0.326
41.783
0.050
0.000
0.000
0.000
0.000
0.367
1.507
0.101
0.000
0.000
0.117
0.000
0.000
0.000
0.813
4.967
11.708
23.201
0.116
0.000
1.453
5.565
0.002
0.782
1.390
0.000
0.000
0.000
0.000
0.000
17.221
0.928
0.000
0.000
0.000
0.000
0.000
0.000
0.000
0.000
0.176
1.965
0.783
0.000
0.000
4.350
0.348
1.407
2.118
0.270
0.000
1.068
0.084
3.347
5.315
0.000
0.000
0.000
0.077
1.786
0.971
1.464
0.192
0.000
0.091
10.393
22.241
0.451
0.000
0.000
0.000
1.613
0.263
0.029
0.000
0.000
1.201
0.000
0.000
0.000
0.736
0.000
0.000
0.013
2.470
6.003
0.138
0.000
0.428
0.000
0.024
0.000
1.416
0.000
0.000
0.000
0.308
0.000
0.000
0.000
0.000
0.000
0.000
0.080
0.662
0.000
0.000
0.000
0.545
0.000
0.000
0.000
0.000
0.000
0.003
0.055
0.000
0.000
0.000
0.000
0.020
12.177
0.001
1.101
3.671
2.069
0.000
0.000
0.000
0.000
0.000
0.001
0.000
1.420
8.735
0.000
0.000
0.000
0.015
0.000
0.000
0.000
0.000
0.000
1.234
6.954
0.002
0.000
0.000
0.000
0.000
0.000
0.005
0.099
0.025
0.025
5.314
11.423
2.006
0.023
0.000
0.000
0.000
0.000
0.000
0.045
0.000
0.000
0.000
0.000
0.102
0.000
0.020
0.000
0.000
0.000
0.000
0.341
1.504
0.004
0.004
0.000
0.012
0.000
0.070
0.000
0.000
0.000
3.947
8.632
0.710
0.000
0.003
0.002
0.004
1.836
0.340
0.336
0.157
0.201
0.813
0.000
0.000
0.000
2.516
8.084
0.072
0.000
0.000
0.114
5.544
0.403
0.000
0.000
0.012
0.009
0.000
1.549
0.006
0.000
0.000
0.000
0.000
0.000
0.000
0.000
0.296
11.478
1.056
0.284
4.094
0.380
8.721
0.000
0.437
8.865
1.509
3.624
0.000
0.110
4.454
12.232
0.001
3.815
17.093
1.836
6.898
0.126
0.292
3.451
8.901
0.000
0.000
3.580
9.646
21.803
4.973
0.047
0.000
0.142
0.515
8.754
12.725
2.222
0.112
0.451
2.295
16.076
0.138
0.317
0.000
0.000
0.000
0.070
0.673
0.380
10.791
2.261
0.390
15.178
0.212
0.000
0.056
0.917
0.000
0.413
0.227
4.211
7.428
0.353
2.152
1.044
22.503
11.203
0.036
0.269
1.098
1.925
0.000
0.088
0.000
0.002
8.703
0.482
0.000
6.273
2.608
0.000
0.000
0.000
0.000
0.042
6.352
2.077
0.000
0.000
0.002
0.862
0.000
7.928
2.315
5.154
0.000
4.607
0.000
0.000
0.001
0.764
0.000
0.000
0.000
0.000
10.268
0.042
0.229
0.000
0.000
0.208
0.137
0.258
2.744
0.204
0.255
15.114
0.000
5.065
10.209
20.826
1.489
0.000
0.000
0.000
0.000
0.000
0.000
0.000
0.000
0.000
0.000
0.000
0.000
0.000
0.000
0.001
0.072
3.852
1.674
2.763
3.890
0.000
0.000
0.003
0.000
0.000
0.564
0.526
1.401
0.000
4.673
4.660
0.060
0.000
0.015
0.000
0.000
0.000
1.613
2.118
0.001
0.000
0.000
0.000
0.000
0.000
0.000
0.000
0.000
0.000
0.331
0.000
0.323
0.000
0.000
0.000
0.625
0.062
0.045
0.000
0.000
0.000
0.000
0.000
0.000
0.000
0.000
0.074
0.000
0.000
0.000
0.000
0.000
0.000
0.000
0.273
0.519
4.150
0.453
0.000
0.000
0.000
0.000
0.434
2.130
0.000
0.000
0.057
0.474
0.190
3.846
0.073
5.000
0.765
1.573
0.002
0.155
0.039
0.005
0.370
0.132
2.259
0.180
1.820
0.297
0.175
0.000
0.000
0.000
0.000
0.000
0.002
0.022
0.000
0.000
0.018
0.000
0.000
0.000
0.014
0.000
0.034
0.215
0.082
0.967
0.878
1.393
3.381
0.541
0.219
0.138
0.000
0.740
0.007
1.021
3.032
1.231
9.575
1.920
0.307
0.408
0.238
0.000
1.665
0.000
0.000
0.000
0.000
0.000
0.000
0.000
0.000
0.525
1.407
0.000
0.000
0.000
0.000
0.000
0.000
0.000
0.083
0.998
0.071
0.007
0.000
1.712
10.717
3.837
7.596
0.000
2.542
0.000
0.000
0.014
1.246
10.595
0.000
0.000
0.109
0.155
4.786
0.001
0.000
0.000
0.000
1.257
0.645
0.268
0.000
0.000
0.000
0.000
0.000
0.049
0.000
0.000
0.000
0.000
0.078
1.737
0.000
0.000
0.000
0.000
1.247
21.317
6.115
0.683
6.955
9.959
1.523
0.134
13.249
19.414
0.924
0.077
0.161
0.000
0.000
0.000
0.000
0.011
0.035
0.000
0.023
0.026
1.679
12.917
3.004
0.573
5.885
0.123
0.000
0.000
0.000
0.211
0.000
0.016
0.000
23.302
8.187
1.881
0.284
0.462
8.051
1.557
23.761
22.185
2.670
0.428
0.002
0.926
4.365
15.270
5.013
28.774
3.046
1.980
0.446
0.002
0.000
4.341
0.000
5.143
12.193
5.875
2.927
0.001
0.468
0.002
0.000
0.000
5.487
52.389
0.025
1.978
0.581
11.999
0.048
0.000
0.000
0.000
0.000
0.000
0.020
3.831
0.000
0.589
1.151
0.060
0.000
0.003
0.752
0.330
0.000
0.000
0.095
0.708
0.000
0.000
0.000
0.000
0.000
0.110
0.000
0.000
0.314
0.000
5.711
23.385
0.000
13.792
11.060
0.001
0.335
0.000
0.006
0.004
0.000
0.000
0.000
2.804
0.000
0.093
0.038
0.000
0.018
0.003
0.000
0.000
0.000
0.000
0.000
1.381
6.147
0.000
0.000
0.000
0.415
0.000
0.000
0.000
0.000
0.110
0.108
1.969
11.658
0.000
0.005
0.196
8.687
0.146
0.084
0.125
0.823
25.826
5.912
1.544
0.000
0.000
0.000
2.153
3.956
0.000
0.000
0.897
32.528
37.029
4.948
2.671
0.000
0.150
0.042
0.018
0.020
2.158
0.047
0.090
0.254
0.708
2.192
0.000
0.000
0.084
0.000
0.000
0.000
0.000
0.000
0.000
0.444
8.936
8.539
0.211
0.002
0.000
0.000
1.989
0.037
2.416
6.967
0.034
0.001
0.000
0.249
0.000
0.000
0.000
0.000
0.000
0.000
0.000
0.000
0.013
0.000
0.000
3.626
0.284
0.000
0.000
0.000
0.002
0.000
0.021
0.000
0.018
0.000
0.083
0.716
1.093
0.262
0.877
0.337
0.000
0.000
0.000
0.000
0.116
1.391
0.783
0.000
0.000
0.241
0.267
2.325
4.765
0.000
0.064
0.738
0.000
0.686
0.128
0.393
0.477
3.118
1.661
4.320
0.000
0.094
0.525
6.804
0.116
0.374
0.542
0.544
0.000
0.000
0.000
0.000
5.908
0.515
0.000
0.000
0.000
0.394
0.784
0.000
0.036
0.000
0.000
0.000
0.000
0.000
0.066
0.489
0.214
0.000
0.000
0.000
0.770
0.099
0.000
0.000
0.000
0.000
0.000
0.101
0.215
0.000
0.000
0.001
0.000
0.000
0.000
0.000
0.237
1.074
0.017
0.000
1.543
8.115
1.272
0.000
0.000
0.000
0.000
0.000
0.000
0.000
0.000
0.000
0.000
0.000
0.000
0.000
0.000
0.000
0.000
0.445
14.997
1.061
0.000
0.000
0.014
1.320
0.069
12.696
0.334
12.590
2.485
0.000
0.009
0.000
3.999
0.199
0.338
3.304
1.917
2.163
0.705
0.004
1.175
0.784
1.462
0.304
0.000
0.000
0.000
0.000
0.039
0.000
0.000
0.004
0.000
0.000
0.544
3.942
14.258
10.502
8.876
2.225
0.620
22.444
26.491
12.229
10.753
0.335
4.375
17.450
2.595
0.014
0.816
0.742
0.119
0.604
0.706
0.037
0.000
0.000
0.194
0.000
0.000
0.581
4.972
0.036
0.134
0.000
1.218
28.775
4.785
0.588
5.667
5.595
16.701
0.128
0.150
0.000
0.000
0.000
0.000
0.000
0.000
0.547
1.283
8.386
7.748
15.081
0.033
1.066
0.023
0.554
5.055
4.655
3.668
1.455
0.729
4.374
0.006
1.538
0.041
0.009
18.959
5.102
0.454
0.000
0.000
0.461
0.053
1.563
34.547
0.026
1.415
3.024
0.000
0.046
0.018
12.578
0.054
0.401
5.134
0.026
0.675
2.062
0.245
1.038
0.000
1.546
0.471
0.319
0.000
0.000
0.146
0.134
15.151
4.182
3.317
9.787
39.749
0.358
0.752
3.233
0.375
9.416
0.154
0.000
1.197
0.141
12.298
0.738
0.000
0.000
0.000
0.039
0.186
6.564
8.629
0.061
2.319
2.216
20.155
4.294
0.091
2.047
0.161
0.854
0.013
0.288
9.714
3.757
1.467
0.029
0.000
0.047
0.000
0.396
0.170
0.000
0.000
0.025
0.051
2.394
20.662
0.006
0.000
0.000
0.000
0.000
0.000
0.000
0.000
0.000
0.029
3.225
7.510
0.513
0.000
0.000
0.000
0.098
0.119
0.000
0.002
0.102
0.307
0.549
0.000
0.000
0.000
0.000
0.044
0.013
0.000
0.000
0.000
0.705
1.616
0.000
0.069
0.000
0.000
0.000
0.000
0.000
0.000
0.000
0.000
0.000
0.000
0.000
0.000
0.000
0.000
0.000
0.000
0.000
2.313
0.027
0.000
0.000
0.000
0.000
0.000
0.000
0.000
0.000
0.000
0.000
0.000
0.000
0.000
0.000
0.000
0.000
0.000
0.000
0.000
0.000
0.033
0.033
0.000
0.020
2.558
0.000
0.000
0.000
0.646
0.308
0.000
0.146
0.008
1.239
0.000
0.000
0.870
0.000
0.000
0.077
0.458
0.000
0.000
0.000
0.089
0.361
1.182
0.000
0.147
0.000
0.822
4.449
1.827
4.056
0.000
0.000
0.000
0.000
0.948
1.351
1.766
0.000
0.000
0.000
0.000
0.000
0.000
0.000
0.000
0.000
0.000
0.000
0.000
0.000
0.032
0.019
0.000
0.000
0.000
0.000
0.000
4.967
1.216
0.918
1.228
0.064
2.620
5.913
0.873
0.001
0.000
0.000
0.000
0.041
0.937
5.162
2.034
7.407
0.000
0.000
0.000
0.000
0.000
0.000
0.000
0.000
0.000
0.448
12.046
10.549
0.000
0.000
0.000
0.000
0.000
1.906
0.000
0.000
0.000
0.000
0.000
0.000
0.000
1.239
5.669
2.320
0.474
0.165
0.015
0.000
0.000
0.000
0.002
0.030
1.227
0.032
0.914
1.716
0.019
0.000
0.020
0.062
5.374
0.006
1.400
0.132
0.320
1.145
2.574
0.000
0.889
10.030
0.434
0.000
0.000
0.000
0.000
0.000
0.105
1.924
0.000
1.901
3.564
0.000
0.000
0.000
0.316
0.000
0.278
44.408
0.067
1.054
3.819
1.859
0.588
0.112
0.081
6.718
0.000
0.000
0.000
0.282
3.095
0.022
0.048
0.000
0.000
0.644
3.924
15.312
0.232
1.583
0.065
1.236
0.067
0.625
14.353
1.136
0.000
0.000
0.000
0.000
0.617
0.000
0.000
9.588
13.388
5.500
19.315
0.667
0.491
3.166
2.209
0.314
1.538
3.562
0.233
5.241
13.581
0.324
1.257
0.767
0.716
1.850
8.097
0.090
0.000
17.976
2.975
8.086
7.172
27.314
0.200
0.445
14.624
1.867
0.000
0.000
1.116
0.030
4.958
4.026
1.168
0.000
0.000
0.000
0.000
18.924
14.622
0.099
0.060
0.000
0.000
0.171
2.180
0.000
0.000
0.000
0.000
0.324
0.201
0.019
0.083
0.000
0.009
1.730
1.825
0.181
0.186
1.912
16.016
0.315
0.000
0.078
2.537
0.366
0.004
0.000
0.832
1.290
0.000
0.832
0.376
0.000
4.212
0.860
0.525
0.577
0.027
0.010
1.941
8.663
0.009
0.474
0.000
0.038
0.000
0.062
1.158
0.000
0.000
0.000
0.000
0.813
0.051
1.046
2.075
13.653
0.182
0.305
0.000
0.000
0.001
0.000
0.000
0.001
0.394
0.000
0.000
3.948
1.024
0.595
0.000
0.000
0.002
0.046
0.000
0.024
0.874
0.166
0.005
0.000
0.000
0.000
0.000
0.000
0.000
0.000
0.005
7.244
4.964
3.549
0.135
2.276
4.988
1.124
25.201
5.946
0.097
0.000
0.115
12.756
19.962
1.141
3.265
0.000
0.000
8.460
7.192
0.372
0.000
0.000
0.000
0.398
0.566
1.085
0.000
0.000
0.000
0.000
0.000
0.000
0.000
0.985
4.845
0.025
0.064
0.000
0.000
0.000
0.000
0.012
1.613
0.000
0.752
0.896
0.000
0.000
0.000
0.002
0.000
2.035
0.273
3.901
0.909
0.099
0.005
0.000
0.000
0.000
0.000
0.000
0.000
3.709
7.251
0.000
0.829
0.030
0.000
0.115
0.000
0.000
0.000
0.000
0.402
0.023
0.000
0.000
0.000
0.000
1.121
1.210
0.005
0.026
0.044
0.000
0.000
0.000
0.000
0.000
0.000
0.000
0.001
0.012
0.000
0.000
13.513
7.790
0.157
0.039
0.740
0.697
0.000
0.006
0.588
4.602
3.406
0.427
0.354
3.043
0.006
0.005
0.000
0.000
0.000
0.000
0.000
0.000
0.000
0.199
0.314
4.247
18.477
1.271
0.019
0.000
0.000
0.000
0.000
0.000
0.000
0.000
0.000
0.000
0.000
0.000
0.000
5.352
4.553
0.008
0.000
0.000
0.000
0.000
0.293
0.000
0.013
0.000
0.000
0.000
0.000
0.000
0.000
0.000
0.394
0.000
1.916
0.000
0.000
0.000
0.015
0.901
1.715
58.744
19.071
0.000
0.007
2.510
18.912
0.515
0.324
0.835
0.020
0.000
0.000
0.000
0.535
1.973
6.305
38.363
0.044
0.000
0.000
0.000
0.103
0.019
4.826
1.633
0.044
0.000
0.000
0.551
7.365
4.732
0.834
0.000
0.029
0.000
0.074
0.000
0.000
0.052
0.124
0.000
0.000
0.157
2.702
18.798
6.332
13.517
4.208
1.498
9.307
1.428
0.030
0.394
0.000
0.016
0.612
2.350
0.182
0.078
1.638
1.089
0.458
1.174
8.703
16.634
10.410
11.555
20.408
62.333
3.121
6.295
0.913
21.482
0.220
1.512
3.143
0.000
0.000
0.000
0.745
1.759
2.296
0.025
9.901
0.609
0.110
1.275
0.679
0.000
0.000
0.734
0.631
0.004
0.000
0.000
0.000
0.000
0.000
0.000
0.038
2.343
4.527
8.641
5.968
6.179
3.433
0.538
2.860
0.000
0.000
0.000
2.670
28.268
0.019
1.207
0.053
0.400
0.000
0.000
0.000
0.000
0.000
0.000
0.000
0.385
0.000
0.000
0.000
0.000
0.007
1.148
1.845
2.584
4.948
0.000
0.058
0.018
0.000
0.000
0.000
0.000
0.689
4.483
0.014
2.844
30.655
0.000
3.242
4.153
0.000
0.114
0.000
0.306
17.559
10.943
0.552
0.135
0.000
0.000
0.000
0.454
8.658
1.478
0.790
0.195
0.008
0.493
3.003
0.928
6.078
0.009
0.000
0.000
0.000
0.000
0.000
0.000
0.000
0.023
0.257
0.027
0.000
0.000
0.000
1.094
0.188
15.094
7.027
0.278
7.649
0.345
1.841
0.990
0.000
0.042
0.000
0.000
0.000
0.000
0.246
0.796
2.093
0.163
0.000
0.000
0.000
0.034
0.141
0.000
0.000
0.000
0.000
0.000
0.000
0.000
0.064
0.000
0.000
0.000
2.319
4.818
0.000
0.000
0.000
0.088
0.017
0.048
0.000
0.000
0.000
0.031
5.277
17.035
1.293
9.779
6.109
2.578
0.084
0.272
0.000
0.000
0.000
2.711
0.274
0.000
0.000
0.000
0.000
0.000
0.000
0.000
0.000
0.000
0.000
0.000
0.000
0.000
0.000
0.000
0.058
4.383
0.000
0.000
0.012
0.015
0.882
0.023
0.008
0.079
0.058
0.000
0.000
0.000
0.025
0.000
0.000
0.000
0.000
0.000
0.000
0.000
0.000
0.344
0.000
0.003
0.120
0.000
0.012
0.000
0.000
0.000
0.000
0.000
0.000
0.000
0.000
0.000
0.072
0.620
0.000
0.005
0.000
0.000
0.000
0.000
0.000
0.000
0.000
0.045
3.348
0.000
0.057
0.000
0.000
0.000
0.000
0.000
0.000
5.184
2.173
0.000
0.000
0.000
4.423
4.467
0.164
0.000
0.000
0.000
0.000
0.000
0.313
0.436
1.595
0.257
3.500
7.177
2.283
0.000
0.000
0.241
0.410
6.165
0.000
0.000
0.666
1.208
0.140
0.680
0.000
0.000
0.000
0.000
0.000
0.000
0.670
1.700
0.436
0.095
0.105
7.278
0.393
0.000
0.000
0.000
0.000
0.000
0.000
6.911
12.472
0.078
0.008
1.086
0.000
0.000
13.414
4.180
0.000
0.000
0.003
3.452
0.033
0.000
0.000
0.027
3.560
8.619
1.600
0.047
0.001
0.000
0.000
2.966
1.070
1.101
0.137
11.390
17.910
2.384
0.000
11.493
1.929
0.000
5.184
0.084
0.000
0.000
0.000
0.000
0.000
0.000
0.006
0.000
0.000
0.000
0.000
0.000
1.577
1.451
0.225
0.000
0.234
2.755
0.000
0.000
0.063
2.271
0.021
0.000
0.024
2.894
0.000
0.003
2.107
0.365
0.000
0.013
0.755
34.421
10.241
5.064
5.929
32.830
5.679
3.260
0.059
0.000
0.000
0.000
0.000
0.000
0.000
0.007
0.000
0.000
0.013
1.075
59.211
0.000
46.304
24.430
0.000
0.000
0.000
0.000
0.000
0.000
6.417
3.311
1.834
5.101
10.227
0.000
4.421
2.795
3.311
3.233
5.989
2.770
0.000
3.543
4.645
0.035
0.005
11.515
0.000
0.000
0.000
0.624
0.009
4.676
0.000
21.063
0.000
0.000
9.561
3.293
15.812
0.000
0.000
0.000
11.601
0.392
0.000
0.000
0.000
0.000
0.507
0.000
41.747
2.169
0.000
4.574
8.132
0.338
0.000
0.032
2.328
0.000
0.000
4.540
11.414
0.000
0.000
0.000
0.000
0.000
0.000
0.000
0.000
0.757
0.000
0.000
0.021
2.088
1.139
1.213
1.287
0.000
0.011
6.817
0.446
0.094
0.958
0.000
24.308
13.603
6.789
15.741
0.015
0.019
0.765
0.019
2.849
0.006
0.162
0.000
0.000
0.781
5.121
0.889
0.000
10.435
0.094
0.000
0.000
0.023
0.145
0.000
0.157
2.883
1.420
0.000
0.000
0.000
0.000
0.000
0.761
0.455
0.000
0.000
0.000
0.434
4.954
0.000
0.000
0.011
0.000
0.000
0.000
0.000
0.000
0.000
0.790
0.000
0.000
0.000
0.000
0.000
0.000
0.000
0.000
0.000
0.000
0.000
0.000
0.626
0.000
0.000
0.000
0.000
0.000
0.000
0.000
0.000
0.000
0.000
0.000
0.000
0.000
1.780
0.918
1.766
1.020
0.000
0.000
0.000
0.000
0.000
0.000
0.310
0.007
0.000
0.000
0.000
0.000
0.000
0.149
0.026
0.000
0.000
0.000
0.007
0.115
0.026
0.000
0.232
0.413
0.000
0.002
0.000
0.120
0.000
0.000
0.000
0.000
0.000
0.000
0.396
0.041
0.950
0.060
0.000
0.000
2.998
0.000
0.022
3.468
0.010
0.000
0.096
0.007
0.000
0.000
0.000
0.326
0.043
0.000
0.001
0.000
0.000
0.000
0.993
0.000
0.000
0.003
0.052
0.012
0.000
0.000
0.000
0.000
0.000
0.000
0.000
1.481
0.393
0.000
0.000
1.141
1.430
0.000
0.000
0.000
0.060
2.317
0.000
0.000
0.000
0.000
2.537
1.309
0.003
0.738
0.000
0.000
0.000
0.000
0.000
0.400
0.304
0.000
0.000
0.000
0.997
0.499
0.000
0.819
0.178
0.000
0.000
0.000
0.000
0.019
0.000
0.000
0.000
0.000
0.000
27.606
22.663
0.086
15.316
3.517
4.279
0.000
0.000
0.000
0.018
0.000
0.771
0.007
0.000
0.000
0.000
0.000
0.000
0.279
11.982
9.822
0.391
0.000
22.405
3.729
3.073
0.036
0.000
9.613
0.071
0.000
0.000
0.074
14.725
1.069
0.024
2.274
2.476
0.000
0.000
0.000
0.182
2.450
0.001
0.000
0.396
0.000
0.000
0.032
0.003
0.346
1.688
15.126
0.620
3.051
18.468
0.049
4.291
0.000
0.000
0.000
0.045
15.684
0.160
0.000
0.000
0.000
16.600
54.231
55.502
26.466
3.497
4.468
3.642
6.543
0.027
0.000
0.000
33.033
8.566
0.011
0.000
7.730
0.023
1.532
16.805
1.412
4.515
0.001
0.092
1.868
0.000
0.000
0.005
0.000
6.929
0.260
0.159
0.000
0.000
0.000
0.000
0.000
0.000
0.000
2.389
4.843
0.776
0.015
2.042
0.244
2.044
0.809
2.337
0.125
0.000
0.624
1.323
0.000
0.000
0.000
0.000
0.000
0.000
0.000
1.931
0.425
0.322
0.041
0.003
0.000
1.232
0.341
0.000
15.395
0.192
0.000
0.000
0.000
0.148
0.000
0.000
0.000
0.000
0.000
0.000
0.030
7.548
22.192
7.840
0.129
0.000
0.021
0.000
0.094
2.106
7.423
0.086
0.900
5.149
0.269
0.031
0.175
0.101
0.062
0.006
1.127
0.888
0.000
0.000
0.000
0.000
0.000
0.000
0.000
0.000
0.000
0.000
0.004
15.028
0.000
0.000
0.000
0.000
0.000
0.000
0.000
0.000
0.000
0.771
0.000
0.247
0.262
0.264
0.000
6.656
0.890
3.144
2.488
0.000
0.000
0.000
5.338
0.389
0.000
0.000
0.000
0.000
0.000
0.000
0.007
0.005
0.010
0.014
0.065
0.369
0.210
0.000
0.000
0.000
0.041
2.251
3.985
0.000
0.000
0.000
0.000
0.000
0.000
0.000
0.000
0.000
0.000
0.947
0.000
0.000
0.000
0.000
0.000
0.000
0.000
0.000
0.000
0.010
3.757
0.032
2.285
0.000
0.000
0.035
0.000
0.000
0.035
0.000
0.000
0.651
0.048
0.116
0.641
0.001
0.000
0.000
0.000
0.000
0.155
0.000
0.000
0.000
0.000
0.000
0.000
0.002
0.000
0.265
0.000
0.000
0.000
0.000
0.000
0.355
0.012
0.056
2.005
0.369
1.786
8.239
1.720
0.242
0.000
0.000
0.191
1.517
1.017
0.000
0.005
2.070
2.050
0.066
0.306
2.688
0.000
1.015
2.097
0.000
0.000
0.000
0.021
0.000
0.000
0.425
2.950
0.311
0.000
0.707
0.000
0.000
0.000
0.000
0.000
0.008
1.706
0.534
0.769
3.034
1.014
2.439
1.612
0.006
0.389
0.005
0.658
0.000
0.000
0.167
0.000
0.618
2.072
1.575
0.000
0.000
0.000
0.000
0.000
0.000
0.014
3.978
0.000
9.780
0.035
0.000
0.000
0.000
0.000
0.000
0.000
0.000
0.054
0.000
0.000
0.003
0.001
0.000
0.000
0.000
0.000
0.000
0.000
0.000
10.055
2.090
0.000
27.715
0.000
0.000
0.000
1.582
0.029
0.000
0.338
0.512
0.031
0.000
0.003
0.000
0.000
0.573
0.302
0.020
0.002
0.006
0.003
0.198
12.264
2.621
0.000
0.000
1.648
20.551
0.019
0.000
0.149
0.216
1.135
0.914
5.700
7.816
0.014
7.309
0.000
2.980
13.993
10.522
7.027
1.122
0.004
0.000
7.054
0.372
0.230
1.901
10.615
0.772
4.058
0.636
4.826
0.755
1.890
3.035
0.812
0.037
0.000
0.185
1.072
0.087
3.994
3.960
0.000
0.000
5.283
5.365
0.000
0.000
0.000
1.181
4.212
18.261
0.392
3.624
28.141
0.016
1.157
0.000
26.469
0.494
4.103
0.000
0.000
5.309
0.026
0.000
0.094
0.000
0.000
1.588
0.000
0.000
0.000
0.000
0.000
2.423
14.326
14.488
1.313
0.000
19.533
2.555
0.022
0.000
0.000
17.702
0.068
0.453
0.259
0.374
0.000
0.000
0.307
0.000
0.241
0.017
0.001
0.000
0.000
0.000
3.509
0.344
1.090
0.096
4.606
4.155
0.003
0.000
7.047
1.596
0.184
0.000
0.000
0.000
22.315
22.795
0.000
0.007
0.150
0.000
3.180
0.000
0.001
1.622
13.745
43.287
0.005
0.000
0.000
2.433
31.028
7.833
3.242
9.493
0.000
0.000
0.000
0.000
0.000
0.008
25.011
13.083
0.031
0.000
0.000
0.001
0.001
0.000
0.000
0.000
0.000
0.000
0.215
0.094
2.419
2.674
0.265
0.000
0.056
0.183
0.118
1.240
9.017
3.404
0.000
0.000
0.136
1.417
4.962
5.681
0.484
0.041
1.151
0.000
0.000
0.000
0.000
0.000
0.000
0.000
0.001
0.008
0.000
0.000
0.000
0.000
0.000
0.000
0.000
1.030
9.097
0.000
0.000
0.000
0.000
0.000
0.301
1.211
0.053
0.000
0.000
0.000
0.000
0.000
0.002
0.007
1.695
0.135
0.000
0.184
3.402
0.000
0.000
0.034
0.000
0.000
0.000
0.000
0.000
0.000
0.378
0.635
0.000
0.032
0.000
0.000
0.003
0.606
0.000
0.000
0.142
1.793
0.066
8.801
0.000
0.000
0.000
0.000
0.000
0.000
0.375
4.971
0.000
5.979
2.443
0.000
0.000
0.000
0.000
0.000
0.375
0.976
2.287
8.234
0.000
0.000
0.000
0.000
0.000
0.048
1.409
0.157
0.000
0.000
0.000
0.000
0.000
0.000
0.000
0.000
0.000
0.379
0.000
0.000
0.000
0.022
5.303
0.000
0.000
0.000
0.000
0.000
3.328
2.210
0.248
0.012
3.353
0.000
0.000
0.000
0.000
0.000
0.000
0.000
0.000
0.000
0.000
0.000
0.000
0.000
0.282
0.090
0.522
0.000
0.000
0.059
0.918
0.000
0.000
0.000
0.000
0.000
0.000
0.000
0.000
0.000
0.000
0.000
0.000
0.000
4.094
16.453
0.013
0.000
0.000
0.000
0.000
5.746
0.000
0.000
0.059
9.540
19.512
23.876
1.108
0.000
0.016
0.120
0.000
0.028
0.028
4.899
0.002
0.000
0.000
0.000
0.060
0.989
0.832
0.372
0.039
0.000
0.019
0.015
0.000
0.000
0.003
0.222
0.253
1.472
2.780
5.908
0.355
1.213
10.272
3.898
0.445
0.000
0.044
7.895
4.650
0.077
2.747
0.139
0.173
0.062
10.337
24.416
1.643
1.504
0.724
1.076
0.153
0.524
0.000
0.141
1.233
23.042
3.031
8.932
21.691
0.000
8.667
0.917
11.541
3.730
24.826
3.695
0.000
0.000
0.000
0.000
3.343
16.520
0.000
0.000
0.104
0.000
0.000
0.275
4.086
0.025
39.705
0.708
0.155
7.533
0.000
0.004
0.014
0.096
0.003
0.065
0.000
0.000
5.197
1.553
0.004
0.000
2.338
0.000
0.368
0.000
0.012
0.000
0.000
0.000
6.322
0.071
26.184
0.000
6.452
0.037
0.000
0.000
0.024
0.000
11.047
1.521
0.000
0.000
0.000
0.000
16.678
2.189
0.000
0.939
0.000
0.000
0.000
0.000
24.560
1.253
4.065
5.987
0.040
0.000
0.000
0.000
0.000
62.344
0.000
0.000
0.000
0.000
0.003
0.311
0.000
0.007
25.842
0.161
25.911
0.000
0.427
0.000
0.000
0.000
0.456
25.692
0.000
0.264
0.022
3.242
0.519
3.662
0.451
0.000
0.002
0.000
1.827
3.745
12.701
0.000
0.168
0.000
0.000
0.000
0.000
0.003
0.286
63.346
9.957
0.000
0.000
0.000
0.000
0.000
0.015
4.427
0.005
0.000
0.000
1.593
0.000
0.000
0.015
0.199
0.000
0.007
0.003
0.000
0.000
0.000
0.000
0.028
1.253
0.320
0.000
0.005
0.000
0.151
0.000
0.000
0.000
0.000
0.029
0.000
0.000
0.000
15.212
0.154
12.094
3.666
0.000
0.143
0.254
0.000
0.000
0.000
0.000
0.000
0.615
0.046
0.000
11.585
16.583
0.218
0.669
0.056
0.042
0.821
0.000
0.000
0.046
0.000
0.000
0.000
0.034
0.141
0.000
2.812
6.122
1.966
0.000
0.013
0.000
0.000
0.000
0.000
0.047
0.000
0.000
0.000
0.000
0.000
0.000
8.514
2.758
0.000
0.000
0.000
0.008
0.031
0.000
0.000
1.078
1.431
0.000
0.000
0.000
0.000
0.000
0.000
0.000
0.193
0.000
0.391
2.767
0.000
0.000
0.000
0.640
0.000
0.059
0.138
0.000
0.000
0.000
0.132
5.316
0.005
2.169
0.000
0.000
0.000
0.027
0.222
0.179
2.289
0.182
0.114
0.000
0.000
0.000
0.000
0.000
0.000
0.000
0.002
0.000
0.640
0.000
0.062
0.000
0.000
0.000
0.000
0.000
1.836
0.010
0.000
0.759
0.862
0.003
4.332
0.000
0.000
0.676
0.075
0.280
0.000
0.000
0.032
0.000
0.000
0.000
0.000
0.000
0.000
0.000
0.096
0.000
0.000
0.000
0.000
0.000
2.417
12.122
1.593
0.919
5.502
0.000
0.000
0.000
0.078
0.000
0.000
0.000
0.015
0.051
0.000
0.284
0.047
0.000
0.000
0.005
2.680
1.058
1.817
1.379
0.000
0.043
0.000
0.000
0.000
0.601
11.531
25.276
9.984
4.204
3.736
0.032
0.000
0.000
0.000
0.066
4.423
5.362
9.678
0.085
4.082
1.856
0.370
0.034
0.010
0.005
0.317
0.209
0.332
0.222
0.003
6.164
0.653
0.010
0.000
0.000
0.000
0.155
0.196
0.082
1.234
0.350
0.000
1.955
19.273
0.000
0.000
0.600
12.412
4.266
1.026
0.007
0.000
0.840
1.524
2.155
5.108
0.000
0.076
0.313
0.000
0.000
4.509
7.684
0.000
3.194
0.032
0.000
0.006
8.790
0.000
4.179
0.000
0.000
0.000
0.000
0.167
0.000
0.000
0.000
0.000
0.000
5.001
0.000
1.750
0.914
0.000
3.034
2.549
5.215
0.852
0.126
0.176
0.289
1.278
0.000
0.302
8.686
5.639
0.079
17.770
1.403
0.449
0.000
0.168
0.000
0.004
0.028
0.310
10.707
0.131
0.000
12.254
2.009
0.000
1.590
0.001
0.042
10.652
0.115
0.003
0.000
22.342
0.005
14.199
0.046
0.000
0.000
0.003
0.000
0.000
13.135
19.726
14.853
1.261
0.000
0.000
0.000
0.000
0.000
0.000
0.021
0.000
0.000
0.000
0.000
8.038
10.438
6.164
3.078
0.002
0.000
21.190
11.759
1.835
0.000
0.011
0.865
1.061
0.297
0.736
0.000
0.000
0.003
17.203
0.000
0.000
0.000
0.004
0.236
0.323
2.589
0.184
0.015
0.000
0.014
3.671
11.056
0.350
0.000
0.010
0.014
0.003
0.000
0.000
0.000
0.000
0.000
0.000
0.000
0.000
0.000
0.000
0.056
0.000
0.000
0.000
0.000
0.000
0.028
0.012
0.005
0.000
0.000
0.110
0.000
0.074
0.000
0.000
0.000
0.000
0.000
0.000
0.000
0.000
0.000
0.000
0.000
0.000
3.144
6.976
0.094
0.000
0.000
0.000
0.937
0.000
0.000
0.000
0.000
0.000
0.000
0.000
0.085
0.146
0.000
0.186
0.000
0.000
0.000
0.000
0.000
0.251
2.246
0.000
0.000
0.000
0.000
0.000
0.000
2.585
3.407
18.920
0.000
0.134
0.000
0.058
1.839
0.000
0.004
0.000
0.000
0.000
0.000
0.334
0.000
0.000
0.000
0.000
0.000
0.000
0.000
0.000
0.016
0.103
0.000
0.000
0.000
0.000
0.000
0.004
0.208
0.000
0.000
0.032
0.637
0.005
0.000
0.162
0.955
0.671
0.000
0.000
0.000
0.000
0.000
0.000
0.000
0.000
0.000
0.000
0.000
0.000
0.000
0.000
0.000
0.000
9.399
26.254
4.511
0.407
0.000
2.849
1.741
0.393
0.042
0.000
0.269
2.032
0.000
0.000
0.000
0.000
0.000
0.000
0.000
0.118
0.427
0.000
0.000
0.000
0.000
0.019
0.468
0.000
0.000
8.368
1.166
0.006
2.444
3.340
20.963
5.643
18.321
7.649
5.415
6.974
0.000
0.000
0.000
0.000
0.000
0.000
2.204
0.041
0.000
0.000
0.000
0.038
0.022
0.000
0.011
0.759
9.534
18.589
16.984
0.000
0.000
0.000
0.000
0.000
0.000
0.000
0.008
0.000
0.000
0.000
7.536
6.729
2.030
0.016
0.000
0.000
0.000
1.799
0.016
0.000
0.000
0.000
0.000
0.000
8.755
0.000
0.001
4.241
1.898
0.005
0.000
0.023
0.000
2.663
8.029
31.194
9.602
1.663
16.256
4.878
2.511
0.076
0.219
4.095
0.869
0.000
0.055
8.798
0.000
0.158
0.120
0.369
4.324
1.878
2.878
2.399
0.000
0.000
0.010
0.020
0.000
0.000
0.000
0.000
0.000
0.000
0.000
0.003
2.945
5.587
9.795
0.120
0.000
0.000
0.000
0.574
4.362
0.265
0.628
0.039
2.905
0.000
2.762
0.007
0.000
0.000
0.000
0.000
0.000
0.255
0.007
0.548
0.000
8.245
0.000
0.000
0.000
0.000
0.000
0.449
0.000
0.000
0.359
0.000
0.117
0.000
0.050
0.000
42.383
0.237
0.005
0.882
0.039
0.000
0.000
0.055
5.730
11.569
0.343
0.244
0.012
1.059
0.119
0.010
0.000
21.642
0.000
0.000
0.000
0.000
0.000
0.000
0.000
0.000
0.000
5.704
0.225
2.502
0.017
0.027
0.000
0.000
0.002
0.000
0.000
0.055
3.294
22.290
4.791
30.438
0.038
0.000
0.003
7.655
0.043
9.576
0.000
6.272
11.914
14.348
0.000
0.110
0.004
1.196
1.448
0.400
44.651
1.446
0.031
0.004
0.046
0.000
0.011
1.114
17.059
3.218
7.536
24.899
0.315
2.865
2.037
0.000
0.000
0.000
0.000
0.000
0.000
0.000
0.000
0.000
0.000
0.000
0.000
0.000
0.034
0.000
0.000
0.000
0.000
0.000
0.014
0.026
0.024
0.195
0.000
0.000
0.020
0.080
0.108
0.000
0.000
0.000
0.000
0.000
0.000
0.000
0.129
0.000
0.003
0.001
0.004
18.744
0.000
0.206
9.247
0.245
0.157
0.038
0.000
0.000
0.000
0.000
0.000
0.000
0.000
0.000
0.000
0.000
0.000
0.000
0.000
0.578
0.095
1.148
0.000
0.000
0.000
0.000
0.016
0.257
0.036
0.000
0.000
0.000
0.000
0.000
0.000
0.000
0.000
0.000
0.000
0.000
0.033
0.193
0.214
0.000
0.000
0.000
0.000
0.000
0.000
0.000
0.000
0.000
0.000
0.000
0.000
0.000
0.000
0.000
0.000
0.000
0.000
0.000
0.000
0.008
0.614
0.000
0.000
0.012
0.530
0.424
0.131
0.007
0.025
4.157
0.000
0.004
0.305
0.004
0.000
0.000
0.000
0.000
0.000
0.000
0.000
0.000
0.018
0.035
1.100
0.000
0.000
0.000
0.000
0.313
0.000
0.000
0.112
1.245
0.074
0.000
0.000
4.696
0.000
0.000
0.000
0.194
1.578
0.283
0.000
3.547
7.947
1.351
0.000
0.015
0.000
0.000
0.000
0.001
0.000
0.851
3.676
0.169
1.278
0.000
0.155
4.469
10.805
0.014
0.000
0.243
19.755
1.687
0.000
0.000
0.000
0.000
0.000
0.000
0.000
0.000
0.189
0.664
0.000
0.307
6.994
23.850
3.166
0.000
0.000
0.000
0.000
4.188
1.136
0.000
0.000
0.041
2.722
0.000
0.000
0.000
19.307
0.025
0.179
2.227
0.039
0.530
0.040
0.036
0.036
0.917
0.000
0.000
0.000
0.159
0.396
3.052
0.000
0.000
0.299
14.861
0.360
1.233
2.269
9.237
1.989
1.257
39.098
2.864
0.084
3.038
0.466
5.966
28.977
2.248
0.742
3.841
0.000
0.000
0.000
0.053
1.702
0.000
0.031
0.000
0.005
3.629
0.000
0.469
7.029
5.497
0.000
0.000
1.173
0.000
0.000
0.000
0.000
0.069
6.303
0.000
2.030
26.896
3.347
0.568
0.044
0.000
4.823
9.253
1.986
0.000
18.395
2.010
0.000
0.000
0.197
0.232
0.000
0.000
0.037
0.160
0.000
0.970
1.924
0.000
0.039
0.173
0.000
0.003
0.000
0.011
3.594
0.000
0.460
12.731
0.049
0.781
0.000
0.000
0.000
0.000
0.000
0.000
0.000
0.000
0.000
0.000
0.000
0.000
11.655
2.597
0.000
0.000
0.000
0.000
9.788
2.615
0.000
0.000
0.010
1.931
0.255
0.001
0.000
11.616
9.461
0.000
14.320
2.744
0.000
0.000
0.000
0.000
0.014
0.000
0.179
7.499
1.065
10.366
9.821
0.497
0.006
9.119
0.000
0.000
0.000
0.000
0.300
4.959
22.533
41.983
1.239
1.709
11.795
10.920
7.706
10.705
2.028
0.000
0.000
0.058
0.005
0.009
0.268
0.786
8.056
8.383
0.949
0.794
0.626
0.300
0.000
0.000
0.000
0.000
0.000
0.000
0.000
0.026
2.258
0.591
20.537
1.402
0.104
0.323
0.001
2.031
1.260
0.000
0.001
0.004
0.000
0.000
0.000
0.000
0.000
0.014
0.000
0.009
0.000
0.000
0.000
0.000
0.000
0.430
0.000
0.000
0.000
0.029
0.000
0.437
0.000
1.784
2.275
0.000
0.000
0.000
0.000
5.068
9.992
0.000
0.177
0.000
0.000
2.823
4.770
0.000
2.396
1.660
0.000
0.006
0.166
0.000
0.000
7.749
2.828
0.000
0.000
0.089
3.869
0.000
0.000
0.004
0.034
0.045
0.014
0.056
0.906
0.943
0.659
0.000
0.000
0.000
0.000
0.000
0.012
0.013
0.000
0.000
0.000
0.000
0.000
0.000
0.144
0.928
0.003
0.000
0.000
0.000
0.000
0.000
0.000
0.000
0.000
0.004
0.647
7.514
0.633
0.000
0.000
0.000
0.000
0.000
0.015
0.460
0.151
0.073
3.665
0.000
0.000
0.000
0.000
2.534
8.021
0.070
0.000
0.000
0.000
0.000
0.000
0.425
0.000
0.000
0.000
0.021
5.430
0.000
0.000
0.000
0.000
0.000
0.000
0.000
0.000
0.667
3.210
0.000
34.080
11.851
15.533
1.523
0.035
0.000
0.000
0.000
7.108
13.751
0.460
0.008
0.000
0.000
0.000
0.000
0.000
0.000
0.000
0.000
0.000
0.000
0.000
0.000
0.000
0.000
0.000
0.000
0.074
0.002
0.000
0.000
0.192
0.024
0.288
3.477
0.000
0.068
10.438
0.000
0.000
0.026
0.036
1.533
1.674
0.007
0.000
0.029
0.026
0.214
1.735
2.931
0.594
0.004
2.363
0.000
0.000
0.000
0.000
0.053
0.000
0.000
0.000
0.000
0.398
0.349
0.000
0.711
1.105
0.581
2.592
0.001
0.000
0.000
0.000
0.000
6.090
6.170
0.717
0.000
0.000
0.000
0.242
3.516
0.000
9.666
5.336
2.247
18.933
0.837
0.000
22.474
0.000
0.565
0.938
0.042
12.792
2.167
0.000
0.010
0.000
0.000
0.061
6.355
0.000
0.176
0.016
0.000
0.055
1.259
0.088
0.000
0.144
8.367
28.703
0.000
0.000
0.000
0.000
0.306
5.237
0.372
0.128
2.789
0.000
0.007
0.096
0.036
0.000
1.555
4.481
8.609
0.043
1.213
4.413
0.008
0.000
1.538
5.343
0.365
0.358
0.000
0.000
0.000
0.000
0.035
24.754
0.232
0.280
2.832
10.474
9.129
0.113
0.018
0.004
0.044
0.000
0.056
0.403
0.011
0.000
0.000
0.000
0.000
0.000
0.000
0.000
0.000
0.008
0.346
8.637
0.157
2.353
6.827
0.513
0.000
0.000
0.000
0.000
0.000
0.000
0.000
1.293
4.017
0.000
0.002
0.127
1.450
0.262
2.332
0.000
0.000
8.827
28.897
4.024
0.887
0.384
10.212
6.918
0.000
0.000
1.235
0.000
0.412
1.584
0.022
10.540
2.345
1.070
0.000
0.094
1.813
16.456
10.568
0.000
0.328
8.273
1.986
0.000
0.000
6.647
21.196
14.182
0.000
0.050
0.468
1.141
0.000
0.053
0.000
0.370
3.137
0.000
0.020
0.000
0.550
5.075
0.370
0.180
0.000
0.000
0.000
0.000
0.000
0.000
0.855
2.242
1.210
0.200
0.000
0.000
0.019
0.000
0.000
0.016
0.000
0.080
0.197
0.000
0.038
0.744
1.947
0.027
0.000
0.000
0.634
2.352
0.000
0.002
0.000
0.001
0.538
1.479
0.028
0.000
0.000
8.618
8.833
6.704
7.955
0.006
0.000
0.000
0.000
0.000
0.000
0.000
0.000
0.000
0.000
0.025
0.012
0.000
0.000
0.000
0.000
0.000
0.000
0.000
0.000
0.000
0.000
0.000
0.000
0.000
0.015
11.449
11.084
2.091
0.542
0.000
0.392
0.000
0.000
0.000
0.008
1.290
0.005
0.569
2.901
1.019
1.777
2.743
2.595
0.019
0.137
0.000
0.000
0.000
0.011
0.000
0.000
0.000
0.000
0.000
0.000
0.000
0.126
0.000
0.000
0.000
0.000
0.000
0.000
0.000
0.000
0.000
0.000
0.003
0.185
0.000
0.389
4.225
10.409
9.360
3.587
0.075
0.061
0.000
0.000
0.000
0.000
0.000
0.000
0.000
0.000
0.000
0.000
0.000
0.015
0.000
0.000
0.000
0.000
0.000
0.000
0.488
2.083
0.380
0.000
0.000
0.000
0.000
0.000
0.000
0.000
13.480
0.508
0.162
0.000
0.000
0.000
0.000
0.000
0.000
0.000
0.004
0.982
6.804
0.104
0.000
0.015
2.264
5.476
4.201
0.399
0.064
0.067
0.394
2.051
3.426
7.770
0.431
0.143
26.404
11.434
5.371
2.222
0.005
0.000
0.000
0.000
0.000
0.000
0.000
0.638
8.608
4.118
0.167
0.054
0.000
0.000
0.000
0.007
0.096
2.829
0.002
0.000
14.191
0.000
3.207
0.755
3.510
6.212
1.564
7.159
10.382
4.545
0.388
8.572
12.878
0.008
13.880
0.000
0.010
0.761
0.149
1.089
2.411
1.405
13.945
1.646
0.563
0.000
0.000
0.000
0.000
0.000
27.619
0.057
2.193
9.754
0.012
0.253
1.622
6.945
0.081
0.000
2.993
17.684
0.000
0.000
22.361
0.021
0.233
0.235
0.049
9.971
3.276
0.685
0.091
4.766
30.877
0.003
0.010
0.999
0.130
22.684
0.091
0.000
0.000
0.000
0.982
8.496
0.372
0.000
7.335
0.156
35.811
3.275
1.162
0.003
0.000
0.000
4.098
16.127
0.040
0.002
0.000
13.406
0.000
0.000
0.000
0.000
0.000
0.000
27.094
0.012
19.086
4.516
0.006
0.000
0.020
42.820
0.511
0.037
5.723
12.540
0.000
0.000
0.346
0.558
19.190
1.271
0.397
0.092
0.000
0.000
0.000
0.351
13.796
1.657
1.217
0.138
0.000
0.000
0.000
0.086
0.229
0.000
0.000
0.000
0.000
0.000
0.000
0.032
0.138
0.000
0.000
0.000
0.000
0.000
0.000
0.004
0.022
0.000
0.000
0.000
0.001
2.988
21.632
8.621
21.324
22.819
1.320
0.000
0.000
0.000
0.000
0.000
0.000
0.000
0.000
0.000
0.000
0.000
0.000
0.076
6.594
0.000
0.323
1.729
0.051
0.024
0.000
0.000
0.000
0.000
0.004
0.695
1.239
0.100
1.720
0.004
0.000
0.000
0.637
10.731
0.639
0.000
0.042
4.981
0.042
0.132
0.000
0.000
0.000
0.000
0.596
0.027
0.000
0.000
0.000
0.770
0.203
0.035
0.000
0.375
6.935
0.752
0.000
5.806
0.023
0.021
0.230
0.000
0.000
4.585
15.482
2.182
0.048
0.297
0.156
0.350
0.202
1.064
0.117
0.459
0.715
2.433
0.629
0.000
0.979
2.663
0.040
0.982
0.000
0.000
0.178
0.532
0.687
0.000
0.001
0.014
0.000
0.675
0.431
0.000
0.873
3.828
1.813
0.000
0.000
0.000
0.000
0.000
0.527
0.000
0.000
0.000
0.000
0.000
0.000
0.000
0.000
0.000
0.000
0.000
0.000
0.000
8.957
1.258
0.000
0.016
0.172
0.091
0.910
0.024
0.000
0.000
0.000
0.000
0.000
0.166
3.044
0.000
0.000
0.000
0.000
2.654
0.000
0.000
0.076
0.000
0.000
0.008
0.014
1.060
0.815
5.857
16.707
0.587
0.000
0.000
0.000
0.000
0.000
0.000
0.110
1.721
0.409
1.588
0.138
0.000
0.000
0.000
0.000
0.000
3.678
2.886
0.000
0.891
0.000
0.020
3.633
0.076
0.081
0.000
0.694
0.395
1.051
12.761
0.000
0.000
1.393
5.309
4.393
0.000
9.102
4.650
0.003
0.000
0.000
8.847
0.484
0.508
2.685
17.492
0.948
0.392
0.000
0.386
0.646
1.682
0.055
0.000
0.000
0.000
0.055
16.350
16.352
17.176
0.002
0.000
0.077
0.052
15.563
0.000
6.534
23.408
0.088
0.005
1.340
0.154
0.000
0.000
0.000
0.000
0.000
0.072
4.232
0.000
0.293
1.146
13.470
11.871
0.270
5.668
0.449
0.000
4.214
17.797
5.952
0.009
0.000
0.000
1.236
0.247
0.000
0.000
0.000
5.724
0.000
0.000
10.063
0.000
0.132
0.000
3.441
0.611
18.464
0.000
0.000
11.428
32.980
29.810
0.000
0.763
3.519
3.552
0.000
3.571
25.943
4.514
0.055
0.000
29.195
0.006
0.000
1.675
9.575
12.220
21.577
1.055
0.000
0.000
0.600
52.701
0.000
0.078
0.010
0.000
0.005
11.316
0.355
0.485
3.755
12.411
0.000
0.651
0.338
1.843
0.000
13.809
0.000
0.000
0.000
0.000
0.002
0.000
0.000
5.101
1.275
1.720
0.012
0.000
0.198
0.000
0.000
0.000
0.000
0.000
0.000
0.000
0.000
0.000
0.000
0.000
0.163
3.485
6.089
1.791
7.733
0.274
0.000
0.000
0.000
0.000
0.000
0.000
0.025
0.823
0.000
0.000
0.000
0.000
0.000
0.000
0.000
14.076
2.527
0.662
2.894
6.870
2.015
1.016
0.000
0.002
0.000
0.000
0.000
0.000
0.000
0.001
1.860
2.257
0.412
2.271
0.250
0.012
0.000
0.544
0.689
0.015
0.012
0.000
0.000
0.083
0.238
0.000
0.000
0.000
0.000
0.000
0.000
0.000
0.000
0.755
0.042
0.000
0.000
0.469
2.526
0.016
0.000
0.000
0.000
0.000
0.013
0.001
0.000
0.000
0.000
0.000
0.000
0.000
0.000
0.000
0.004
0.000
0.000
0.000
0.000
0.000
0.000
0.142
0.096
0.185
0.005
0.000
0.000
0.000
0.000
0.000
0.013
0.004
0.087
0.000
0.000
0.000
0.083
0.860
2.747
2.032
0.001
0.000
0.000
0.000
0.000
0.000
0.000
0.000
0.000
0.312
1.178
0.286
0.242
0.501
0.528
0.000
0.000
0.000
0.446
0.308
0.000
0.761
1.432
0.188
0.389
0.007
1.104
0.989
0.022
0.014
0.000
0.000
0.000
0.000
0.000
0.000
0.000
0.000
0.000
0.000
0.000
0.000
0.000
0.000
0.015
0.587
0.003
0.000
0.000
0.000
0.309
3.877
0.007
0.000
0.120
0.000
0.462
0.913
0.000
9.818
0.435
0.000
1.354
0.000
0.006
0.000
0.000
0.000
0.025
0.000
0.000
0.393
0.569
0.000
0.000
0.000
0.000
0.000
0.284
17.778
0.709
0.360
1.738
0.531
0.000
0.293
0.479
0.000
0.094
5.156
0.000
0.000
0.000
4.037
0.128
0.000
0.000
0.000
0.034
0.000
0.000
0.000
0.000
0.004
8.247
8.177
45.174
0.061
4.767
0.380
0.000
3.192
16.604
0.010
0.005
1.292
0.000
0.103
2.251
0.614
0.025
20.595
3.990
8.024
1.650
0.870
8.260
1.636
3.739
3.422
0.000
0.000
0.007
0.000
0.000
0.000
0.000
0.000
0.014
11.848
16.936
2.582
0.000
7.487
33.519
7.401
0.207
22.117
7.255
0.193
0.085
0.000
0.000
0.000
0.000
0.000
0.000
0.000
0.353
1.365
0.000
0.293
8.246
0.000
0.049
23.482
2.848
0.000
0.472
11.492
12.390
46.072
10.104
0.087
0.413
0.084
0.000
0.000
0.000
0.052
0.000
0.000
0.000
0.290
2.950
0.000
0.335
7.349
2.762
0.000
1.277
0.000
0.000
0.000
1.721
2.398
0.000
0.000
0.953
6.297
10.411
0.000
6.663
0.024
0.029
2.839
36.469
5.393
0.818
0.012
1.726
0.001
0.000
0.061
0.128
0.094
14.482
0.042
0.023
0.000
4.337
4.833
0.004
0.000
0.011
0.017
0.000
0.005
1.721
0.000
0.000
0.220
0.000
0.000
0.156
0.175
0.885
0.008
1.282
0.045
0.092
1.473
0.065
0.093
0.000
0.000
0.000
0.000
0.774
0.098
1.184
0.000
0.083
0.000
0.000
0.017
0.000
0.000
0.000
0.007
0.794
0.072
0.045
0.104
0.739
0.275
0.000
0.000
0.000
0.000
0.000
0.000
0.000
0.000
0.002
0.000
0.000
0.000
0.000
0.000
0.000
0.020
0.111
0.231
0.337
0.000
0.000
0.000
0.000
0.131
1.760
4.044
11.619
1.684
0.003
0.239
3.145
2.389
2.750
0.569
0.000
0.387
0.195
0.000
0.001
0.000
0.000
0.000
0.000
0.190
6.361
0.000
0.000
0.080
3.120
10.755
0.300
0.000
0.000
0.000
0.000
0.000
0.000
0.000
0.000
0.000
0.229
2.582
0.000
0.000
0.000
0.000
0.000
0.000
0.000
0.000
0.000
0.000
0.001
0.000
0.000
0.003
0.767
6.698
6.661
0.220
0.000
0.138
0.000
3.969
12.996
0.000
0.000
0.000
0.000
0.000
0.000
0.000
0.129
0.028
0.011
0.026
2.022
0.067
0.000
0.012
0.000
0.115
0.024
0.004
0.000
0.000
0.000
0.000
0.000
0.000
7.806
2.008
0.012
0.017
0.089
0.068
0.023
0.862
0.000
0.000
0.000
0.000
0.000
0.000
0.000
0.000
0.012
1.212
3.602
0.000
0.000
0.000
0.911
1.082
0.235
0.628
0.053
0.458
0.000
0.000
1.295
17.139
0.006
0.001
5.511
0.000
0.000
0.000
0.000
0.000
0.000
0.000
0.909
1.470
0.000
0.000
0.000
0.000
0.000
0.000
0.000
0.000
1.096
7.747
0.892
0.000
0.000
14.412
16.447
0.000
0.000
0.000
3.684
3.240
6.414
0.000
8.622
0.000
0.000
0.000
0.000
0.000
0.017
0.288
0.000
0.000
0.000
0.058
3.051
0.000
0.000
0.000
0.000
0.000
0.012
0.255
1.975
3.772
0.000
0.001
7.259
6.635
2.199
0.150
10.778
0.137
0.000
5.792
13.145
0.000
0.899
3.288
3.620
0.000
0.553
0.013
0.000
0.011
0.312
0.308
0.002
0.000
0.081
1.653
1.295
0.000
0.009
0.120
5.949
0.054
0.128
0.000
0.013
0.024
0.090
0.000
0.000
33.458
12.550
17.494
11.189
6.930
2.988
0.091
6.638
0.000
0.000
0.000
0.369
7.465
12.184
0.125
0.237
0.000
6.380
17.199
2.040
0.018
0.000
3.643
9.750
0.016
0.711
0.127
0.056
0.000
0.000
0.000
0.194
0.054
13.355
65.682
8.383
11.353
0.104
0.000
0.203
0.000
0.000
1.542
0.000
0.000
0.000
0.000
0.000
0.000
0.276
1.043
0.100
6.709
4.840
0.000
0.043
4.974
17.703
31.384
0.963
0.074
0.000
0.014
6.096
0.005
0.036
0.000
0.000
10.789
1.018
0.049
0.000
0.069
0.717
0.000
0.000
0.000
0.000
0.000
2.987
0.215
10.953
0.000
0.000
0.000
0.000
0.000
0.000
0.000
0.000
0.000
0.000
0.000
0.009
0.000
0.000
0.000
0.000
0.000
0.607
0.058
0.251
0.000
0.001
1.286
0.175
8.620
0.112
0.000
0.000
0.000
0.000
0.000
13.255
39.008
3.613
0.000
0.000
0.000
0.000
33.742
0.041
0.000
0.200
2.605
7.795
1.204
0.101
0.000
0.000
0.126
0.040
2.822
5.522
8.585
0.004
0.000
0.000
13.716
6.730
6.681
8.203
1.439
0.000
0.000
0.000
0.000
10.985
1.363
0.000
35.545
4.206
0.000
6.313
1.929
1.965
4.807
0.000
0.009
0.000
0.000
0.000
0.000
0.000
0.109
1.683
1.834
0.048
0.000
0.000
0.105
0.654
0.055
0.018
0.000
0.416
0.000
0.000
0.000
0.000
0.000
0.000
0.011
0.464
0.000
0.000
0.000
0.000
0.111
0.000
0.000
0.000
0.000
0.000
0.000
0.000
0.000
0.000
1.149
10.470
6.966
8.055
0.000
0.000
0.089
1.050
0.941
0.004
0.202
0.027
1.212
0.337
0.488
1.154
0.000
0.042
3.006
0.050
0.780
0.711
0.088
1.625
0.081
0.267
0.000
0.000
0.005
0.597
0.000
0.000
0.000
0.005
0.000
0.000
0.000
0.000
0.000
0.000
0.000
0.210
0.135
4.043
0.167
0.772
0.635
5.855
0.000
0.057
0.013
1.135
0.000
0.101
0.827
3.948
0.123
0.000
0.000
0.385
0.057
0.013
0.000
0.000
0.000
0.000
0.038
0.000
0.000
0.000
0.000
0.000
0.496
0.910
0.031
0.000
0.000
3.610
0.936
0.000
0.082
5.262
0.000
0.000
0.000
0.000
0.000
0.000
0.000
0.000
0.000
0.000
0.108
0.000
0.000
0.447
0.000
0.000
0.000
0.008
0.000
0.000
0.000
0.000
0.000
0.094
5.099
0.946
0.000
0.451
0.378
0.000
0.075
0.022
0.000
0.809
7.353
0.000
0.000
0.009
8.064
0.000
0.003
1.629
0.000
0.000
0.706
0.000
0.000
0.000
2.586
5.231
0.003
0.000
0.000
2.002
6.386
0.000
1.031
0.119
0.000
0.000
0.180
13.044
12.216
0.541
11.950
20.142
16.945
2.492
2.278
0.063
0.000
0.000
0.196
0.000
2.685
12.458
9.283
2.082
2.963
13.948
7.827
0.578
0.000
0.000
0.000
0.000
4.031
12.257
0.000
0.000
0.075
0.052
0.000
4.261
20.273
3.547
0.000
0.000
37.465
18.410
5.131
0.167
0.000
0.000
41.340
8.264
0.119
0.084
0.000
0.000
19.394
0.000
2.514
18.324
23.024
2.624
0.000
11.545
8.656
3.487
0.036
0.002
0.000
0.000
0.000
4.053
8.216
5.377
2.689
4.543
2.143
0.182
0.000
0.000
21.780
0.306
3.521
0.000
0.000
54.843
0.022
0.511
0.459
0.000
0.000
0.000
0.000
0.015
0.011
0.141
13.084
0.000
0.013
7.309
0.145
0.570
2.704
0.002
0.000
0.000
0.137
0.491
1.541
0.786
0.000
0.000
0.000
0.000
0.000
18.509
8.627
0.000
0.000
0.000
0.007
0.000
6.243
3.308
4.481
0.000
18.713
0.581
0.001
23.026
0.470
0.000
3.788
0.003
13.743
5.803
0.281
1.136
4.063
0.073
27.123
0.166
0.000
0.000
0.000
0.112
14.092
0.047
0.071
0.377
0.000
0.000
0.000
0.139
0.072
0.019
2.011
4.994
0.000
0.000
0.445
0.115
0.000
0.000
0.181
4.010
0.001
0.342
0.296
1.109
0.675
0.000
0.144
0.000
0.000
0.000
0.000
0.000
0.000
7.997
0.295
0.000
0.000
0.000
0.000
0.000
0.000
0.042
0.078
3.262
0.000
0.000
0.000
0.995
4.035
0.185
0.253
0.000
0.000
0.000
0.074
1.491
0.472
8.149
0.033
1.186
0.016
5.843
11.996
0.048
0.014
0.000
0.000
0.000
0.005
0.011
0.205
0.041
0.019
0.000
0.000
0.093
0.239
0.302
0.318
2.125
0.000
0.000
0.000
0.000
0.000
0.000
0.000
0.000
0.000
0.553
0.011
0.000
0.000
0.000
0.036
0.000
0.584
5.046
0.000
0.000
0.000
0.000
0.000
1.021
3.174
0.000
0.000
0.582
0.000
0.000
0.000
0.000
0.000
0.354
0.000
0.000
0.022
0.000
0.011
0.000
0.039
1.075
0.031
0.000
0.399
0.000
0.000
0.028
0.000
0.430
0.004
0.240
0.038
0.408
0.000
0.000
0.000
0.185
0.000
0.000
0.000
0.000
0.000
0.000
0.000
0.000
0.321
1.244
0.000
0.000
0.000
0.000
0.010
0.479
6.308
0.000
0.000
0.000
0.212
0.413
0.000
0.012
0.000
1.064
0.006
0.000
0.000
0.012
0.014
0.000
0.000
0.000
0.077
0.000
7.592
1.577
0.000
0.000
0.000
0.000
0.000
0.000
0.000
0.000
0.000
0.000
0.000
0.000
0.077
0.000
0.000
0.000
0.017
0.000
0.131
0.000
0.612
0.000
0.000
0.009
1.819
1.661
0.002
0.000
0.000
0.000
0.008
0.029
0.970
0.852
0.918
0.386
0.042
0.000
0.000
0.000
0.000
0.000
0.000
0.000
0.442
9.199
0.344
0.097
0.157
0.089
4.731
3.799
0.064
0.015
0.064
0.037
0.023
3.375
0.012
2.164
0.081
0.002
0.239
12.166
7.580
0.740
3.144
23.749
6.112
1.570
3.782
7.874
7.208
29.676
22.430
0.126
0.000
0.000
0.000
0.000
2.706
23.256
11.018
0.000
0.406
3.137
1.883
0.000
0.000
0.000
0.982
0.712
0.109
2.818
18.649
3.029
0.000
0.000
0.000
0.000
0.000
0.000
0.202
3.827
17.195
0.017
1.720
19.366
1.071
6.699
0.200
0.332
1.533
0.789
3.781
5.112
0.000
0.131
0.463
0.000
0.000
0.000
0.684
10.365
2.299
0.000
0.000
0.000
0.000
5.138
27.550
3.211
9.065
11.978
1.408
1.779
0.000
0.025
0.231
1.130
0.399
12.102
0.288
0.023
0.472
11.922
0.893
0.000
0.000
0.000
0.310
1.976
0.000
0.000
14.018
31.716
0.178
1.534
0.774
0.066
1.005
8.511
0.001
0.036
27.254
0.147
1.926
29.510
3.077
0.052
1.400
5.331
0.069
0.000
0.000
0.000
0.000
0.000
0.000
0.000
0.000
0.028
0.000
0.290
11.311
14.611
0.876
0.102
0.033
0.026
0.008
0.000
0.000
0.000
0.068
1.089
0.063
0.028
0.001
0.000
0.000
0.605
12.648
4.951
0.785
0.000
0.000
0.000
0.014
0.885
0.000
0.000
0.000
0.000
0.015
0.511
0.988
10.578
0.000
0.002
0.075
0.419
0.832
0.000
0.000
0.000
0.000
0.000
0.001
0.127
0.000
0.000
10.092
14.688
0.066
1.959
0.066
9.476
7.337
0.153
0.582
0.008
0.009
0.000
0.067
2.579
1.432
0.231
0.000
0.000
0.000
0.000
0.000
0.133
0.000
0.000
0.372
11.204
19.749
13.461
0.296
0.000
0.000
0.000
0.000
0.000
0.000
0.000
0.000
0.000
0.000
9.064
1.971
0.000
0.000
0.000
0.000
0.000
0.000
0.000
0.875
5.159
0.000
0.128
0.086
0.095
4.194
5.232
0.071
0.000
0.000
0.000
0.000
0.000
0.000
0.000
2.912
2.690
0.073
0.000
0.052
0.014
0.000
0.000
0.000
0.000
0.000
0.032
0.463
0.486
0.000
0.000
0.028
0.652
0.114
0.028
0.068
0.000
0.000
0.000
0.058
0.928
0.000
0.000
0.000
0.000
4.463
3.919
0.001
0.000
0.015
0.268
0.000
0.000
0.196
1.676
0.906
0.044
0.000
0.860
1.415
0.000
0.005
0.000
0.044
0.000
0.801
1.968
0.000
0.000
0.032
0.794
2.482
0.000
0.000
0.010
0.000
0.000
0.000
0.000
0.000
0.000
0.000
0.000
0.000
0.000
0.539
0.000
0.000
0.001
0.075
3.872
0.000
0.018
5.388
2.227
4.540
0.238
0.269
0.311
0.278
0.000
0.000
0.000
0.000
0.000
0.000
2.444
0.715
0.000
0.000
8.631
3.512
2.257
0.034
0.000
0.048
0.000
0.082
0.466
0.280
0.024
0.000
0.008
0.185
0.502
0.000
0.000
0.870
0.000
0.947
11.271
2.585
0.000
0.000
0.029
19.501
24.478
3.636
0.000
1.449
0.075
0.012
0.000
0.000
0.000
0.000
0.000
0.000
0.000
0.000
0.044
7.174
4.207
9.367
0.473
0.000
0.000
0.000
0.000
0.000
0.000
0.000
0.000
0.000
3.346
0.363
5.245
7.149
0.016
6.883
2.695
0.259
12.477
1.349
0.330
0.002
8.933
0.850
2.635
1.079
0.000
0.107
0.000
0.484
0.309
14.184
0.000
15.672
0.479
0.000
21.137
0.000
1.894
0.000
0.857
0.282
0.000
0.009
4.547
0.028
0.000
0.000
0.338
0.487
0.000
0.000
0.000
0.612
1.641
0.734
3.424
0.000
51.945
38.844
42.147
0.010
0.915
9.434
0.000
11.294
0.009
0.292
0.000
21.213
0.483
0.234
8.262
0.000
0.000
14.477
4.710
0.000
0.000
0.000
0.006
0.595
0.180
12.002
0.031
0.000
0.000
0.000
0.000
19.574
35.647
0.088
0.326
2.597
0.164
2.293
9.972
0.779
9.572
0.857
2.384
0.016
0.000
0.000
0.000
0.000
0.259
0.568
32.321
0.376
0.000
0.000
0.000
0.000
0.000
21.437
0.777
0.359
12.899
0.072
0.262
0.000
0.000
0.031
0.000
0.006
6.038
8.549
0.000
0.185
0.009
0.622
0.660
0.856
5.462
13.371
0.997
0.000
0.295
0.000
0.002
0.002
0.000
0.000
1.554
15.213
0.004
5.966
0.000
0.024
0.000
0.436
1.187
0.052
0.000
0.000
0.000
0.309
2.671
1.989
0.000
0.000
0.000
0.000
0.000
0.012
22.749
0.821
0.101
0.000
0.181
0.006
0.051
0.000
0.000
0.000
0.000
0.000
0.000
0.000
0.000
0.000
0.000
0.000
0.000
0.000
0.000
0.000
0.000
8.467
24.042
0.000
0.000
0.799
1.968
0.047
0.836
0.000
0.000
14.320
4.175
2.668
0.469
0.000
0.000
2.144
0.218
0.658
3.031
0.808
0.000
0.018
2.566
1.184
1.259
0.000
0.006
1.148
4.994
0.000
0.000
0.000
0.000
0.000
0.000
0.000
0.467
18.037
3.854
0.218
0.240
0.000
0.000
0.000
2.400
4.774
0.000
0.000
0.000
0.000
0.241
2.294
2.249
5.254
0.367
0.000
0.000
0.000
0.000
0.000
0.000
0.000
1.778
0.634
0.465
0.000
0.000
0.000
0.000
0.000
0.000
0.000
0.206
0.655
0.660
0.000
0.000
0.000
0.000
0.000
0.394
1.368
0.000
0.000
0.000
1.277
0.000
0.000
0.000
0.000
0.000
0.000
0.000
0.840
6.569
0.000
3.430
0.000
0.000
0.969
0.000
0.104
0.221
0.000
0.000
0.000
0.000
0.067
2.051
0.117
0.001
0.000
0.000
0.000
1.899
0.000
0.000
0.000
0.058
0.000
0.000
0.000
0.000
0.000
0.033
0.804
0.000
0.000
0.000
0.000
0.000
0.000
0.000
0.000
0.000
0.210
0.000
0.000
0.047
0.000
0.000
0.764
13.443
0.000
0.241
0.000
0.000
0.448
2.266
0.142
20.515
5.286
12.447
2.121
0.000
0.000
0.057
0.658
8.396
1.723
0.000
0.000
0.000
10.189
6.089
0.368
2.554
0.000
0.000
0.000
0.000
0.116
0.000
0.000
0.000
0.000
0.000
0.000
6.350
4.483
26.014
0.102
0.395
14.999
1.211
1.315
0.136
0.006
0.578
0.000
0.142
2.853
0.591
0.002
0.000
0.000
2.698
0.000
0.000
0.000
0.000
0.085
0.000
0.000
4.806
6.958
5.948
46.037
0.000
0.000
0.420
5.972
0.060
1.362
0.000
5.566
0.128
0.361
1.823
0.000
0.000
21.713
5.142
2.403
0.048
0.000
0.000
0.000
9.349
3.315
0.054
0.000
0.468
2.642
0.000
26.994
0.013
0.374
0.000
0.000
0.000
47.946
2.120
1.973
0.000
16.207
1.435
0.000
0.184
2.956
0.000
0.000
0.000
0.000
0.175
0.000
0.107
48.563
5.475
0.000
1.820
4.732
0.000
0.389
5.367
2.096
0.042
20.250
22.517
0.187
2.587
49.695
1.441
7.462
0.000
0.009
0.541
0.048
0.656
0.000
21.399
8.521
0.371
0.000
0.000
0.000
0.000
4.224
0.223
0.000
4.186
0.000
0.000
0.000
0.000
0.021
0.000
0.000
0.000
0.000
0.000
18.774
0.973
0.000
0.123
10.199
0.000
12.253
11.420
28.518
7.346
10.962
1.894
0.000
0.011
0.000
15.438
24.676
20.055
0.692
0.033
0.000
0.032
0.000
0.000
0.000
0.000
0.000
0.000
0.000
11.675
0.713
0.000
0.000
0.000
0.000
0.000
3.524
0.000
0.000
0.008
0.010
1.366
0.018
0.000
0.391
0.000
0.483
1.050
0.139
4.986
1.284
0.004
0.000
0.000
0.993
0.000
0.354
0.000
0.000
0.137
0.034
0.000
0.134
0.276
0.000
0.000
0.000
0.000
0.000
0.000
0.163
0.000
0.000
0.000
0.000
0.000
0.000
0.000
0.000
0.268
3.118
0.079
0.041
0.000
0.000
0.044
1.979
0.000
0.327
0.060
0.298
1.484
0.063
0.000
0.197
0.343
2.421
0.048
0.000
0.000
0.000
0.076
0.000
2.099
0.135
0.042
0.000
0.000
0.000
0.000
0.000
0.000
0.000
0.000
0.000
0.000
0.000
3.633
0.683
0.011
0.218
1.140
0.000
0.000
0.000
0.000
0.000
0.000
0.066
0.000
0.000
0.000
0.000
0.000
0.000
0.000
0.000
0.263
0.098
0.000
0.568
2.195
0.000
0.001
0.599
0.000
0.000
0.000
0.000
0.000
0.003
0.000
0.000
0.000
0.000
0.040
0.666
4.661
0.002
0.123
10.668
0.128
11.595
0.000
0.000
0.000
0.000
0.000
0.000
0.000
7.977
17.366
0.000
0.000
0.000
0.000
1.395
0.000
0.000
0.000
0.000
0.000
0.000
0.000
0.000
1.156
1.642
0.000
0.000
0.640
0.000
2.493
10.217
0.000
0.084
2.929
13.386
0.000
0.014
3.525
0.835
0.000
0.014
0.000
0.046
1.477
0.000
0.014
0.238
0.000
0.232
4.568
2.659
0.000
0.000
0.000
0.000
0.000
0.000
0.004
0.000
0.000
0.000
0.000
0.000
0.000
2.762
3.090
0.000
0.000
0.000
0.000
0.134
0.108
0.868
9.084
0.704
0.000
0.000
0.000
0.000
2.144
0.008
0.000
0.074
0.001
0.000
0.083
0.932
0.015
4.980
1.415
0.130
0.736
3.166
0.855
7.269
0.401
0.000
2.449
8.891
0.012
0.000
15.721
0.000
0.000
0.013
4.139
15.914
31.471
0.001
0.000
0.815
1.412
52.143
16.750
1.612
1.616
0.000
0.000
0.000
1.690
0.531
1.222
0.151
0.000
0.000
31.230
6.385
13.573
7.466
5.714
7.870
0.000
0.007
0.000
41.281
0.592
4.190
1.975
0.375
0.000
0.000
0.766
0.000
0.000
2.959
29.342
1.966
0.016
1.592
0.000
5.817
1.127
0.017
0.000
1.780
0.414
0.548
1.845
0.000
0.076
13.027
0.015
0.075
0.546
0.000
0.000
0.000
0.000
0.000
0.000
3.360
13.651
0.000
0.000
2.531
0.000
18.852
0.030
0.014
0.000
4.632
7.768
2.954
2.734
6.767
0.252
0.024
0.015
1.484
12.158
3.924
5.441
11.696
0.000
0.000
0.010
0.000
0.000
0.000
0.000
0.000
0.000
1.035
0.000
0.005
1.990
0.294
1.218
13.012
0.008
0.004
0.225
6.225
2.075
0.170
0.020
0.024
0.395
0.515
1.086
0.630
0.889
11.318
1.810
0.194
6.013
8.027
29.270
8.112
0.115
0.000
0.000
0.000
0.000
0.000
0.000
0.000
0.000
0.000
0.000
0.000
0.000
1.681
14.355
7.992
6.296
0.002
0.078
0.000
0.000
0.387
0.002
0.030
0.503
9.833
2.861
0.140
0.713
0.339
2.502
0.141
0.000
0.054
0.000
0.083
0.016
0.057
0.392
0.000
0.000
0.000
0.000
0.000
0.000
0.000
0.000
0.001
0.771
0.000
0.000
0.001
0.000
0.032
0.000
0.000
0.000
0.000
0.000
0.000
0.000
0.000
0.326
0.024
0.000
0.000
0.000
0.000
0.000
0.000
0.000
0.428
0.375
0.000
0.000
0.000
13.499
16.689
0.000
0.000
12.014
0.032
0.000
0.021
0.000
0.000
0.000
1.358
0.002
0.000
0.000
0.000
0.000
0.000
0.000
0.000
0.000
0.000
0.000
0.000
0.000
0.145
1.985
0.130
0.034
0.000
0.533
0.153
5.945
0.057
0.000
0.000
0.000
0.000
0.000
1.042
0.000
1.193
4.308
6.198
0.014
0.000
3.150
4.383
1.253
0.000
1.548
0.000
0.000
0.000
0.000
2.063
10.439
0.000
1.156
0.022
0.226
0.000
4.340
0.000
0.068
5.737
0.000
0.000
0.012
0.000
0.000
0.000
0.096
13.355
0.000
0.003
0.027
28.094
1.389
0.000
0.015
0.000
0.000
0.000
0.000
0.000
0.000
0.000
0.000
0.000
0.000
0.000
0.000
0.000
0.000
0.038
0.000
0.349
0.000
0.000
0.637
12.483
8.517
0.000
0.000
2.674
17.671
3.160
0.000
0.000
0.000
0.717
6.140
0.094
0.000
1.723
1.360
0.002
0.000
0.000
0.000
0.000
0.000
8.228
0.992
2.977
1.709
0.198
3.971
0.310
0.003
0.014
2.627
17.323
0.000
0.000
0.006
0.000
0.000
0.079
4.142
0.000
24.139
6.261
10.365
0.000
11.995
16.763
0.055
3.578
0.049
0.015
0.010
0.000
0.000
0.000
0.203
0.000
0.000
0.000
18.819
0.412
0.000
0.000
6.718
0.219
0.014
3.197
0.088
2.956
0.418
4.208
2.946
0.000
0.000
2.651
10.419
0.206
2.118
11.743
1.854
2.719
0.009
22.140
0.000
0.328
8.916
1.844
0.027
2.200
0.186
4.488
0.000
0.000
9.723
3.503
2.793
0.096
0.000
0.002
10.757
9.530
0.567
7.641
1.750
7.408
3.808
0.055
0.000
0.000
0.000
1.031
0.127
0.000
34.493
0.000
0.000
0.000
0.007
0.877
0.000
0.278
8.993
0.000
0.000
0.000
1.066
2.401
0.000
1.833
10.361
0.000
5.639
0.000
20.400
0.000
2.875
7.728
0.000
0.000
0.000
0.031
5.797
17.251
3.590
0.000
0.000
0.000
0.273
0.136
26.607
0.000
0.000
0.000
0.002
8.877
0.091
32.014
3.608
17.405
26.779
0.003
0.036
0.026
9.221
13.817
0.000
0.012
2.076
3.661
0.000
0.000
0.000
0.126
3.033
0.065
0.755
48.963
2.250
0.658
10.419
0.014
22.320
3.515
0.035
0.000
0.000
2.758
14.140
4.026
4.415
0.007
0.002
0.014
0.000
0.000
0.000
0.000
7.129
33.039
0.008
0.000
0.000
0.000
0.000
0.000
0.003
0.000
0.000
0.000
0.037
0.000
0.008
0.200
0.000
0.000
0.000
0.001
0.671
0.169
0.000
0.703
0.434
0.000
0.033
0.847
0.000
2.766
0.000
0.794
0.000
0.000
0.000
0.000
0.000
5.360
0.024
0.370
3.277
15.301
0.471
0.000
0.000
0.000
0.000
0.000
0.000
6.253
0.000
0.000
2.979
0.574
0.330
0.000
0.000
0.000
0.000
0.000
0.000
0.000
0.000
0.000
0.000
0.000
1.975
0.863
1.019
24.688
7.365
1.429
0.000
0.022
0.170
0.161
0.000
0.000
0.000
0.000
0.000
0.000
0.000
0.000
0.000
1.770
2.819
2.371
0.201
9.401
0.720
0.674
0.000
0.000
0.051
1.455
0.083
0.000
0.044
0.000
0.001
0.000
1.050
0.000
0.000
0.000
0.000
0.000
0.049
1.524
0.045
0.000
0.000
0.000
0.017
0.220
0.000
0.000
0.000
0.000
0.002
0.000
0.000
0.000
0.000
0.000
0.000
0.000
0.000
0.000
0.019
0.000
0.000
0.000
0.000
0.000
0.042
0.017
0.000
0.000
0.000
0.000
0.224
0.246
2.660
0.000
0.000
0.000
0.000
1.889
1.022
0.012
0.039
0.864
0.000
0.000
0.039
0.000
0.000
0.580
2.136
0.014
0.000
0.000
9.709
8.373
0.202
0.000
0.484
5.836
0.018
0.433
0.247
0.000
0.000
0.000
0.387
0.156
0.000
0.000
0.000
0.000
0.000
0.036
0.000
0.001
0.027
0.460
0.347
3.609
8.593
7.433
0.000
0.068
1.284
0.001
0.000
2.229
1.118
0.001
0.000
0.154
4.702
0.000
0.001
0.046
2.983
0.033
0.000
0.801
0.005
0.000
0.000
0.000
0.000
0.000
0.717
0.351
3.501
4.719
0.634
0.000
0.000
0.000
0.325
0.659
3.825
0.077
0.126
0.352
6.264
1.191
0.792
12.320
0.000
0.000
0.000
0.000
0.053
0.011
0.000
11.168
8.783
0.353
6.063
0.101
0.000
1.390
0.228
1.450
0.000
0.000
8.229
23.576
7.357
1.926
0.000
0.000
0.000
0.163
0.069
48.308
12.159
0.000
0.000
7.224
0.000
4.910
1.887
0.055
1.617
64.252
1.269
0.000
12.700
0.000
0.000
0.015
3.611
10.048
0.004
0.033
0.000
0.000
0.000
0.063
0.043
0.000
0.000
0.000
0.000
0.353
1.792
5.963
0.346
0.000
1.135
22.320
72.781
22.465
0.000
0.006
0.000
0.000
0.030
0.000
1.268
5.155
5.950
0.263
0.048
1.141
13.741
1.330
0.000
17.841
0.000
0.008
1.767
0.000
0.103
0.000
0.000
0.087
0.000
0.000
0.072
16.309
0.756
0.000
0.000
0.000
0.000
0.000
0.000
0.000
0.051
0.000
0.000
21.247
0.079
0.002
0.676
1.468
0.814
0.332
1.893
0.017
0.492
0.010
0.000
0.000
0.000
0.000
0.000
0.000
0.000
19.060
0.000
0.848
0.608
0.153
1.292
1.360
0.108
0.825
11.407
8.274
8.155
0.000
0.554
0.467
0.000
0.000
0.000
0.032
0.012
0.000
0.000
0.000
0.000
0.000
0.000
0.000
0.000
12.125
12.044
10.114
0.034
0.152
0.000
0.000
1.022
0.358
0.000
0.000
0.464
0.000
3.464
0.147
0.774
0.678
0.000
0.000
0.000
0.000
0.000
0.000
0.000
0.000
0.000
0.000
0.000
0.000
0.000
0.000
0.000
0.000
0.003
0.221
0.548
0.000
0.000
0.000
0.630
0.323
0.019
1.450
0.078
0.036
3.892
0.073
0.000
0.508
1.342
0.567
7.596
0.006
