19810101
0.000
0.008
0.076
0.038
0.010
0.000
0.000
0.000
0.081
0.000
0.000
0.000
0.000
1.200
0.000
0.000
0.000
0.000
0.000
0.000
0.000
0.000
0.000
0.000
0.000
0.954
0.000
0.000
0.000
0.000
0.000
4.026
0.017
0.055
0.000
0.000
0.100
1.130
1.352
0.484
0.000
0.051
0.000
0.055
0.000
0.000
0.000
0.000
0.128
0.025
0.000
0.107
1.009
0.000
0.000
0.000
0.000
0.093
4.303
0.000
0.000
0.398
0.000
0.000
0.000
0.000
0.000
0.000
0.539
0.029
0.000
0.017
0.000
0.000
0.000
0.000
0.000
0.000
0.000
0.000
0.000
0.000
0.000
0.666
8.731
0.000
1.655
5.490
12.218
1.246
4.549
0.000
0.908
1.504
0.000
0.000
0.626
0.000
0.000
4.857
0.000
0.000
8.917
0.644
0.000
0.320
0.938
0.000
0.038
0.000
0.000
5.949
12.904
0.282
0.188
0.735
5.673
4.967
5.172
4.729
2.507
0.040
1.149
0.000
0.397
0.000
0.000
0.000
5.180
0.000
0.000
0.000
0.000
0.000
0.000
0.000
0.000
0.000
0.000
0.000
0.000
2.688
3.482
22.242
6.620
3.292
0.035
0.005
2.071
0.434
0.000
5.180
2.193
13.669
0.000
6.792
1.166
2.307
0.427
0.003
5.825
0.482
0.020
16.478
17.913
7.621
2.243
0.000
2.657
0.002
4.823
2.597
24.427
1.456
12.207
0.904
0.073
0.228
24.939
17.068
0.000
0.000
0.000
4.277
0.000
0.000
0.000
0.000
0.000
0.000
0.000
21.837
0.289
0.635
22.477
7.039
0.135
1.939
0.000
0.000
6.077
2.702
0.000
5.733
0.720
7.779
0.000
0.000
0.000
0.000
0.000
19.086
0.139
0.228
13.724
22.570
0.000
18.585
6.870
0.310
4.618
0.125
0.000
0.000
0.000
0.000
0.000
0.000
0.000
0.000
0.000
0.000
9.324
10.335
0.188
7.253
11.426
4.273
0.068
0.000
0.000
0.000
1.219
23.271
0.000
0.000
0.000
0.000
0.000
27.952
0.051
0.000
0.000
0.011
0.000
0.000
0.000
0.016
0.109
0.000
0.000
0.000
0.000
0.099
0.000
0.115
0.720
1.718
4.604
8.703
1.615
2.177
1.532
12.485
1.299
0.000
30.289
2.425
10.575
0.000
0.000
0.000
5.609
0.000
1.380
6.149
5.039
0.000
0.000
14.009
9.304
0.000
1.313
0.856
0.645
0.852
0.238
0.744
0.099
0.000
0.041
0.000
0.016
0.863
0.000
0.000
0.000
0.000
0.000
0.000
0.000
0.083
0.000
0.000
0.000
0.000
0.000
0.000
0.000
2.711
0.000
0.000
0.096
0.000
0.000
0.000
0.000
0.000
1.000
5.505
0.400
0.000
0.000
0.262
0.001
0.107
0.000
0.000
0.000
0.000
0.067
0.000
0.000
0.002
0.023
6.733
0.671
0.000
0.000
0.000
0.000
0.000
0.000
0.000
6.844
0.000
0.251
0.288
0.004
0.416
0.031
0.413
0.000
0.000
4.560
0.000
2.494
4.013
0.329
0.000
0.000
0.001
0.127
0.000
0.000
0.001
0.000
0.000
0.467
1.212
0.000
0.000
2.018
0.288
0.239
3.252
0.104
10.847
0.061
0.243
0.000
0.000
0.000
0.843
0.000
0.000
0.367
3.379
0.000
0.000
0.000
0.000
0.204
0.114
0.000
0.000
0.000
0.000
0.000
0.016
0.000
0.000
1.238
2.363
0.211
0.000
0.000
0.000
0.000
2.477
0.000
0.000
0.339
0.550
0.096
0.013
0.000
0.000
0.038
0.000
0.000
7.919
0.607
0.000
0.066
0.000
6.211
0.000
1.372
1.666
0.000
6.514
0.000
11.681
0.278
0.000
0.000
0.000
0.000
0.000
0.000
0.000
0.000
4.796
7.309
0.000
0.442
25.975
3.628
1.057
0.000
0.000
0.000
0.000
0.793
0.000
0.148
3.055
0.000
5.424
3.465
0.001
0.000
0.307
0.000
0.000
0.003
0.000
0.000
0.000
0.000
0.000
0.000
0.000
0.803
0.000
0.000
0.314
2.736
16.205
0.000
0.000
0.000
0.028
16.704
3.580
0.286
10.389
9.874
6.738
3.472
12.223
26.533
3.097
0.015
0.000
0.000
0.000
0.000
0.000
0.000
0.000
0.000
1.941
0.787
2.284
0.000
0.003
0.000
0.000
0.000
1.625
6.554
0.788
0.261
2.377
0.000
0.914
0.000
1.195
1.752
0.000
0.037
0.000
0.756
7.649
2.556
0.968
2.478
3.145
0.006
0.000
0.000
0.936
8.399
0.000
0.000
0.000
4.796
0.000
5.225
8.723
4.612
0.000
25.394
1.266
0.161
0.663
1.699
1.388
1.506
17.698
4.006
0.000
6.047
15.934
0.798
0.000
0.000
17.871
1.870
0.314
0.054
0.642
11.044
0.843
0.000
0.000
0.000
0.415
0.000
0.000
0.290
2.446
0.000
3.660
0.000
0.000
0.000
1.425
0.000
0.000
0.058
4.101
0.212
12.569
0.000
0.000
5.829
2.821
0.000
1.522
0.052
0.023
0.000
0.099
0.000
3.225
1.151
0.000
0.000
0.000
0.063
0.000
0.000
0.000
0.000
0.000
0.001
12.388
11.903
0.095
8.369
1.713
7.148
0.067
0.014
0.728
0.000
0.000
0.521
3.385
0.000
0.000
0.000
4.196
4.840
0.000
0.000
23.850
0.755
0.000
0.075
27.184
16.873
0.058
3.204
23.108
2.395
4.713
0.923
0.014
0.491
0.000
2.807
0.145
0.255
0.030
0.000
0.000
0.000
0.000
0.000
0.001
0.000
0.374
1.745
0.000
0.000
0.000
1.037
7.524
1.970
0.048
0.000
0.000
0.000
0.000
7.230
0.322
2.066
0.041
0.000
0.000
0.000
0.000
0.000
0.178
8.156
2.513
3.465
0.000
0.000
0.000
0.000
0.000
0.000
0.000
0.000
0.667
0.539
0.000
0.000
0.001
0.000
0.000
0.000
0.000
0.000
0.000
0.000
0.000
0.000
0.653
0.000
0.004
0.847
1.801
0.154
0.007
0.000
0.185
0.378
0.016
0.000
0.000
0.898
0.000
0.000
0.048
0.001
0.000
0.000
0.804
0.000
5.443
7.682
0.000
0.000
5.357
0.423
0.145
0.004
0.283
0.000
0.000
0.000
0.000
0.000
0.000
0.000
0.000
0.000
0.000
0.000
0.000
0.000
0.000
3.205
1.819
0.000
0.000
0.000
0.000
0.015
0.000
0.000
0.000
0.000
0.000
0.599
0.200
0.000
0.000
0.000
0.000
0.000
0.000
1.190
0.000
2.337
0.098
0.000
0.000
0.000
0.000
0.000
0.488
0.128
0.164
0.000
0.000
0.000
2.133
4.377
10.702
4.366
1.680
0.000
0.000
0.000
0.000
0.000
0.000
0.000
0.281
1.319
0.000
0.000
0.000
0.000
0.000
0.000
0.000
0.000
0.003
0.000
0.000
3.220
6.400
2.109
1.188
0.003
0.000
0.000
1.930
1.492
0.000
0.000
0.000
0.000
0.000
5.415
1.068
0.000
0.000
0.000
0.002
0.000
0.000
0.000
0.000
0.000
0.000
0.000
0.075
0.164
0.364
0.816
0.000
0.000
0.000
0.000
0.000
0.000
0.000
0.000
0.000
0.000
3.262
0.084
0.084
15.139
0.000
2.271
0.390
0.000
0.000
1.918
5.575
3.439
0.056
0.001
3.813
0.329
0.000
3.312
9.221
3.940
1.439
2.098
0.000
0.039
6.871
3.250
1.052
0.218
0.000
0.159
0.049
1.921
8.523
0.745
4.933
49.307
21.753
2.030
0.031
0.000
0.000
0.000
4.853
13.738
0.000
3.194
2.104
3.141
1.649
0.000
0.552
15.233
0.509
0.043
71.584
6.624
5.594
0.000
0.000
0.000
0.000
0.000
0.000
0.000
0.000
0.000
0.000
8.560
3.749
6.177
2.704
0.802
1.234
0.000
0.000
0.000
0.000
0.000
0.000
0.002
0.006
4.121
9.223
0.009
0.009
7.974
0.000
0.000
0.002
0.000
0.036
0.008
23.835
0.000
0.000
1.061
0.621
0.000
0.029
4.782
0.018
1.633
0.000
1.372
0.959
0.000
0.848
1.146
7.842
0.000
0.079
2.538
1.700
0.002
2.823
0.000
0.042
0.064
3.394
5.053
0.106
0.000
0.021
7.770
0.012
10.249
0.000
0.084
7.817
17.679
0.281
0.610
0.747
0.750
1.165
1.283
0.021
0.000
0.000
0.000
0.204
0.000
0.423
3.551
11.971
0.322
17.076
0.935
4.022
0.017
3.317
0.901
0.000
2.131
10.437
0.290
1.968
2.910
1.075
6.528
0.191
0.000
0.059
1.757
0.000
0.000
0.000
0.087
1.701
0.000
0.000
0.000
0.000
0.000
0.000
0.084
0.000
0.000
0.000
0.000
0.039
0.056
0.000
0.128
0.000
0.000
0.000
2.068
0.186
0.000
0.000
0.000
0.013
0.233
14.712
17.777
0.000
2.378
5.959
0.000
0.000
0.000
4.412
5.339
1.273
0.421
0.000
0.000
0.096
0.000
0.000
0.001
0.000
0.000
0.024
7.039
0.669
3.321
6.025
0.844
0.000
0.000
0.000
0.000
0.000
4.115
0.026
0.000
0.000
0.012
0.378
0.561
0.037
0.000
0.012
0.000
0.000
0.000
0.000
0.000
0.357
0.000
0.000
0.000
0.076
0.323
0.270
1.548
0.658
0.000
0.000
0.809
0.000
0.000
0.000
0.000
0.000
0.000
0.000
0.372
0.053
3.123
0.044
3.207
0.054
0.000
0.001
0.070
0.002
1.372
0.621
1.163
0.087
0.000
0.000
0.000
0.013
0.000
0.776
3.118
0.002
1.475
0.851
6.398
0.006
0.748
0.000
0.000
0.000
0.136
0.001
0.000
0.000
0.000
0.000
0.000
0.000
0.000
0.044
1.286
8.274
0.000
0.000
0.038
0.000
0.000
0.000
0.101
4.730
0.000
0.334
0.000
0.000
0.000
0.000
0.000
0.000
0.000
0.000
0.000
0.000
0.000
0.000
0.000
0.000
0.000
0.000
0.000
0.000
0.000
0.000
0.000
0.000
0.000
0.000
0.000
0.000
4.750
4.104
2.149
0.000
0.000
0.000
0.000
0.000
0.000
0.000
0.000
0.000
0.000
0.000
1.089
4.970
15.323
10.256
0.016
1.407
0.000
0.000
0.000
0.000
0.204
2.639
25.139
0.603
0.016
0.330
0.005
0.000
1.145
0.013
0.095
6.358
7.676
0.000
0.000
0.020
6.950
0.041
0.308
0.000
0.018
0.298
0.091
0.000
0.000
0.000
0.000
2.033
6.752
0.000
2.124
25.505
7.668
9.402
23.403
6.773
11.361
2.204
2.704
6.377
0.050
0.109
3.841
1.691
3.724
0.191
1.627
0.001
27.876
0.002
1.317
0.834
2.618
3.130
0.000
0.000
0.075
0.003
2.205
8.214
0.000
0.016
0.446
0.008
0.415
4.663
0.512
0.000
0.000
0.696
0.000
0.000
1.045
3.984
0.055
0.000
0.014
0.018
1.131
0.000
0.000
0.265
0.148
2.384
0.000
0.000
0.000
0.792
4.513
0.000
0.013
0.000
8.641
0.039
3.947
17.830
3.000
0.022
0.000
0.000
0.000
0.000
1.046
0.000
0.000
0.000
0.000
0.014
23.731
0.000
0.000
0.000
2.944
0.044
0.056
0.000
0.774
0.000
0.000
0.958
4.656
2.685
0.854
0.067
0.000
1.050
4.097
2.457
2.355
0.001
6.571
1.972
0.000
0.000
0.000
0.000
0.000
0.000
0.000
0.061
0.168
0.393
15.244
3.610
0.148
1.639
0.804
0.000
0.000
0.000
0.000
0.000
0.433
0.124
0.000
1.503
0.683
0.000
0.000
0.000
0.000
0.000
9.352
34.560
27.197
29.220
0.355
42.811
6.083
1.778
0.848
0.005
0.000
0.000
0.000
0.269
1.783
0.030
0.080
0.000
3.284
0.033
0.037
1.685
0.046
0.000
0.000
0.002
0.000
0.000
0.000
0.000
0.000
0.006
0.280
0.037
0.000
0.000
0.000
0.000
0.000
0.000
0.000
0.000
0.000
0.374
0.120
5.410
0.000
0.000
0.004
0.002
0.000
0.000
0.000
0.039
0.000
0.000
0.000
0.000
0.000
0.000
0.000
0.000
0.000
14.396
6.517
1.516
0.000
0.000
0.164
0.000
0.000
0.000
0.000
0.000
0.000
0.115
3.766
0.000
0.756
0.093
0.000
0.002
0.000
0.000
0.003
1.200
0.000
0.105
0.060
0.000
0.000
0.001
0.438
0.000
0.000
0.144
0.890
0.000
0.000
0.382
0.000
0.017
0.080
1.749
0.000
0.006
0.000
0.007
0.316
0.000
0.000
0.000
0.000
0.000
0.000
0.386
0.007
0.044
0.624
4.934
0.177
0.000
0.204
0.886
0.000
0.022
0.008
0.366
0.013
0.000
0.000
0.000
0.000
0.000
0.073
1.396
0.000
0.000
0.000
0.000
0.062
24.002
5.885
0.000
0.000
0.000
0.000
0.000
0.000
0.000
1.520
0.037
0.000
0.000
0.000
0.000
0.000
0.000
0.000
0.000
0.001
4.925
0.086
0.000
0.009
0.333
3.798
0.000
0.000
0.000
0.001
0.017
0.000
0.000
0.000
0.000
0.000
0.000
0.000
0.000
0.000
8.209
0.288
0.013
0.000
0.000
0.000
0.000
0.012
3.480
29.727
36.048
7.643
0.000
0.041
0.000
0.000
0.000
4.760
0.000
0.019
0.000
0.056
1.366
4.369
0.000
0.000
1.625
0.000
29.149
33.724
6.525
0.016
5.897
5.207
0.000
0.000
0.001
0.000
0.000
0.067
0.035
0.000
7.003
2.400
0.000
0.071
4.444
11.895
50.951
0.043
0.000
0.041
0.000
0.502
0.000
0.346
0.000
0.000
0.000
2.132
7.421
0.333
0.000
3.184
0.995
2.309
2.614
0.509
0.000
0.008
23.796
0.006
0.164
1.745
49.142
1.246
7.766
0.000
0.000
0.311
0.207
0.000
3.783
3.963
0.032
0.000
0.000
4.398
0.000
0.266
0.000
0.000
0.000
0.009
0.000
19.768
49.535
1.193
0.000
5.092
0.097
0.936
28.992
3.591
0.000
0.849
0.000
0.010
0.000
0.227
0.000
0.000
1.031
2.403
5.443
0.011
0.000
0.000
2.994
1.655
0.162
28.612
15.135
0.000
1.173
4.229
6.060
0.957
0.863
0.000
0.000
0.027
8.510
9.058
0.176
0.004
0.000
0.000
17.500
0.000
0.797
1.410
0.110
12.876
0.006
1.428
14.559
0.000
0.584
9.236
1.025
0.000
0.000
0.000
0.000
0.000
0.175
3.057
0.432
0.803
7.001
0.000
1.184
3.165
2.802
0.000
0.000
0.000
0.000
0.631
4.766
5.809
0.036
0.001
0.029
0.039
0.003
0.023
18.868
0.047
0.000
0.000
9.407
0.943
0.114
0.000
0.000
0.000
0.025
0.000
0.000
0.000
0.092
0.869
0.036
0.000
0.000
0.109
0.000
0.999
0.091
0.000
0.000
0.000
0.000
0.000
0.000
5.438
0.000
0.000
0.000
0.000
0.000
0.848
0.000
0.040
0.000
1.088
0.529
3.476
17.608
0.851
0.091
2.963
0.345
0.502
2.354
8.279
0.197
0.053
0.502
3.012
2.996
2.763
0.006
2.794
0.000
0.002
0.000
0.444
0.342
0.134
0.000
0.093
0.000
0.245
0.422
0.058
0.000
0.000
0.000
0.000
0.000
0.000
2.190
0.341
0.000
2.396
0.137
0.000
0.000
0.004
0.000
0.000
0.000
1.837
0.491
0.000
0.000
0.000
0.000
0.000
0.000
0.000
0.000
0.000
0.000
0.000
0.000
0.000
0.139
0.005
0.009
0.812
3.659
0.013
0.519
3.967
0.053
0.000
0.000
0.523
0.000
0.072
0.975
0.000
0.021
0.000
0.413
0.000
0.005
0.000
0.000
0.000
0.000
0.000
0.000
0.438
0.000
0.000
0.000
0.744
0.000
5.392
0.000
1.460
0.002
0.000
0.000
1.660
2.418
0.000
0.000
0.000
0.000
0.000
3.201
0.000
0.000
0.023
0.000
5.820
0.000
0.001
0.043
0.577
0.000
0.000
0.000
0.000
0.076
0.000
0.000
0.000
0.000
0.000
0.000
0.000
0.000
0.000
0.002
0.000
0.000
1.150
0.003
3.652
0.047
2.569
1.966
0.245
0.002
0.000
0.000
0.000
0.853
0.310
2.884
16.442
0.000
1.231
0.000
14.807
0.757
0.177
0.000
0.280
0.052
0.017
13.836
4.714
23.275
11.387
8.531
5.639
0.000
0.000
0.000
0.000
0.195
1.183
8.055
7.732
0.842
1.826
9.776
0.746
0.000
7.875
0.253
0.000
0.000
0.359
0.000
0.000
0.000
0.000
4.045
0.634
0.288
0.123
0.000
0.000
0.464
0.000
0.222
0.064
0.000
16.751
0.000
0.000
8.283
0.000
0.131
2.138
17.481
1.148
0.190
2.497
0.642
9.563
0.000
0.002
7.589
0.000
18.057
7.563
0.806
4.569
0.059
3.507
3.897
0.057
0.000
0.000
0.013
4.173
0.010
22.419
2.025
0.087
0.066
5.547
6.046
5.698
11.191
16.382
3.447
3.148
0.000
0.725
8.064
2.473
3.007
0.014
0.000
0.000
0.019
8.362
0.427
0.022
23.187
0.413
0.044
0.431
0.663
1.410
0.011
0.000
0.140
13.734
2.842
5.004
1.303
0.337
3.788
0.009
0.000
2.305
15.950
1.783
0.000
0.000
0.000
0.000
1.380
2.331
7.335
7.965
0.000
0.195
0.631
0.000
0.010
0.000
0.000
0.065
8.365
20.644
23.150
2.600
0.291
0.000
0.000
0.015
0.000
5.866
13.657
0.030
1.636
0.028
1.027
0.000
11.954
1.042
2.628
17.299
0.919
3.104
0.000
0.059
4.819
0.000
0.000
0.000
5.840
0.007
0.000
0.573
0.354
0.000
0.013
0.154
0.222
0.028
0.000
0.000
2.689
0.248
2.703
1.387
0.000
0.000
0.000
0.000
0.000
0.000
0.000
0.000
0.000
0.021
0.000
0.002
0.002
0.321
0.137
0.000
0.716
0.000
0.000
0.291
0.000
1.189
7.204
7.426
14.417
0.734
6.427
0.003
0.631
0.000
0.000
0.876
0.040
0.026
0.472
0.000
2.616
0.000
0.428
0.592
0.292
0.000
0.000
0.000
0.000
0.000
0.000
0.000
0.014
1.443
0.030
0.000
0.000
0.098
0.000
0.004
0.000
2.411
0.000
0.000
0.621
0.035
0.000
0.020
0.000
0.000
0.000
0.000
0.000
0.000
0.000
0.000
0.000
0.000
0.000
0.000
0.043
0.292
0.006
0.006
0.000
0.000
0.045
0.154
0.021
0.000
0.000
0.000
0.000
0.000
0.000
0.000
0.000
0.000
0.000
0.000
3.047
1.410
1.053
0.164
0.000
0.000
0.000
0.000
0.000
0.000
3.462
2.358
0.000
0.000
1.861
0.000
0.000
0.000
0.000
0.000
0.000
0.000
0.000
0.000
0.000
0.000
0.000
0.000
0.052
0.000
0.000
0.000
0.000
0.831
0.563
0.676
0.276
0.036
0.000
0.000
0.052
2.690
0.274
0.000
0.000
0.000
0.000
0.000
0.000
0.000
0.000
0.005
0.121
0.747
0.441
0.000
0.000
0.000
0.000
0.001
0.000
0.000
0.372
11.246
12.629
0.064
0.065
0.000
0.000
0.000
0.000
0.022
1.173
0.000
0.000
0.000
0.000
0.000
0.000
0.000
0.000
0.000
0.000
0.003
0.000
0.000
0.000
0.000
0.000
0.000
0.072
2.447
0.000
0.000
0.000
0.000
0.604
2.119
0.013
0.000
0.000
0.263
6.484
0.000
0.000
0.000
0.000
0.000
0.000
0.000
0.000
0.037
0.076
0.002
0.741
3.878
0.007
4.263
19.477
31.939
1.438
0.643
28.587
28.025
0.584
0.000
2.058
9.439
1.394
0.009
0.000
4.077
2.254
0.009
6.701
1.446
0.000
0.000
0.000
0.000
0.000
0.035
0.010
5.055
0.000
0.000
0.000
0.000
0.000
0.053
0.000
0.000
0.000
0.000
0.000
3.805
0.308
1.293
0.192
0.334
0.000
0.897
0.000
1.535
11.385
0.004
0.000
1.094
2.037
0.020
1.657
0.000
0.000
15.332
2.840
1.276
0.186
2.796
0.060
4.941
30.876
29.963
13.441
0.376
29.330
15.592
0.002
0.459
0.000
0.003
0.240
0.000
0.000
0.317
0.978
0.022
3.678
0.000
0.024
0.689
0.000
0.000
0.004
0.000
0.000
4.690
2.369
0.000
8.249
31.048
5.357
3.104
1.073
0.727
0.753
0.101
0.000
0.000
0.378
11.581
0.109
0.000
0.000
5.517
0.000
0.004
0.347
0.094
0.223
11.736
7.580
0.001
1.848
1.584
1.607
1.222
0.000
2.612
0.002
0.003
0.016
0.003
16.305
29.317
7.348
2.044
0.000
0.000
0.067
0.033
0.000
0.000
0.000
1.231
0.000
0.000
0.986
0.000
0.000
2.126
1.431
0.000
0.000
0.000
0.000
0.000
0.000
0.000
0.000
0.037
4.155
1.470
0.002
0.000
1.226
0.014
3.265
0.013
3.676
0.000
0.023
0.000
0.000
0.000
0.000
0.000
0.004
0.115
0.462
0.419
0.000
0.000
0.000
0.000
0.000
0.000
0.000
0.000
0.000
0.000
0.749
13.943
2.695
0.000
0.000
0.000
0.000
0.000
0.002
0.000
0.000
0.000
0.000
0.000
0.001
0.000
0.000
0.000
0.309
0.000
0.000
10.256
2.493
0.317
0.000
1.520
0.000
1.309
0.325
0.645
0.497
0.059
0.018
0.001
0.004
0.352
0.137
0.000
0.011
0.024
0.037
0.000
0.000
0.000
0.000
0.063
2.815
0.000
0.000
0.230
0.000
0.000
0.000
0.000
0.000
0.000
0.000
0.002
8.631
1.522
1.169
0.000
0.000
0.000
0.000
0.114
0.850
0.000
0.000
0.002
2.517
3.287
0.000
0.000
0.044
0.000
0.000
7.410
0.008
0.000
0.000
0.000
0.000
0.000
0.859
0.014
0.000
0.000
0.000
0.000
0.000
0.000
0.000
0.000
0.000
0.000
0.110
0.000
0.000
0.000
0.000
0.000
0.000
0.000
0.000
0.000
0.000
0.000
0.000
0.000
0.000
0.000
0.000
0.272
7.893
6.314
0.706
4.022
6.887
3.235
0.030
0.000
0.000
0.000
0.000
0.000
0.025
0.001
0.000
0.000
0.904
16.011
0.341
0.000
0.314
4.968
0.000
0.000
0.000
0.355
5.557
0.281
0.000
0.000
0.279
0.000
1.332
0.000
0.000
0.000
0.000
0.000
0.000
0.000
0.005
0.000
0.000
0.000
0.000
0.000
0.000
0.000
0.089
0.000
0.000
0.000
0.000
0.000
0.000
0.000
0.000
0.000
0.000
0.000
0.493
7.767
4.070
0.112
0.003
1.619
7.156
0.001
0.386
0.880
0.002
0.000
0.047
0.094
2.214
2.793
0.061
0.000
0.605
0.046
3.182
0.000
0.000
0.000
0.000
0.000
0.000
0.332
0.000
0.000
0.018
0.000
1.307
0.868
0.000
0.000
0.310
2.633
9.357
1.337
2.470
0.000
1.818
19.975
0.540
9.264
1.864
0.079
0.071
0.001
0.000
0.181
5.473
0.041
0.000
0.000
0.034
0.000
0.000
0.000
0.000
22.798
0.185
0.000
0.241
0.000
0.000
13.452
1.587
0.000
0.000
0.000
0.000
0.020
5.346
0.239
0.429
0.010
10.621
0.120
0.000
0.000
0.062
2.977
0.000
7.625
2.236
41.059
0.790
8.016
8.034
0.090
7.900
19.372
0.000
0.000
1.813
16.283
37.117
31.054
0.409
0.044
1.246
0.387
0.000
0.000
0.354
4.234
14.240
0.000
0.000
0.033
0.143
0.000
0.001
0.000
0.000
20.858
0.005
4.834
0.000
0.000
0.049
0.000
0.000
0.000
0.000
0.000
0.557
0.000
0.000
0.000
11.137
5.797
1.690
35.799
6.078
1.594
1.312
3.249
0.000
0.004
2.586
0.000
0.207
10.142
0.001
0.000
0.000
0.003
0.000
0.000
0.000
0.000
0.000
0.000
0.000
0.000
0.135
0.000
0.000
0.000
0.830
1.069
2.119
0.946
1.199
5.490
0.000
2.416
0.014
0.000
0.000
0.206
1.362
0.000
0.000
0.955
0.000
0.000
0.000
0.000
0.000
0.000
0.006
0.065
3.513
0.044
0.040
8.930
0.470
0.087
0.776
11.785
3.359
0.000
4.016
0.000
0.159
0.001
1.830
0.000
0.000
0.364
9.356
0.897
0.000
0.000
0.000
0.000
0.000
0.000
0.000
0.000
0.000
0.084
0.130
0.000
0.000
0.308
1.488
8.288
0.000
0.696
1.310
0.499
0.002
0.002
0.136
0.000
2.666
0.000
0.000
0.967
10.088
0.002
0.000
0.043
0.204
0.982
0.000
3.060
0.000
0.000
0.000
15.423
3.905
2.448
0.000
0.835
0.688
0.000
0.000
1.260
0.440
0.027
4.059
0.125
0.183
0.002
0.000
0.000
0.000
2.279
0.124
0.000
0.000
0.000
0.000
0.007
0.045
0.231
0.000
0.000
0.000
0.000
0.342
0.452
0.007
0.000
0.000
0.000
1.135
0.000
0.000
0.000
0.000
0.000
0.000
0.000
0.099
0.000
0.000
0.000
0.006
0.000
0.000
2.131
0.000
0.000
0.598
5.851
0.000
0.653
0.000
0.869
0.000
0.000
0.000
0.002
1.975
2.064
1.970
0.481
0.000
0.000
0.000
0.005
0.000
0.000
0.000
0.002
0.139
0.000
0.025
1.075
0.455
8.470
0.000
0.887
3.965
6.527
10.311
0.000
0.113
0.000
3.615
0.002
0.000
1.526
0.000
0.000
0.000
0.000
0.000
0.476
0.000
0.000
0.000
0.000
0.000
0.000
0.000
4.900
1.071
1.520
0.045
0.577
5.796
0.169
0.000
0.000
0.004
9.987
1.508
0.000
9.316
3.030
0.000
0.000
0.000
0.000
0.000
0.000
0.000
0.000
4.335
1.168
4.490
0.000
0.000
4.920
1.341
19.638
2.253
0.000
0.547
5.760
6.527
1.092
0.000
0.000
0.000
0.000
0.000
0.100
0.305
4.131
1.401
0.000
0.000
12.395
13.284
11.031
0.000
0.000
0.000
0.561
0.000
0.000
3.721
44.507
0.131
0.019
5.279
7.646
0.693
0.000
0.026
1.532
0.000
0.021
16.227
0.000
0.000
4.003
0.000
0.000
1.021
0.001
0.000
0.106
0.252
0.000
0.000
0.198
2.740
0.021
13.422
0.000
0.000
0.000
0.000
0.061
0.000
0.000
0.029
0.256
4.815
2.190
0.215
1.494
0.000
0.004
7.522
0.000
0.484
0.000
0.000
0.000
0.000
0.000
2.340
3.143
3.650
0.001
0.000
0.000
0.000
3.159
5.401
0.000
10.968
0.000
0.000
0.000
10.520
4.729
15.506
3.191
1.275
54.786
0.436
0.000
2.884
31.042
0.054
0.000
0.005
0.000
0.000
0.000
8.901
6.279
0.000
0.000
0.000
0.000
0.000
0.000
1.282
3.047
34.130
8.666
0.000
0.000
0.000
0.000
0.000
0.000
0.000
0.000
0.000
15.776
0.000
0.000
2.266
3.734
0.000
0.000
0.005
4.788
0.001
0.000
0.000
0.000
0.000
0.000
0.000
0.000
0.000
0.000
0.000
0.000
0.000
0.000
0.000
0.000
0.000
0.000
7.774
0.012
0.004
0.187
0.091
0.000
1.420
1.840
0.112
1.781
3.316
2.565
0.246
0.070
0.000
0.036
0.074
1.811
0.073
1.959
0.015
0.000
0.000
0.002
5.467
0.000
0.000
0.000
0.000
6.257
0.164
0.000
0.000
0.000
0.000
0.000
0.205
0.001
0.000
0.000
0.000
0.000
0.000
0.001
0.000
0.000
0.021
0.019
0.000
0.000
0.159
0.000
0.000
0.000
0.000
0.007
0.000
1.185
0.112
2.997
0.480
0.045
0.000
0.316
0.000
0.009
0.000
0.000
0.999
0.000
0.000
0.000
0.000
0.000
0.731
1.306
0.000
0.000
0.000
0.011
3.307
0.000
0.000
0.000
0.617
0.529
1.798
2.044
0.000
0.000
1.738
0.296
0.004
0.000
0.620
2.471
0.000
0.000
0.000
0.000
0.000
0.000
0.000
0.000
0.190
0.089
0.001
0.000
0.000
0.000
7.881
0.063
0.003
0.000
0.000
0.000
0.000
2.303
0.157
0.000
0.965
0.000
0.000
0.004
0.000
0.008
0.493
0.000
0.000
0.000
2.522
1.309
0.000
0.608
15.299
1.102
3.672
1.798
19.115
1.151
0.147
0.035
0.000
0.446
0.000
0.001
0.000
0.000
0.000
0.000
4.378
0.100
0.000
0.003
5.182
0.589
0.000
0.000
0.000
0.027
0.000
0.000
0.054
0.000
0.000
0.000
0.000
0.678
0.371
0.218
0.000
0.000
0.000
0.000
0.000
0.000
0.994
0.863
0.337
11.990
4.483
9.262
5.561
6.577
0.318
0.000
0.000
0.213
0.000
0.000
0.000
0.030
0.031
0.009
0.000
0.006
0.000
3.015
0.286
1.307
2.184
0.421
0.062
0.025
0.140
2.049
7.917
0.000
0.012
1.946
1.678
0.002
0.000
0.000
0.000
0.000
3.169
35.728
3.195
8.744
2.917
0.498
2.460
2.755
0.125
8.900
2.545
0.000
0.728
0.124
2.830
7.968
4.477
0.465
10.506
3.121
2.637
0.245
0.000
0.000
0.000
1.366
2.923
1.042
0.003
0.034
0.000
0.000
0.614
0.000
0.000
0.705
26.814
0.000
0.000
0.246
4.244
0.000
0.000
0.000
0.436
6.609
0.022
0.213
0.087
2.679
0.366
1.464
0.003
0.000
0.029
5.414
0.057
0.716
0.000
0.000
0.000
0.000
0.022
3.037
0.000
0.000
0.000
0.000
0.000
0.000
0.000
2.623
0.000
0.317
0.000
0.000
0.057
10.078
3.467
0.000
0.438
0.000
6.328
1.865
2.472
15.583
0.000
0.000
0.000
0.001
2.215
0.000
0.000
1.387
0.883
0.000
12.108
6.688
0.000
0.000
0.000
0.000
1.554
0.000
9.642
0.006
0.000
0.000
0.642
5.250
0.764
3.096
0.406
1.674
0.035
0.000
0.000
0.000
0.000
0.310
0.382
2.196
0.000
45.971
0.882
0.000
0.000
0.000
0.000
0.000
0.000
0.004
0.689
0.000
0.228
1.357
0.182
31.365
16.165
0.049
0.290
0.801
0.000
0.000
0.000
0.000
0.000
0.587
0.000
0.000
0.000
0.000
0.000
0.000
0.000
0.000
0.000
0.000
0.000
0.000
0.207
0.035
0.000
0.000
0.000
0.000
0.000
0.093
0.000
0.000
0.000
1.723
0.851
0.000
0.000
0.000
0.000
0.000
0.979
1.957
0.000
0.000
0.000
0.000
0.000
0.000
0.000
0.000
0.000
0.000
0.000
0.000
0.051
1.275
0.014
0.000
0.172
0.000
0.000
0.000
0.013
16.051
1.043
0.478
0.004
0.486
0.142
0.000
1.136
0.225
0.801
0.000
0.047
0.986
0.005
0.007
0.028
0.000
0.000
0.000
0.485
0.053
0.000
3.038
0.001
0.122
2.996
0.000
0.233
0.000
0.000
0.000
0.000
0.000
0.385
0.358
0.000
0.000
0.253
1.052
0.635
0.000
0.000
0.065
0.040
0.000
0.000
0.000
0.000
0.000
0.000
0.000
0.000
0.000
0.000
0.000
0.845
7.324
0.000
0.000
0.000
0.005
8.078
0.000
0.007
0.000
2.251
5.068
0.068
0.026
0.005
0.000
0.047
5.042
0.000
0.403
0.163
1.245
0.000
0.028
0.002
0.000
0.000
0.000
0.000
0.000
0.000
0.000
0.114
0.000
0.000
0.000
0.714
0.495
16.309
1.587
0.249
0.000
0.000
0.000
0.000
0.000
0.657
0.000
0.000
0.000
1.077
0.000
0.000
0.000
0.000
0.177
0.000
0.000
0.000
0.836
10.748
10.732
5.751
0.000
0.000
0.000
0.000
0.000
4.241
0.290
0.000
0.000
0.000
3.906
4.967
1.622
34.051
2.008
0.109
0.020
20.622
1.464
12.132
1.730
0.225
0.000
0.000
0.000
0.005
6.589
0.000
0.000
0.703
0.000
0.000
0.000
0.000
0.000
0.011
17.245
21.415
0.000
0.007
0.166
0.192
6.728
1.452
5.347
0.043
4.849
0.193
0.000
0.000
0.000
0.000
0.000
0.107
17.319
0.004
0.540
0.000
3.430
1.112
0.177
0.000
0.069
0.000
11.875
12.658
1.726
0.000
0.002
0.022
0.000
2.676
2.507
9.741
1.772
23.302
0.417
5.321
11.999
0.336
2.650
0.004
2.413
0.000
0.139
0.000
3.157
14.021
0.000
0.000
0.000
0.000
1.369
14.094
4.597
2.486
3.621
0.000
0.000
0.004
0.823
1.822
2.386
1.525
0.000
1.863
0.000
0.000
7.975
9.919
0.794
0.000
0.000
0.000
0.000
0.000
0.000
0.006
0.000
0.000
0.000
7.464
10.329
0.000
0.000
0.000
0.000
0.000
0.057
1.459
11.792
0.000
0.000
0.001
0.387
0.149
0.000
0.000
0.511
11.156
0.000
0.045
0.000
18.979
14.086
28.399
0.516
0.000
0.054
0.000
13.938
5.336
17.971
1.151
5.730
3.156
0.000
0.000
0.012
0.751
0.000
5.364
0.759
0.000
0.000
0.000
1.954
0.075
0.966
0.264
0.011
0.093
2.575
0.000
0.000
0.000
0.000
0.000
0.000
0.000
4.432
0.005
0.000
0.000
0.000
0.000
0.000
2.606
0.000
0.000
0.465
0.000
0.016
0.000
0.608
16.241
0.003
0.000
8.957
9.173
2.631
0.133
1.464
1.224
0.000
0.000
0.000
3.095
0.125
0.853
0.000
0.000
0.000
0.000
0.001
8.448
0.308
0.000
0.000
0.008
0.000
0.000
0.000
0.008
1.206
0.004
0.000
4.258
0.000
0.004
1.468
0.843
4.696
1.709
0.155
0.010
0.829
0.000
0.000
0.000
0.153
1.578
0.000
0.128
1.587
0.000
0.000
0.635
0.000
0.000
0.000
0.000
0.000
0.000
0.000
0.000
0.000
0.008
0.000
0.000
0.000
0.000
0.000
0.000
0.165
0.000
7.124
0.883
0.021
0.000
0.000
0.000
0.000
0.000
0.000
0.479
0.000
0.840
0.000
0.000
0.000
0.013
0.005
0.057
0.108
0.200
0.000
0.000
0.000
0.000
0.000
0.000
0.000
0.000
0.000
0.000
0.000
0.000
0.000
0.450
0.000
0.000
0.786
0.000
2.530
0.040
1.454
0.165
4.248
4.236
0.001
0.823
0.197
2.650
0.392
0.000
0.000
0.000
0.000
0.000
0.000
0.000
0.001
1.939
8.331
11.556
2.803
0.132
0.000
2.408
0.016
2.058
0.831
0.000
0.000
0.000
0.000
0.000
0.000
0.000
0.000
0.000
0.000
0.000
0.000
0.000
0.789
1.097
0.000
0.000
0.000
0.000
0.000
0.000
0.003
0.051
1.758
0.000
0.000
1.064
3.248
0.000
0.053
0.000
0.318
0.000
0.000
0.037
12.862
7.467
8.086
6.185
0.503
0.018
0.000
0.015
0.000
0.000
0.039
0.140
0.000
0.243
0.000
0.000
0.000
0.000
0.000
0.000
0.000
0.000
7.634
3.034
0.000
0.045
1.225
0.606
3.082
0.005
0.000
0.000
0.000
2.605
12.696
0.000
0.418
0.021
0.023
0.000
0.000
0.002
0.000
0.000
0.000
0.012
3.377
0.000
2.214
1.038
0.003
0.000
0.000
0.000
0.000
0.161
0.000
0.561
13.513
35.971
16.441
12.461
2.398
0.000
2.014
0.615
2.198
0.902
0.260
0.000
0.000
0.001
0.000
64.351
1.633
16.305
0.575
0.000
0.274
0.105
2.893
3.139
7.586
0.008
0.817
0.268
0.606
12.007
2.668
0.368
0.000
5.285
1.521
2.169
0.023
0.950
0.006
1.285
0.293
0.238
1.305
0.199
0.000
0.000
1.838
0.414
0.043
0.237
0.000
0.000
21.585
8.005
0.153
3.817
0.000
3.442
1.426
0.044
0.000
0.000
1.381
8.442
0.000
0.096
21.966
3.929
0.127
7.738
3.439
0.786
0.000
1.359
0.612
18.811
0.747
0.006
15.244
0.214
0.009
8.494
1.359
11.787
10.665
0.578
1.363
0.000
0.000
0.000
0.016
0.000
0.098
16.276
2.630
0.000
0.000
0.572
0.000
0.000
0.000
0.000
0.116
0.000
0.019
0.000
0.000
0.000
0.000
0.000
0.000
0.000
0.000
0.000
0.004
0.280
0.000
0.000
0.000
0.000
0.211
0.585
2.868
0.000
0.255
0.000
1.066
0.000
0.000
0.000
0.000
0.000
0.000
0.000
0.000
0.000
0.000
0.015
0.000
9.731
6.027
3.831
0.010
0.000
0.000
0.000
1.544
1.745
0.000
0.000
0.388
0.003
0.017
2.058
0.000
0.000
0.131
4.508
0.000
0.000
0.000
0.000
0.000
0.000
0.000
0.000
0.000
0.000
0.239
0.535
0.059
0.245
0.000
0.000
0.000
0.000
0.000
0.000
0.000
0.000
0.000
9.643
1.411
0.791
0.001
0.001
3.064
0.927
0.000
0.037
0.768
0.000
1.640
0.355
0.000
0.067
3.055
0.824
2.609
0.009
0.213
0.578
4.174
0.000
0.084
0.000
0.000
0.000
0.000
0.000
5.434
3.157
1.073
0.030
0.000
0.000
0.000
0.000
0.000
0.021
1.413
4.927
0.052
0.000
2.659
0.018
0.878
0.000
0.000
0.000
0.000
0.000
0.000
0.000
0.000
0.000
0.000
0.000
0.000
0.000
0.000
0.065
0.000
0.000
0.000
0.000
0.000
0.000
0.000
0.000
0.318
1.223
0.014
0.000
0.000
0.000
0.000
0.000
0.000
0.000
0.000
0.000
0.000
0.000
0.100
0.037
0.000
7.390
0.095
0.000
0.000
0.000
0.000
1.936
0.000
0.000
0.000
0.052
0.000
0.000
0.000
0.000
0.000
0.000
0.000
0.000
0.000
3.679
10.545
0.000
0.000
0.000
0.000
0.000
0.000
0.000
5.657
6.056
0.123
3.689
1.767
0.000
0.000
0.000
0.000
0.000
0.219
0.000
0.000
0.000
0.000
0.000
38.127
9.251
0.000
0.000
2.594
4.353
4.706
0.207
14.728
0.545
0.000
0.000
0.000
1.300
4.691
9.911
0.007
0.000
0.000
0.000
0.726
0.000
0.000
0.000
0.000
0.002
0.000
1.227
0.005
2.724
41.919
1.533
2.612
8.891
2.164
0.000
18.497
7.252
3.036
0.000
0.000
0.000
0.000
6.118
1.850
7.891
6.505
3.218
0.000
0.000
4.413
10.231
0.847
11.513
5.079
0.197
0.002
0.479
0.000
0.000
3.298
18.141
3.736
3.068
0.262
0.174
0.000
0.778
0.240
6.482
0.004
31.500
1.601
1.813
2.792
3.291
5.837
0.000
3.083
0.000
0.769
1.824
0.000
71.946
13.437
0.000
1.820
0.000
0.000
0.000
1.836
0.267
6.828
14.276
0.056
6.957
0.413
0.000
0.098
0.000
0.117
4.238
1.022
3.713
5.425
0.000
0.000
25.152
0.000
0.000
0.623
0.000
3.200
5.741
0.000
0.000
0.880
0.042
0.000
0.000
0.006
13.892
1.498
0.000
0.000
25.881
0.000
0.000
31.285
0.000
0.000
4.270
0.493
0.910
0.000
1.099
0.005
0.000
6.796
0.050
0.000
0.000
1.288
14.541
0.916
0.015
0.000
0.000
0.000
4.827
1.287
2.941
0.043
0.000
0.000
1.019
0.653
2.506
1.025
0.212
0.000
0.060
0.947
0.002
0.000
0.000
0.000
0.739
0.000
0.000
0.000
0.000
0.000
0.000
0.000
1.409
0.000
0.426
0.043
2.643
6.604
0.000
0.000
0.000
0.591
0.001
0.047
0.492
1.238
0.241
0.000
0.001
0.000
0.007
0.259
13.535
0.029
0.000
0.000
0.003
0.000
0.000
0.000
10.088
0.090
0.088
0.000
0.000
0.000
0.000
0.000
0.000
0.000
6.194
0.587
0.949
5.267
6.021
0.000
0.753
0.000
0.210
1.480
0.110
0.000
0.000
3.895
0.000
0.000
0.000
4.750
0.000
0.000
0.000
0.000
0.000
0.000
0.000
5.896
0.000
0.652
0.020
1.329
0.018
0.117
0.011
0.000
0.000
0.100
0.797
0.000
0.013
4.692
1.325
0.002
1.068
0.000
5.177
3.175
0.000
0.002
0.256
0.170
1.089
0.000
0.000
0.000
4.080
1.498
0.000
0.000
0.000
0.000
0.000
0.000
0.000
0.000
0.013
1.162
1.167
0.000
0.000
0.000
0.000
0.000
0.000
0.000
0.000
0.000
0.000
0.076
2.701
0.545
1.997
4.997
0.161
0.000
0.000
0.000
0.000
0.000
0.380
0.001
0.000
0.000
0.000
0.495
3.047
0.166
0.000
0.000
0.000
0.255
0.000
0.000
0.000
0.000
0.028
0.001
0.043
0.036
0.000
0.000
0.000
0.000
0.000
0.000
0.000
0.607
0.000
0.684
6.711
0.000
0.222
7.522
0.000
0.931
1.002
0.700
0.000
0.000
0.000
0.000
0.000
0.008
0.013
0.000
0.000
0.000
0.000
3.049
0.000
0.000
0.000
0.000
0.000
15.047
1.677
0.000
0.000
0.000
0.000
0.000
0.000
0.000
0.000
0.179
19.333
7.114
0.000
15.805
0.012
0.000
0.189
0.000
0.539
0.000
0.000
0.000
0.005
0.000
0.097
0.010
0.086
0.455
11.658
0.708
0.000
0.850
0.000
0.000
0.000
0.261
0.404
0.183
10.785
4.752
2.810
0.000
0.000
8.343
0.240
0.429
0.223
0.000
0.000
0.000
11.131
1.058
0.499
0.000
0.794
3.096
1.465
3.888
0.063
23.515
1.210
5.832
37.996
0.716
0.000
40.196
0.004
4.404
0.823
0.000
8.300
16.162
0.000
11.608
7.413
0.000
1.723
0.000
0.000
0.001
3.293
1.688
0.403
36.034
8.527
0.003
5.027
0.004
0.040
7.310
4.525
0.232
0.005
0.000
19.551
7.213
5.616
6.761
2.056
0.044
0.337
0.243
0.324
0.000
0.014
0.161
13.299
2.520
0.014
2.665
0.253
0.000
0.000
3.685
2.065
0.000
0.000
0.000
0.000
9.024
0.000
0.000
0.000
0.000
0.162
9.106
0.596
0.000
0.000
7.058
11.198
0.423
10.673
0.000
0.561
0.000
4.175
3.055
1.171
0.013
0.058
5.565
6.228
0.525
0.000
0.000
0.000
0.000
1.451
13.494
18.098
5.902
15.180
2.003
1.239
0.000
0.000
0.000
2.817
1.456
0.627
0.000
0.000
0.000
0.031
0.090
0.000
0.000
0.002
0.000
8.831
4.550
0.008
0.002
7.483
3.900
0.169
0.106
0.000
0.000
0.000
0.000
0.000
16.311
5.209
28.217
6.979
1.033
0.000
0.414
2.693
1.808
0.597
0.065
0.000
0.034
0.000
0.000
0.000
0.000
0.000
0.000
0.000
0.000
0.000
0.011
0.000
0.000
0.000
0.000
0.000
3.737
2.589
0.000
0.000
0.000
5.583
0.180
0.000
12.077
0.000
0.000
0.000
0.000
0.004
0.008
4.778
0.055
0.000
0.000
0.000
0.000
0.000
1.084
0.000
0.000
0.277
3.850
0.000
0.000
0.019
0.191
0.000
1.232
0.993
0.000
0.000
0.000
0.000
0.000
0.000
0.000
0.000
0.000
0.000
0.000
0.000
0.000
0.518
0.009
0.000
0.055
0.000
0.000
0.000
0.000
0.000
0.000
0.000
0.017
0.733
0.001
10.936
0.384
0.000
0.000
1.999
6.700
0.000
0.000
0.256
0.000
0.009
0.000
0.000
0.000
0.000
0.000
0.000
0.000
0.000
0.000
0.000
0.000
0.000
0.000
0.000
0.016
0.000
1.082
4.212
0.000
0.000
0.000
0.000
8.860
0.000
0.635
0.000
0.040
0.041
0.175
0.011
0.000
0.000
0.249
3.394
1.207
0.000
0.000
0.000
0.000
0.000
5.613
2.322
1.389
0.000
0.000
0.000
0.000
0.000
0.000
0.000
0.000
0.000
0.000
0.385
0.445
1.681
0.000
0.000
0.000
0.062
0.342
5.251
13.163
8.519
0.000
0.000
0.000
0.756
0.000
0.011
0.395
0.859
0.857
0.040
0.000
0.000
0.000
0.936
7.894
9.183
0.000
0.086
1.621
0.537
0.000
1.491
0.000
0.000
0.000
0.794
4.238
0.000
0.000
0.008
0.299
0.000
0.000
0.000
0.000
1.744
0.101
3.209
0.008
1.703
0.001
13.189
6.005
0.000
0.000
0.000
12.998
0.000
1.256
0.000
0.000
0.000
3.462
0.000
0.000
0.000
0.000
7.080
0.001
0.561
2.873
0.001
0.000
0.000
0.000
1.096
0.001
0.000
0.003
0.921
5.060
4.826
0.562
1.749
0.703
0.000
0.000
0.000
0.000
0.000
0.000
0.000
0.000
0.000
0.000
0.454
2.358
0.000
0.000
2.003
6.367
3.039
3.404
0.199
1.327
0.076
26.002
12.235
35.502
30.148
0.091
4.669
0.876
9.013
0.000
11.037
21.405
11.090
0.006
0.000
12.065
2.171
2.671
7.518
0.620
5.055
0.016
0.083
0.000
0.015
0.000
0.178
0.038
0.000
1.936
0.017
0.000
0.539
0.087
0.019
0.115
3.873
1.940
0.523
0.000
0.246
0.030
6.457
3.684
0.000
0.000
0.000
0.000
19.362
0.001
0.000
0.000
0.026
19.861
56.161
3.916
0.000
3.892
0.000
0.020
0.698
0.201
0.000
0.000
0.000
1.072
4.138
4.024
0.001
0.031
0.012
0.000
0.000
0.000
0.006
0.434
7.972
0.000
0.010
2.435
0.093
0.000
3.679
0.000
0.003
0.000
0.000
0.000
0.000
0.000
44.685
46.840
0.495
17.020
1.643
7.219
0.906
0.012
0.000
6.531
3.390
0.000
0.000
0.027
2.992
0.108
0.042
0.000
0.000
5.428
3.238
0.213
1.988
0.104
12.088
0.488
0.000
0.915
5.745
3.030
0.150
0.261
1.123
2.778
2.935
0.158
0.000
0.000
0.000
0.000
1.215
4.323
0.000
0.000
0.000
1.158
0.002
0.300
1.510
0.000
0.037
0.190
0.548
0.000
0.000
0.041
2.342
10.027
0.883
0.000
0.000
6.579
0.000
1.419
0.231
0.316
2.408
0.028
0.000
3.120
6.907
0.001
0.000
0.143
2.829
11.742
0.030
0.000
0.000
0.002
0.014
0.002
0.000
0.046
0.000
0.000
0.000
0.000
0.349
0.000
0.000
0.000
0.000
2.300
0.982
0.000
0.000
0.000
0.003
0.000
0.090
0.526
0.000
2.947
0.382
0.000
0.000
0.024
1.918
1.249
15.488
1.875
0.000
0.083
0.000
0.000
0.000
0.000
0.000
0.000
0.021
6.951
0.523
0.000
0.000
0.000
0.000
0.000
0.000
0.513
0.001
0.000
0.000
0.009
2.630
0.639
0.115
0.061
0.484
0.001
1.107
0.002
0.010
0.000
0.115
0.000
6.657
0.529
0.000
0.010
9.076
2.670
0.000
0.000
0.000
0.000
0.041
0.817
0.001
0.000
0.000
0.000
0.000
0.000
0.000
0.000
0.000
0.000
0.316
0.099
0.754
0.122
0.000
0.000
0.000
0.000
6.634
3.257
0.000
0.000
0.780
5.085
0.353
0.009
0.000
2.108
0.000
2.668
0.000
0.000
0.000
0.000
0.000
0.043
0.555
3.876
0.008
0.000
0.007
0.239
0.000
0.004
0.000
0.017
0.000
0.141
0.099
1.809
7.361
10.009
0.232
0.000
0.000
0.000
0.000
0.000
0.000
0.000
0.000
0.000
2.742
0.132
0.024
0.025
0.000
0.000
0.000
0.003
1.841
5.478
11.221
16.459
1.493
0.003
3.290
4.313
0.000
0.000
0.000
0.000
0.000
0.000
0.000
0.000
0.000
2.481
0.005
8.750
0.187
0.001
9.243
0.050
0.000
0.000
0.000
0.000
0.000
0.000
0.000
0.532
8.294
0.013
0.000
0.029
0.289
0.014
3.211
1.531
6.192
0.017
9.669
1.221
0.106
5.888
4.664
0.016
3.397
0.000
0.000
0.000
4.105
7.648
4.799
5.298
0.000
12.729
6.815
1.808
1.316
5.272
0.502
0.000
3.950
2.480
0.000
2.219
10.155
0.578
4.755
2.419
0.001
5.217
15.136
0.128
0.196
2.639
0.000
0.000
0.443
3.145
14.992
2.922
20.317
0.038
0.000
0.000
0.000
0.000
0.985
0.557
0.076
0.000
0.305
0.000
0.031
3.513
0.000
13.050
0.000
0.000
0.000
0.005
0.000
0.002
0.000
0.000
0.000
0.181
25.058
0.488
7.701
0.000
0.000
19.241
2.560
0.003
1.284
2.055
0.735
0.000
0.000
0.000
0.017
0.050
0.000
0.000
0.399
2.373
5.932
0.707
0.081
0.865
13.533
14.855
9.523
0.045
2.186
0.000
0.149
0.000
0.015
0.000
0.039
0.000
0.147
0.750
0.000
0.000
0.000
0.000
0.152
0.224
0.005
23.419
25.896
0.000
0.000
0.561
0.000
0.112
0.130
1.144
0.057
10.779
0.007
0.000
40.045
0.001
0.006
0.000
0.000
0.000
0.001
3.235
2.974
0.219
0.119
0.000
0.000
0.010
0.000
0.029
4.588
4.174
23.504
5.302
0.000
0.000
5.613
0.000
0.039
0.309
0.029
0.000
0.000
0.000
0.000
17.763
1.603
2.822
0.000
0.000
0.001
0.002
0.010
0.000
0.004
0.000
0.200
3.061
0.293
0.000
0.554
0.140
1.491
2.930
0.004
0.000
2.362
0.000
2.192
2.358
0.000
0.000
0.000
0.493
1.143
4.079
2.449
0.015
0.004
0.000
7.010
24.441
0.000
0.000
0.270
0.001
2.199
0.000
0.268
0.009
0.000
0.664
0.052
0.000
0.000
0.048
0.000
0.000
1.688
3.062
5.450
0.000
0.000
1.317
0.000
0.596
0.542
2.672
0.000
0.000
0.000
0.025
0.000
0.000
0.001
0.017
0.000
0.023
1.019
0.418
0.000
0.000
0.000
2.874
0.070
0.052
0.001
0.000
0.000
0.000
0.000
0.000
0.001
0.000
0.001
0.839
11.927
0.286
3.361
5.946
0.003
0.550
0.000
0.000
0.000
0.412
0.058
0.000
0.249
4.245
0.000
0.000
0.000
0.000
0.000
0.000
0.000
0.000
0.000
0.048
10.289
0.000
0.000
0.000
0.000
0.004
0.000
0.000
0.000
0.000
0.000
2.567
17.805
5.719
0.102
0.000
0.000
0.000
0.000
0.000
0.000
0.000
0.000
0.000
0.000
0.000
0.000
0.000
0.000
0.000
0.000
0.000
0.000
4.345
0.037
0.109
0.043
0.000
0.000
0.000
0.055
1.345
0.853
0.012
9.728
1.608
0.000
2.193
1.633
0.000
4.324
2.257
0.405
0.000
4.685
7.157
0.291
0.137
0.014
15.354
6.237
0.332
0.000
0.000
0.000
0.006
0.000
0.000
0.000
0.000
1.604
0.118
3.679
0.000
0.000
0.000
0.000
0.000
0.000
0.000
0.000
0.000
10.585
0.552
0.419
12.707
0.138
1.859
0.000
0.002
23.574
14.711
25.992
0.166
0.000
20.193
14.957
11.728
0.000
20.835
8.215
15.515
1.205
3.140
0.612
11.975
0.000
0.000
1.297
0.245
15.555
29.487
1.274
0.631
0.000
0.000
0.018
1.535
0.000
0.002
0.007
0.000
2.747
7.642
0.979
0.003
0.000
0.000
0.000
1.230
0.000
2.979
2.334
0.000
5.969
0.038
0.725
0.619
3.094
0.997
1.365
0.002
0.002
0.036
2.966
0.618
0.122
0.090
12.795
0.007
0.020
1.258
2.638
0.395
2.957
0.002
0.000
0.000
0.055
0.047
10.271
0.000
0.008
0.008
0.000
0.000
0.000
6.512
0.403
0.000
0.023
0.000
4.523
1.693
18.041
14.821
7.259
0.000
0.496
0.000
0.000
0.000
0.000
0.000
0.000
0.000
0.000
18.985
0.264
0.887
0.000
0.000
0.000
2.058
4.811
0.591
0.000
0.281
11.423
0.280
10.858
6.216
31.761
0.764
0.023
0.000
0.000
0.000
0.000
0.018
0.046
0.000
0.007
0.140
0.000
0.000
0.000
0.000
0.255
0.000
3.489
5.015
3.306
6.508
0.000
0.108
0.000
0.000
0.000
0.056
1.455
0.125
0.115
1.224
6.583
0.000
0.000
0.028
0.000
0.000
0.000
0.000
7.192
0.026
0.103
0.000
0.000
0.001
0.000
0.000
0.000
0.000
0.000
0.916
0.245
1.529
0.000
0.000
0.005
0.000
0.000
0.000
0.000
0.000
0.000
0.000
0.000
0.000
0.000
0.000
0.000
0.000
0.000
0.000
0.000
0.000
0.000
0.000
0.595
0.612
0.672
0.000
0.000
0.000
0.000
0.000
0.075
3.200
0.000
0.000
0.818
2.929
0.000
3.264
0.000
3.308
0.004
0.040
0.314
0.029
0.008
0.052
0.000
0.046
1.629
0.001
0.237
0.329
0.000
0.000
0.000
0.000
0.000
0.000
1.370
0.024
0.000
0.000
0.000
0.000
0.000
0.000
0.000
0.000
0.000
0.587
0.000
2.765
1.250
2.231
0.000
0.002
0.085
0.000
0.000
0.789
0.083
0.000
3.295
1.849
7.416
0.930
0.257
0.171
0.000
0.000
2.468
0.000
0.045
0.000
0.000
0.000
0.000
0.094
0.328
0.000
0.000
0.000
0.000
0.000
0.000
0.000
0.619
0.138
0.000
0.009
0.333
0.285
0.000
0.001
22.038
0.000
9.411
0.132
0.000
0.000
0.000
0.379
5.228
5.092
0.000
0.000
0.021
0.041
7.003
2.486
0.000
0.000
0.000
0.000
0.001
0.007
0.000
0.000
0.000
0.000
0.000
0.000
0.000
0.000
0.000
0.000
0.000
2.773
0.000
0.000
0.138
0.000
0.000
0.888
0.001
0.000
0.947
14.294
7.968
4.740
3.907
38.527
0.085
1.357
2.561
0.000
0.000
0.000
0.000
0.000
0.000
0.397
0.000
7.566
0.000
11.310
10.676
3.241
13.183
1.089
0.000
0.228
0.471
0.000
0.003
0.000
0.000
15.150
19.705
17.720
0.000
0.343
6.227
14.534
4.095
15.176
3.234
0.623
1.063
0.002
0.097
2.770
2.880
9.880
20.719
1.377
0.513
0.029
0.000
1.142
0.000
0.028
9.196
8.446
4.837
0.000
0.431
0.000
0.000
0.006
2.354
29.423
0.000
0.000
0.018
10.536
0.058
4.815
0.002
0.000
0.000
0.000
0.000
2.488
0.012
0.005
0.640
0.000
0.000
0.000
0.037
0.001
0.010
0.070
0.000
0.000
0.000
0.000
0.000
0.000
0.000
0.001
0.000
2.764
9.872
0.013
1.901
8.291
0.000
4.322
6.109
0.140
0.161
0.000
0.361
2.352
0.000
0.000
0.000
5.040
0.045
0.378
0.000
0.000
0.000
0.000
0.000
0.000
0.000
0.000
0.438
13.590
28.033
0.000
0.000
0.000
0.000
0.000
0.183
0.000
0.000
0.000
0.039
0.744
7.444
4.506
0.068
0.009
6.394
0.207
0.000
0.000
0.000
2.746
16.044
1.663
0.000
0.000
0.000
0.000
6.523
0.345
0.302
0.602
36.016
32.048
8.846
0.890
0.018
0.000
0.000
0.000
0.000
1.198
0.962
0.000
0.000
1.339
3.925
0.098
0.000
0.000
0.000
0.000
0.000
0.000
0.000
0.000
0.922
6.258
18.851
0.067
0.000
0.508
0.000
5.579
0.255
1.466
14.943
0.000
0.000
1.349
2.239
0.000
0.000
0.000
0.000
0.000
0.000
0.000
0.000
0.000
0.000
0.151
10.255
0.036
0.165
0.000
0.000
0.000
0.000
0.000
0.000
0.000
0.000
0.000
0.000
7.848
0.027
0.156
1.409
0.045
0.000
0.000
0.020
0.000
5.237
1.380
0.287
0.000
0.101
0.000
1.426
2.751
0.356
0.005
0.028
0.000
0.000
0.000
0.370
0.994
1.364
0.033
2.694
0.000
0.013
0.000
3.959
0.109
0.000
0.000
4.188
0.000
0.199
0.208
0.000
5.675
0.401
0.000
0.000
0.000
0.000
2.166
0.000
1.377
0.001
0.000
0.000
0.000
0.000
0.057
0.331
0.297
0.000
0.000
0.000
5.015
0.309
0.000
0.000
0.000
0.000
0.000
0.000
0.934
0.000
0.000
0.004
1.935
0.118
0.000
0.000
0.235
0.581
0.000
0.000
0.772
7.658
0.024
0.000
0.000
0.000
0.000
0.000
0.000
0.007
0.904
0.000
0.000
0.000
0.000
0.000
0.000
0.000
0.000
0.031
14.125
5.998
0.364
0.000
0.073
7.421
0.000
22.613
0.381
10.935
5.639
0.002
0.000
0.000
1.885
0.009
0.000
0.434
1.297
2.106
0.083
0.031
1.231
0.036
0.349
0.000
0.000
0.000
0.000
0.000
0.000
0.000
0.000
0.000
0.000
0.000
0.014
3.930
19.107
8.191
17.160
1.618
0.016
23.769
18.852
12.093
23.970
1.641
1.737
4.771
4.155
0.002
0.008
2.613
2.422
0.072
4.486
1.193
0.002
0.002
0.086
0.000
0.000
0.000
5.103
0.583
0.156
0.002
0.278
35.876
4.643
7.504
0.169
0.614
15.321
0.002
0.000
0.000
0.000
0.061
0.307
0.000
0.000
0.160
1.033
0.194
2.122
17.977
1.267
0.242
5.852
7.594
4.136
5.885
6.678
0.467
2.624
0.473
8.795
38.246
0.669
0.000
6.061
24.681
3.245
0.001
0.090
24.778
0.080
7.997
25.335
0.004
0.009
0.014
0.000
0.000
0.000
4.178
0.001
0.310
19.767
0.000
2.272
4.150
0.000
0.000
0.000
0.000
19.964
0.002
0.000
0.149
0.219
0.000
15.786
5.839
5.156
12.257
49.054
0.002
0.000
0.753
0.000
8.192
0.002
0.000
0.002
0.213
15.022
2.465
0.002
0.000
0.000
0.000
0.000
0.118
7.320
0.000
2.817
13.722
23.923
7.653
0.645
0.000
1.353
3.285
1.055
0.390
8.929
4.396
4.271
0.078
0.000
0.000
0.003
0.162
0.429
0.026
0.000
0.000
0.010
2.662
11.290
3.789
0.002
0.000
0.000
0.000
0.000
0.000
0.000
0.000
0.000
0.159
15.441
0.026
0.000
0.000
0.002
0.000
0.039
0.654
1.379
0.496
1.730
5.059
0.111
0.000
0.282
0.004
0.000
0.000
0.000
0.000
0.000
0.000
1.012
0.000
0.128
0.039
0.000
0.000
0.000
0.000
0.000
0.000
0.000
0.000
0.000
0.000
0.000
0.000
0.000
0.000
0.000
0.000
0.321
0.000
0.001
0.001
0.000
0.000
0.000
0.000
0.000
0.000
0.000
0.000
0.000
0.000
0.000
0.015
0.000
0.000
0.000
0.000
0.000
0.000
0.000
0.014
0.012
0.000
0.911
0.000
0.000
0.000
0.977
0.677
0.019
0.000
0.508
0.697
0.082
0.089
3.339
0.017
0.000
0.487
0.097
0.045
0.000
0.000
0.778
0.120
1.616
0.000
0.000
0.000
0.973
0.000
0.000
0.002
0.000
0.000
0.000
0.193
0.225
0.511
0.017
0.004
0.151
0.633
0.051
0.000
0.000
0.000
0.000
0.000
0.000
0.000
0.000
0.076
0.555
0.743
0.013
0.000
0.000
0.000
0.000
0.723
0.240
0.688
0.182
0.583
0.947
4.682
0.277
0.149
0.000
0.000
0.000
0.000
0.000
2.368
0.812
8.400
0.206
0.000
0.000
0.000
0.000
0.000
0.000
0.000
0.117
3.096
1.247
15.545
0.340
0.000
0.000
0.000
0.242
5.631
0.000
0.000
0.000
0.000
0.000
0.000
0.000
0.000
7.456
5.200
0.006
2.199
0.000
0.000
0.000
0.000
0.077
0.041
10.989
0.063
0.484
9.543
0.000
0.028
0.012
0.008
3.823
0.015
1.303
0.320
1.857
0.000
0.012
0.000
0.024
2.235
0.002
0.000
0.000
0.000
0.000
0.076
0.000
0.526
0.000
0.485
4.652
0.001
0.000
0.000
0.000
0.000
0.476
28.526
0.169
0.052
4.491
7.654
2.481
1.407
0.368
2.133
0.001
0.000
0.000
0.000
2.770
4.431
0.504
0.377
0.798
0.018
0.010
6.869
0.002
11.274
0.163
2.150
2.793
0.559
2.750
0.122
0.000
0.000
0.000
0.066
0.206
0.066
0.211
0.483
21.118
7.310
15.769
2.149
12.186
2.854
29.501
3.111
6.909
1.537
0.002
0.430
6.426
0.416
0.041
2.153
0.003
1.092
3.626
0.466
0.002
5.285
0.002
1.789
7.398
2.542
0.143
0.205
3.236
0.018
0.000
0.000
0.000
0.000
0.084
0.114
2.845
0.005
0.002
0.000
0.000
1.474
36.865
0.084
0.002
0.002
0.000
0.000
5.800
0.000
0.000
0.001
0.856
14.773
0.292
1.195
7.283
0.000
0.000
3.951
4.633
2.069
61.217
2.975
6.167
0.009
0.177
1.503
4.622
0.302
0.331
0.002
0.040
1.586
0.002
0.161
1.979
0.045
25.202
0.415
0.238
11.457
0.213
0.223
3.603
9.627
0.002
0.006
0.020
0.047
0.009
0.001
0.008
0.000
0.000
0.000
0.007
5.666
0.768
1.148
3.148
20.484
0.066
0.181
0.000
0.133
0.503
0.005
0.000
0.163
2.731
0.415
0.000
2.451
0.729
0.035
0.000
0.000
0.000
0.000
0.000
0.000
26.493
2.218
4.866
0.006
0.002
0.001
0.000
0.000
0.000
0.000
0.000
4.329
4.111
8.365
0.002
0.059
1.797
1.494
29.193
8.111
1.150
0.000
0.001
10.406
18.629
4.632
0.000
0.000
0.022
4.153
6.936
2.016
0.000
0.719
0.370
0.714
1.759
4.525
0.393
0.000
0.000
0.000
0.000
0.000
0.538
0.461
7.042
0.000
0.000
0.000
0.000
0.018
0.000
1.002
2.008
0.219
0.001
1.052
0.179
0.000
0.000
0.063
0.000
1.818
0.153
4.046
0.488
0.251
1.663
0.000
0.002
0.000
0.000
0.374
0.299
1.390
1.861
0.599
0.024
0.000
0.022
0.907
0.000
0.000
0.604
0.000
0.405
0.000
0.000
0.000
0.766
0.018
0.041
2.572
0.716
0.033
0.343
0.000
0.000
0.023
0.000
0.064
0.002
0.000
0.097
0.001
0.000
0.000
2.794
2.932
0.000
0.000
0.619
0.026
0.182
0.036
0.000
7.100
3.239
0.000
0.000
3.918
0.000
0.000
0.000
0.000
0.000
0.000
0.000
0.000
0.000
0.629
0.208
3.325
13.596
5.284
0.000
0.000
0.000
0.000
0.000
0.000
0.000
0.000
0.000
0.007
0.000
0.000
0.000
1.147
3.674
0.018
0.000
0.000
0.000
0.000
0.000
0.018
0.000
0.000
0.000
0.000
0.000
0.000
0.001
0.000
0.128
0.000
0.230
0.023
1.705
0.000
0.000
1.311
3.249
27.574
7.082
4.077
0.339
2.029
18.589
0.234
1.089
0.747
1.586
0.001
0.000
0.000
0.000
0.224
3.225
25.923
0.010
0.000
0.000
0.284
0.108
0.000
8.224
0.728
2.798
0.005
0.000
0.139
3.232
5.483
0.943
0.005
0.655
0.000
0.071
0.507
0.713
0.381
0.640
0.008
0.002
0.639
5.019
25.932
14.021
19.232
5.162
0.501
10.406
0.825
0.698
0.000
0.000
0.000
6.095
12.583
0.001
0.387
0.083
0.022
1.071
0.292
0.908
0.692
1.114
6.524
7.076
25.921
7.725
0.198
0.281
3.174
2.224
1.952
3.366
0.005
0.001
0.005
0.002
0.013
0.000
0.001
0.030
0.000
0.008
0.759
2.203
0.176
0.017
0.426
0.931
0.000
0.045
0.000
0.000
0.000
0.014
0.542
2.216
1.599
1.060
10.981
15.793
1.255
2.059
0.884
0.009
0.000
0.000
0.000
0.140
10.516
0.704
0.816
2.563
2.737
0.000
0.000
0.002
0.000
0.000
0.000
10.687
29.215
0.002
0.002
0.021
0.002
0.000
4.883
7.576
0.028
14.285
0.006
0.433
0.000
0.002
0.000
0.000
0.000
0.021
2.210
0.002
1.206
4.430
0.012
0.327
0.019
0.000
0.000
0.000
0.000
12.108
11.664
1.050
10.174
0.000
0.002
0.000
0.013
0.489
0.002
0.208
0.420
0.319
0.266
1.146
1.922
9.986
0.474
0.000
0.000
0.000
0.000
0.000
0.001
0.000
0.000
0.000
0.000
0.001
0.000
0.000
0.067
3.594
21.143
18.091
0.252
4.461
3.047
2.417
0.434
0.147
0.045
0.000
0.707
0.429
0.401
6.745
8.465
5.184
0.998
0.004
0.000
0.009
0.000
0.061
0.000
0.000
0.000
0.000
0.000
0.000
0.038
4.003
0.000
0.000
0.000
0.000
0.133
0.000
0.000
0.000
0.000
0.021
0.076
0.000
0.000
0.000
0.000
2.978
16.608
4.628
7.215
5.053
2.389
0.625
0.007
0.046
0.103
0.073
5.146
1.660
0.000
0.000
0.000
0.000
0.000
0.000
0.000
0.000
0.000
0.138
0.000
0.000
0.000
0.000
0.000
0.078
6.599
0.387
0.000
0.013
0.095
0.356
0.331
0.000
0.023
0.000
0.000
0.000
0.000
0.000
0.000
0.000
0.000
0.000
0.000
0.000
0.000
0.000
0.000
0.062
0.000
0.178
0.039
0.136
0.000
0.042
0.492
0.000
0.000
0.087
0.000
0.000
0.091
2.601
1.946
0.000
0.000
0.001
0.000
0.000
0.000
0.000
0.000
0.000
0.000
0.000
0.000
0.335
0.000
0.000
0.024
0.049
0.007
0.000
0.061
1.832
0.000
0.000
0.000
0.014
0.216
0.510
0.000
0.012
0.000
0.000
0.000
0.024
0.026
0.002
0.000
7.916
5.444
2.033
0.032
0.000
0.005
0.000
0.774
0.000
0.000
0.000
0.184
0.060
1.685
0.000
0.000
0.000
0.000
0.000
0.032
1.162
0.429
0.031
0.282
0.132
2.334
0.000
0.000
0.000
0.000
0.000
0.000
0.000
2.187
5.990
0.000
0.256
1.903
0.028
0.000
8.151
4.975
1.490
0.000
0.031
1.312
0.092
0.345
0.810
0.002
1.278
4.084
1.475
0.825
0.097
0.007
0.000
2.109
1.761
1.721
0.126
6.505
17.170
0.666
0.000
6.303
0.738
0.035
0.029
0.000
0.000
0.000
0.000
0.000
0.000
0.000
1.667
0.000
0.000
0.018
0.000
0.000
8.135
7.800
0.000
0.000
0.000
2.335
0.008
0.000
0.000
1.104
1.013
1.424
5.327
2.970
0.092
0.241
1.413
6.522
0.000
0.002
0.000
25.907
7.837
0.895
0.468
77.179
16.287
4.317
0.006
0.000
0.000
0.025
0.014
0.000
0.023
0.006
0.000
0.000
0.058
0.645
46.184
0.001
14.947
6.005
0.000
0.000
0.000
0.000
0.000
0.000
4.335
0.000
0.013
6.281
6.292
0.000
0.373
11.566
0.705
1.551
13.720
1.806
0.000
0.027
17.697
1.685
0.012
2.719
0.001
0.000
0.209
0.001
0.013
20.975
0.461
20.237
0.070
0.193
7.439
5.930
16.914
0.087
0.001
0.001
0.598
0.000
0.010
0.000
0.000
0.000
0.042
0.000
35.719
0.004
0.468
4.791
2.634
4.789
0.000
3.739
0.101
0.000
0.000
0.469
14.886
0.000
0.000
0.000
0.000
0.000
0.000
0.000
0.000
16.763
0.012
1.889
0.024
8.243
1.358
0.022
0.370
0.000
0.464
0.317
0.402
0.026
0.002
0.000
19.438
6.090
4.091
2.028
0.002
0.064
0.022
0.010
11.168
0.033
0.122
0.002
0.014
1.433
4.150
1.389
0.002
0.575
0.000
0.000
0.000
0.070
0.003
0.086
2.296
2.978
0.294
0.009
0.000
0.000
0.000
0.000
0.029
0.001
0.000
0.000
0.000
0.000
0.000
0.110
0.722
3.129
0.000
0.000
0.000
0.000
0.000
0.219
3.499
0.000
0.037
0.016
0.228
0.000
0.000
0.000
0.000
0.004
0.020
0.000
0.011
0.074
0.000
0.000
0.000
0.000
0.000
0.000
0.000
0.000
0.000
0.000
0.000
0.000
0.470
3.536
2.274
2.408
0.027
0.111
0.452
0.004
0.000
0.000
0.000
0.046
0.000
0.000
0.000
0.000
0.000
0.000
0.004
0.000
0.000
0.000
0.005
0.087
0.113
0.000
0.000
0.000
0.000
0.000
0.000
0.012
0.801
0.106
0.000
0.002
0.000
0.000
0.002
0.000
0.011
0.801
0.000
0.000
0.011
0.734
0.000
0.019
0.846
0.000
0.000
0.000
0.000
0.063
0.000
0.000
0.030
0.001
0.000
0.000
0.000
0.000
0.022
2.187
0.057
0.000
0.012
0.003
0.000
0.000
0.000
0.000
0.000
0.000
0.107
0.367
1.526
0.523
0.000
0.493
2.454
0.000
0.000
0.162
0.020
0.057
1.581
0.000
0.000
0.000
0.000
0.000
0.000
0.036
1.202
0.000
0.045
0.124
0.000
0.068
2.313
2.876
0.000
0.000
0.000
0.885
4.481
0.083
2.973
0.047
0.000
0.000
0.000
0.000
0.000
0.000
0.000
0.000
0.000
0.000
2.207
13.175
0.000
10.383
2.774
2.879
0.000
0.000
0.000
0.000
0.000
0.302
0.000
0.000
0.000
0.000
0.000
0.000
0.005
5.992
4.686
1.523
0.000
17.437
8.886
1.399
0.004
0.000
0.007
0.000
0.000
0.000
0.867
17.264
2.404
0.002
2.760
0.620
0.001
0.001
0.000
0.000
7.720
0.001
3.124
3.417
0.000
0.270
0.555
0.025
1.184
2.053
4.025
1.580
4.062
8.694
1.214
9.192
0.042
0.000
0.000
0.011
15.662
0.509
0.000
0.000
0.000
8.294
3.554
18.832
25.777
3.995
0.056
2.450
9.041
0.001
0.392
0.000
46.972
0.082
0.002
0.122
9.712
0.000
0.000
30.945
4.594
1.995
0.001
0.198
4.275
0.003
0.680
0.000
0.000
12.849
0.145
2.140
0.000
0.007
0.000
0.404
0.000
0.000
6.914
6.036
7.898
0.058
2.034
2.589
0.025
0.055
1.269
0.751
0.000
0.000
0.000
5.993
0.000
0.000
0.000
0.000
0.000
0.000
0.000
1.778
0.083
16.365
0.005
4.880
6.373
0.001
2.049
0.000
2.416
0.230
0.042
0.000
0.000
0.514
0.272
0.017
0.000
0.000
0.000
0.000
0.000
1.118
5.950
12.814
0.073
0.003
0.006
0.000
0.000
9.741
6.879
0.004
0.285
3.042
0.013
0.001
0.981
0.111
0.495
0.173
1.484
0.392
0.000
0.000
0.000
0.000
0.000
0.000
0.000
0.000
0.000
0.000
0.001
16.053
0.000
0.000
0.002
0.000
0.000
0.000
0.000
0.000
0.004
0.016
0.000
2.720
0.689
0.002
0.000
10.615
3.882
0.521
1.230
0.000
0.000
0.016
4.813
2.456
0.000
0.000
0.000
0.000
0.000
0.000
4.638
0.001
0.148
0.000
0.000
0.682
0.245
0.000
0.000
0.000
0.030
1.857
8.054
0.041
0.107
0.001
0.001
0.183
0.000
0.042
0.000
0.000
0.001
0.149
0.000
0.000
0.000
0.000
0.000
0.000
0.000
0.070
0.000
0.000
4.717
0.000
0.026
0.000
0.000
0.000
0.000
0.000
0.000
0.000
0.000
0.305
0.233
1.932
0.577
2.444
0.000
0.000
0.000
0.000
0.000
0.000
0.000
0.000
0.000
0.000
0.001
0.389
0.192
3.153
0.000
0.000
0.000
0.000
0.000
0.000
0.914
0.184
2.308
0.000
0.048
12.239
1.004
0.013
0.000
0.000
0.175
0.001
1.067
0.000
0.000
0.942
3.038
0.074
0.010
1.040
0.002
0.032
0.021
0.000
0.000
0.000
0.000
0.000
0.151
0.099
6.241
0.002
0.003
0.025
0.000
0.000
0.000
0.000
0.000
0.155
3.965
1.510
0.445
3.722
1.115
2.493
0.456
2.357
0.024
0.000
1.885
0.000
0.064
1.551
0.290
0.337
3.204
0.427
0.000
0.000
0.000
0.000
0.000
0.000
3.542
5.201
0.158
3.449
0.781
0.000
0.000
0.000
0.000
0.000
0.000
0.000
0.031
0.160
0.418
0.000
0.000
0.000
0.000
0.000
0.000
0.006
0.027
0.016
3.993
3.998
0.000
9.170
0.000
0.000
0.000
1.000
0.195
0.000
0.576
0.910
0.000
0.000
0.000
0.038
0.146
0.000
0.005
0.000
0.602
0.000
1.351
0.305
24.128
5.441
0.112
0.000
0.946
20.940
0.018
0.000
6.099
0.003
0.005
1.055
0.197
14.995
0.003
4.239
0.000
0.000
7.800
9.642
3.265
0.066
0.000
0.000
0.668
0.315
0.130
0.000
0.733
0.000
0.470
1.082
3.220
0.217
0.004
3.535
0.000
1.016
0.000
0.000
0.000
0.002
0.153
8.069
0.941
0.719
0.219
0.488
0.003
0.000
0.000
0.168
14.509
24.062
1.198
7.084
23.309
2.024
1.191
0.000
31.261
1.003
1.865
0.000
0.001
0.291
0.000
0.000
0.010
0.001
0.016
0.001
0.000
0.000
0.000
0.000
0.000
0.028
17.068
6.619
4.172
0.000
0.224
0.000
0.000
0.000
0.000
8.041
1.233
8.662
4.255
3.184
0.000
0.000
1.604
0.000
0.226
1.192
3.204
0.138
0.000
0.000
4.703
0.000
0.396
0.992
0.348
0.021
0.000
0.020
5.049
0.826
2.566
0.010
0.000
0.000
48.708
36.876
0.000
0.000
0.000
0.000
0.000
0.000
0.000
0.211
6.248
51.069
0.003
0.000
0.000
5.946
37.934
0.543
2.529
9.254
0.000
0.000
0.000
0.000
0.000
1.135
13.566
1.961
0.000
0.000
0.000
0.000
0.000
0.022
0.271
0.000
0.000
0.032
3.334
0.020
1.335
2.344
0.356
0.052
0.009
1.507
0.012
0.316
10.418
4.076
0.561
0.172
0.363
0.103
4.852
12.936
3.261
0.219
1.427
0.000
0.000
0.000
0.000
0.000
0.000
0.000
0.000
0.000
0.000
0.000
0.000
0.000
0.000
0.035
0.000
0.000
6.921
0.000
0.038
0.000
0.208
0.000
0.404
1.798
0.003
0.006
0.000
0.000
1.635
0.000
0.987
0.000
2.339
2.473
0.000
0.000
8.965
0.000
1.684
0.258
0.023
0.000
0.000
0.000
0.000
0.000
1.784
0.750
0.000
0.000
0.000
0.000
0.000
1.249
0.000
0.000
0.954
8.049
2.805
9.685
0.000
0.574
0.000
0.000
0.000
0.000
0.000
4.134
0.000
5.657
2.391
0.000
0.000
0.000
0.000
0.000
4.954
1.676
0.284
8.845
0.000
0.027
0.060
0.000
0.000
0.390
3.272
0.000
0.007
0.000
0.000
0.000
0.000
0.000
0.000
0.000
0.000
0.000
0.000
0.092
0.000
0.021
4.147
0.000
0.000
0.000
0.000
0.062
4.623
1.093
0.363
0.000
0.476
0.739
0.000
0.027
0.297
0.000
0.000
0.000
0.000
0.000
0.000
0.131
0.000
0.008
2.595
0.039
0.546
0.000
0.000
0.000
0.327
0.000
0.000
0.000
0.000
0.000
0.000
0.000
0.001
0.000
0.000
0.000
0.000
0.000
1.943
10.660
0.026
0.031
0.007
0.000
0.000
0.748
0.000
0.000
0.000
2.894
8.283
11.485
0.116
0.000
0.000
0.007
0.000
0.000
0.007
1.838
0.000
0.000
0.000
0.000
0.042
3.596
1.709
0.000
0.000
0.000
0.164
0.379
0.000
0.000
0.000
0.386
0.053
3.996
2.155
7.408
0.758
0.027
8.499
3.786
2.842
0.000
0.000
1.246
5.018
0.000
2.024
3.342
0.797
0.000
9.719
47.420
1.748
3.406
1.546
1.141
0.016
0.415
0.081
0.033
0.997
27.688
9.368
0.911
17.161
0.000
3.198
2.152
7.203
0.000
24.906
4.996
0.000
0.000
0.000
0.000
9.445
4.523
0.000
0.000
6.060
0.000
0.000
13.128
14.351
0.000
14.517
3.003
0.000
0.103
0.000
1.151
0.009
0.000
0.000
0.000
0.000
0.000
15.940
0.000
0.000
2.718
0.053
0.145
2.775
0.184
0.000
0.000
0.000
0.000
0.547
0.253
10.929
0.033
4.114
0.006
0.000
0.000
0.000
0.000
2.903
8.172
0.000
0.000
0.000
0.000
16.127
1.740
0.000
0.103
0.000
0.000
0.000
0.010
4.457
6.210
0.277
8.157
0.001
0.000
0.000
0.000
0.004
13.264
1.051
0.006
0.000
0.000
0.000
1.508
0.000
0.000
0.576
0.260
16.214
0.000
0.000
0.333
4.951
0.000
4.380
22.145
0.020
1.077
0.000
1.675
0.047
1.734
0.176
0.000
0.000
0.000
2.705
9.953
5.947
0.000
0.004
0.000
0.000
0.000
0.000
0.000
0.032
59.062
7.174
0.333
0.000
0.000
0.000
0.000
0.000
8.997
0.666
0.000
0.000
4.984
0.005
0.035
0.000
0.174
0.575
0.003
0.034
0.000
0.074
0.000
0.000
0.003
3.499
0.042
0.347
0.901
0.000
9.631
0.464
0.000
0.057
0.000
1.525
0.000
0.000
0.000
0.060
4.666
4.039
5.451
0.048
0.810
0.599
0.000
0.000
0.000
0.254
0.000
0.000
0.000
0.009
6.639
21.310
0.000
0.000
0.033
0.167
0.054
0.455
0.093
0.898
0.000
0.000
0.352
0.093
0.742
0.000
1.942
3.975
3.100
0.004
0.002
0.243
0.000
0.000
0.000
2.154
0.207
0.000
0.000
0.094
0.429
0.023
7.010
1.187
0.000
0.000
0.013
0.685
0.405
0.008
0.000
0.012
1.607
0.034
0.000
0.000
0.000
0.000
0.000
0.000
0.481
0.010
0.010
0.001
0.000
0.040
0.166
0.212
0.020
0.052
0.012
0.000
0.002
0.000
0.003
5.100
0.000
1.604
0.000
0.000
0.000
0.000
0.000
0.000
3.027
0.000
0.003
0.000
0.010
0.000
0.000
0.000
0.000
0.000
0.000
0.079
1.798
0.564
0.391
7.123
0.000
0.018
0.000
0.033
3.042
0.000
0.000
0.681
4.324
0.000
10.299
0.000
0.000
0.111
0.337
0.015
0.000
0.000
0.000
0.000
0.000
0.000
0.000
0.000
0.000
0.129
0.023
0.000
0.000
0.000
0.000
0.000
0.936
16.895
4.473
1.059
1.390
0.000
0.000
0.000
0.000
0.000
0.000
0.037
0.000
0.000
0.000
0.000
0.000
0.000
0.000
0.000
5.567
1.970
2.317
2.681
0.000
0.000
0.000
0.000
0.000
0.068
14.696
10.736
8.095
9.284
3.236
0.032
0.000
0.000
0.000
0.000
7.062
19.609
25.206
0.059
10.576
2.549
0.097
0.080
0.117
0.150
0.045
0.050
0.000
0.000
0.000
0.026
3.724
0.366
0.000
0.000
0.000
5.061
0.002
0.509
3.231
0.000
0.000
2.385
7.360
0.000
0.001
2.272
4.697
0.000
0.000
0.405
0.006
0.000
0.616
3.122
2.466
0.507
0.000
0.095
0.000
0.057
9.588
0.348
0.019
7.487
0.066
0.000
0.667
3.537
0.000
5.668
0.000
0.000
0.000
0.000
1.512
0.414
0.000
0.000
0.000
0.000
11.521
0.001
0.000
0.097
0.000
0.461
0.053
0.000
0.033
0.000
0.094
0.006
9.341
0.309
0.129
8.619
14.305
0.001
0.938
0.094
0.000
0.040
0.060
0.006
0.000
0.000
0.000
0.404
0.058
0.000
5.246
10.288
0.000
0.000
9.647
0.417
4.141
0.000
0.000
0.513
5.195
0.082
1.648
0.034
0.138
0.000
0.000
0.000
0.000
0.172
22.050
0.087
0.000
0.012
0.000
0.085
0.008
0.000
0.000
0.000
0.000
0.000
0.000
0.000
4.455
16.664
3.945
8.098
0.000
0.000
9.451
6.921
1.804
0.000
1.752
2.635
2.406
1.055
4.232
0.003
0.000
0.000
11.008
0.000
0.000
0.000
0.000
0.000
0.000
5.521
0.468
1.123
0.004
0.181
0.000
9.292
8.798
0.081
0.917
0.088
0.176
0.170
0.047
0.000
0.000
0.000
0.000
0.000
0.000
0.032
0.000
0.000
0.000
0.000
0.000
0.003
0.229
2.707
0.595
0.000
0.000
0.000
3.122
0.002
0.000
0.000
0.000
0.000
0.000
0.000
0.000
0.000
0.000
0.000
0.000
0.000
0.027
0.656
11.162
0.000
0.000
0.125
0.008
1.088
0.021
0.582
0.000
0.000
0.129
0.000
0.000
0.649
0.000
0.045
0.688
0.185
0.000
0.004
0.000
0.000
0.059
1.237
0.000
0.000
0.000
0.000
0.000
0.000
0.043
3.755
13.282
0.103
0.002
0.000
0.000
0.000
0.000
0.000
0.000
0.000
0.000
0.000
0.089
0.000
0.000
0.000
0.000
0.000
0.093
0.122
0.000
0.136
0.052
0.000
0.000
0.000
0.089
0.421
0.023
0.924
0.000
0.088
0.124
0.010
0.000
0.000
0.000
0.029
0.002
0.000
0.000
0.000
0.000
0.000
0.000
0.000
0.000
0.170
0.014
0.000
0.000
0.000
0.000
0.000
0.007
1.220
21.966
1.493
1.165
0.800
2.820
4.619
0.014
0.000
0.000
0.020
0.324
0.000
0.000
0.000
0.000
0.000
0.000
0.000
0.440
2.350
0.000
0.000
0.924
0.000
0.000
0.013
0.000
0.372
4.526
0.241
0.009
2.222
4.134
14.497
9.117
17.463
5.538
4.090
6.103
0.000
0.000
0.000
0.000
0.000
0.000
0.009
0.000
0.000
0.000
0.000
0.030
1.461
0.000
0.000
0.019
11.395
18.662
10.750
0.000
0.000
0.000
0.000
0.000
0.000
0.000
0.283
0.000
0.000
0.000
9.781
1.906
0.332
0.000
0.000
0.000
0.000
0.000
0.000
0.012
0.181
0.002
0.000
0.000
9.384
0.000
3.874
18.761
9.870
0.188
0.338
0.119
4.237
0.000
0.857
12.503
10.512
0.000
12.266
16.677
1.115
0.252
0.005
4.316
2.748
0.000
0.754
0.254
0.000
0.000
0.123
0.531
5.865
5.135
28.530
0.495
0.000
0.000
0.000
0.894
0.027
0.000
0.000
0.000
0.000
0.000
0.002
0.000
6.924
2.690
0.724
0.366
0.000
0.000
0.000
0.000
18.163
1.657
1.674
0.000
5.552
0.263
0.445
0.000
0.000
0.000
0.000
0.000
12.326
5.222
0.000
0.056
0.000
30.817
0.000
0.000
0.000
0.024
0.151
0.633
0.000
0.000
0.000
0.000
0.090
0.000
0.325
0.000
1.110
0.093
0.000
5.352
0.292
0.000
0.000
0.000
0.140
0.297
1.221
2.641
0.000
0.020
0.000
0.000
3.142
27.674
0.000
0.000
0.000
0.000
0.000
0.000
0.023
0.000
0.952
13.999
0.000
8.953
0.000
1.294
0.044
0.105
0.271
0.000
0.000
0.621
3.747
11.529
2.588
23.803
0.000
0.016
0.038
5.863
0.086
3.033
0.092
3.668
3.636
2.935
0.000
1.859
0.000
2.116
3.172
1.604
14.659
19.997
2.808
0.118
0.539
0.000
0.000
0.000
5.709
1.255
17.012
30.712
0.224
1.461
0.752
0.000
0.163
0.000
0.000
0.000
0.000
0.000
0.000
1.012
0.046
0.000
0.000
0.210
4.014
0.351
0.000
0.262
0.549
0.139
0.032
0.000
0.000
0.162
0.004
0.000
0.004
0.000
0.587
0.000
0.000
0.000
0.000
0.000
0.000
0.000
0.632
0.000
0.033
0.000
0.000
16.722
0.014
1.273
6.849
0.271
0.039
0.000
0.000
0.000
0.000
0.000
0.000
0.000
0.000
0.000
0.000
0.000
0.000
0.002
0.000
4.580
1.327
1.138
0.197
1.273
0.810
0.029
0.025
0.000
0.000
0.000
0.000
0.000
0.000
0.000
0.000
0.000
0.719
0.000
0.000
0.187
0.001
0.000
0.293
0.000
0.000
0.000
0.000
0.000
0.000
0.000
0.000
0.000
0.000
0.000
0.000
0.000
0.000
0.000
0.000
0.000
0.000
0.000
0.000
0.546
0.239
0.009
0.000
0.000
0.269
0.106
0.000
0.003
0.733
4.537
0.037
0.072
0.373
0.251
0.011
0.000
0.000
0.021
0.000
0.000
0.000
0.000
0.001
0.000
1.196
0.062
0.058
0.156
0.000
0.547
0.000
0.000
0.000
0.008
0.000
0.000
0.000
1.105
0.000
0.000
0.000
0.018
1.415
0.000
0.000
0.458
0.543
0.001
0.084
0.575
0.000
0.000
0.000
0.000
0.000
0.242
0.019
0.002
0.012
0.000
0.157
23.043
26.812
0.000
0.000
0.000
18.139
2.198
0.000
0.000
0.000
0.000
0.019
0.000
0.000
0.000
0.000
2.539
0.000
3.195
4.395
14.120
11.352
0.000
0.000
0.000
1.022
2.398
2.439
0.000
0.000
0.121
9.273
0.000
0.000
0.000
10.918
0.000
0.435
1.286
1.012
5.837
0.007
0.239
0.002
2.710
0.000
0.000
0.000
0.000
0.152
2.648
0.165
0.000
0.000
8.987
0.738
0.327
0.040
0.184
5.424
3.567
28.172
4.192
0.000
7.691
3.175
0.824
15.515
4.313
2.425
6.315
0.009
0.000
0.000
0.743
0.000
0.000
0.766
0.000
0.000
2.185
0.001
2.046
9.837
7.228
0.000
0.131
2.944
0.000
0.000
0.000
0.018
0.000
2.057
0.008
4.952
4.469
8.539
2.101
0.039
1.401
0.172
2.948
0.000
0.083
3.291
5.997
0.126
0.000
1.903
4.661
0.000
0.000
0.000
19.374
0.000
0.000
0.000
0.000
0.000
0.020
0.000
0.077
0.685
0.000
0.000
0.000
0.000
3.859
0.703
0.407
0.000
0.000
0.000
0.108
0.000
0.000
0.000
0.028
0.572
0.000
0.000
0.000
8.954
0.130
0.332
0.000
0.000
0.000
13.041
1.436
0.000
3.188
5.437
1.231
0.452
0.199
0.000
21.123
1.876
0.001
5.563
9.782
0.014
0.000
0.000
0.062
0.053
0.000
0.000
6.124
4.685
0.010
0.008
20.693
0.000
0.788
0.000
0.000
0.026
0.000
0.000
0.010
18.077
26.175
1.794
0.000
2.152
25.829
16.935
18.344
0.887
0.000
0.000
0.000
0.000
0.000
0.000
0.000
4.073
2.484
3.623
2.167
1.401
1.520
0.072
0.000
0.000
0.000
0.000
0.000
0.000
1.021
5.757
8.977
10.337
1.562
0.002
0.115
0.000
0.000
1.047
0.006
0.212
0.130
0.836
0.000
0.000
0.000
0.000
0.000
0.000
0.000
0.000
0.000
0.000
0.000
0.000
0.041
0.000
0.000
0.000
0.000
0.000
1.283
0.002
2.981
0.177
0.019
1.289
0.000
0.016
2.511
16.883
0.000
0.245
0.000
0.000
0.848
3.270
0.005
2.755
1.619
0.000
0.000
0.441
0.000
0.064
0.757
0.300
0.001
0.000
1.631
7.711
0.000
0.000
0.114
0.000
0.000
0.000
0.070
0.082
0.000
0.000
0.000
0.000
0.164
0.552
0.274
0.299
0.000
0.000
0.000
0.000
0.000
0.000
0.000
0.053
0.982
0.000
0.056
0.000
0.000
0.000
0.000
0.000
0.000
0.000
0.000
1.439
9.730
3.385
0.604
0.005
0.000
0.000
0.000
0.170
1.779
0.000
0.000
1.334
0.000
0.044
0.000
0.041
1.543
3.674
0.000
0.000
0.000
0.000
0.000
0.016
2.336
0.000
0.000
0.033
4.297
7.014
0.000
0.000
0.000
0.000
0.000
0.000
0.000
0.115
0.053
1.002
0.014
31.082
8.848
20.621
2.802
4.669
0.000
0.000
0.060
5.918
12.636
0.665
0.000
0.000
0.000
0.000
0.000
0.000
0.000
0.000
0.000
0.000
0.000
0.009
0.002
0.000
0.000
0.000
0.002
0.893
0.187
0.065
0.000
0.001
3.835
0.347
7.100
0.000
0.000
10.010
0.000
0.010
0.000
0.000
0.032
1.069
0.400
0.000
0.027
0.000
0.001
3.689
13.320
6.007
0.000
3.037
0.000
0.000
0.044
0.024
1.079
0.021
0.572
0.174
0.019
2.947
0.060
0.000
0.004
1.468
0.529
3.648
0.000
0.000
0.000
0.739
0.000
3.650
1.327
5.970
0.032
0.000
0.000
2.323
2.039
0.228
1.322
18.435
1.116
11.111
0.578
0.000
15.967
0.000
3.440
0.493
0.000
11.845
2.532
0.075
0.065
0.000
0.000
0.000
0.000
0.000
0.000
0.000
0.013
0.042
0.192
0.706
0.543
0.000
3.907
21.706
0.060
0.607
0.105
0.000
0.000
12.138
2.314
3.549
11.726
0.046
0.001
0.014
0.226
0.990
1.968
3.211
9.714
0.306
2.498
0.257
0.000
0.000
0.008
9.647
1.642
0.036
0.000
0.000
0.000
0.000
5.140
18.830
3.074
0.379
0.123
1.337
5.846
0.000
0.000
0.000
0.227
0.000
0.000
0.371
0.000
0.000
0.000
0.000
0.000
0.000
0.000
0.000
0.000
0.000
0.000
8.630
0.000
1.337
2.655
0.000
0.067
0.000
0.000
0.000
0.000
0.000
0.000
0.147
6.030
0.240
0.000
0.000
0.090
0.000
4.013
0.122
0.000
0.014
11.539
0.901
4.024
0.964
3.805
4.399
0.001
0.000
1.184
0.189
0.623
0.467
0.000
6.907
2.497
2.401
0.000
0.223
4.322
6.122
10.333
0.000
0.158
9.004
6.976
0.000
0.000
8.757
22.769
11.817
0.568
3.206
0.000
0.488
0.001
0.000
0.000
0.000
1.707
0.000
0.025
0.000
2.961
9.314
4.213
0.000
0.003
0.000
0.000
0.000
0.000
0.000
2.437
3.205
0.066
0.003
0.000
0.000
0.000
0.000
0.000
0.182
0.023
0.445
0.045
0.000
0.005
0.000
1.275
0.002
0.000
0.000
0.028
0.322
0.000
0.061
0.000
0.000
0.000
0.006
0.075
0.000
0.000
4.171
12.224
9.018
1.810
0.097
0.000
0.000
0.000
0.000
0.000
0.000
0.000
0.000
0.000
0.000
0.000
0.000
0.000
0.000
0.000
0.000
0.000
0.000
0.000
0.000
0.000
0.000
0.000
0.000
0.103
5.109
3.610
4.784
0.142
0.000
0.000
0.000
0.000
0.000
0.000
0.033
0.158
0.000
0.818
0.145
0.070
5.035
0.268
0.000
0.000
0.000
0.000
0.000
0.001
0.000
0.000
0.000
0.000
0.000
0.000
0.000
1.431
0.001
0.000
0.000
0.000
0.000
0.000
0.000
0.000
0.000
0.000
0.000
0.485
0.000
0.773
1.843
6.186
6.530
1.925
0.037
0.011
0.415
0.000
0.000
0.160
0.000
0.000
0.000
0.000
0.000
0.000
0.000
0.007
1.778
0.000
0.000
0.000
0.000
0.000
0.099
0.570
0.019
0.000
0.000
0.000
0.000
0.085
0.000
0.000
0.802
0.481
0.046
0.000
0.000
0.000
0.000
0.000
0.000
0.000
0.000
0.087
6.597
0.009
0.000
0.000
0.617
11.061
7.947
3.889
0.934
0.005
1.595
4.570
1.760
16.197
0.001
0.000
8.594
6.547
3.045
8.975
0.020
0.000
0.000
0.000
0.000
0.000
0.000
0.006
2.387
3.303
0.537
0.156
0.000
0.000
0.051
0.007
0.111
0.073
0.000
0.000
6.319
0.057
4.202
7.189
0.686
8.598
0.891
4.303
3.971
1.246
0.548
8.452
7.365
0.000
17.329
0.045
0.000
0.000
7.942
0.000
0.380
19.297
1.189
2.678
0.455
0.000
0.000
0.000
0.000
0.000
49.404
0.995
1.410
1.591
0.000
0.596
0.630
10.413
0.000
0.000
10.287
9.703
1.672
0.000
8.636
0.000
4.652
1.095
0.000
2.880
12.643
0.527
0.000
4.795
11.851
0.000
0.000
12.107
0.017
7.603
0.000
0.000
0.338
0.000
0.000
0.738
0.129
0.103
30.046
0.014
20.665
0.449
3.716
0.041
0.117
14.709
4.098
23.894
0.000
0.000
0.000
12.995
0.000
0.000
0.000
0.000
0.000
2.226
13.417
0.000
9.293
8.587
0.500
0.000
0.000
35.129
0.704
0.000
0.745
14.878
0.000
0.000
0.584
1.143
2.596
2.751
0.000
0.121
0.015
0.491
0.000
4.558
34.543
1.824
0.037
0.060
0.275
0.444
1.890
0.613
0.101
0.091
0.010
0.000
0.000
0.000
0.000
0.000
0.730
0.013
0.000
0.000
0.000
0.000
0.000
0.000
0.000
0.000
0.008
0.000
0.000
0.000
0.437
4.509
22.283
43.270
2.840
0.235
0.000
0.000
0.000
0.032
0.129
0.000
0.000
0.000
0.000
0.000
0.000
0.046
1.654
0.000
0.000
3.982
0.035
0.000
0.000
0.000
0.000
0.004
0.610
1.264
5.359
0.060
3.808
0.000
0.000
0.000
0.000
7.712
0.174
0.083
0.000
0.048
0.000
0.581
0.000
0.000
2.111
1.891
0.000
0.000
0.000
0.000
0.000
0.000
0.000
0.008
0.000
0.000
8.843
0.545
0.000
0.018
0.003
0.142
0.000
0.000
0.000
0.530
22.387
2.849
0.091
0.240
0.000
0.104
0.000
0.014
0.041
0.000
0.056
1.235
1.541
1.063
1.124
5.264
0.008
1.907
0.018
0.000
0.329
0.000
0.613
0.191
1.030
0.000
0.000
0.000
0.129
2.399
0.016
2.271
0.511
0.000
0.000
0.122
0.153
0.000
0.025
0.000
0.000
0.000
0.000
0.622
0.019
0.000
0.000
0.000
0.000
0.000
0.000
0.000
0.012
0.265
0.034
3.218
0.061
0.000
0.000
0.012
0.000
0.000
0.000
0.000
0.000
0.032
1.803
0.080
0.392
0.001
0.005
0.891
0.000
0.030
0.000
0.016
0.139
1.075
0.047
1.281
0.337
0.012
7.396
0.006
0.000
0.000
0.000
0.000
0.000
0.000
0.000
1.439
0.121
2.457
2.510
0.011
0.000
0.000
0.000
0.000
0.637
19.048
0.000
0.741
0.000
0.083
11.515
0.361
0.397
0.000
0.001
0.337
1.452
11.357
0.340
0.068
0.018
1.073
5.108
0.000
11.770
12.279
0.012
0.000
0.000
2.989
0.799
0.273
0.653
5.041
1.180
0.174
0.000
0.004
1.401
0.794
0.000
0.000
0.000
0.000
0.131
15.003
23.070
7.681
0.013
0.000
0.000
0.269
11.105
1.548
2.319
18.500
1.650
0.000
0.543
0.005
0.000
0.111
7.538
0.000
0.000
0.000
0.036
0.000
0.495
0.174
7.033
13.611
0.000
5.113
0.520
0.066
0.002
21.522
7.968
0.111
0.000
2.397
31.005
11.277
0.000
0.000
0.000
4.040
0.000
0.000
10.648
0.000
0.029
0.440
2.025
0.560
4.515
0.000
0.000
1.889
2.884
5.761
1.023
0.949
2.560
7.304
0.001
0.001
14.755
2.925
2.216
0.000
9.448
0.000
0.019
0.000
1.615
1.683
28.713
0.000
0.000
0.000
7.542
6.952
0.064
1.722
0.017
0.566
10.301
4.469
0.190
0.000
0.008
1.442
0.000
4.931
0.010
1.345
0.273
0.459
0.987
0.000
0.309
0.000
0.000
0.000
0.000
7.131
2.120
3.458
0.000
1.067
0.518
0.063
0.000
0.000
0.000
0.000
0.000
0.000
0.000
0.270
0.613
0.008
0.000
0.942
6.378
0.850
8.748
2.057
0.000
0.000
0.000
0.000
0.000
0.000
0.704
3.871
0.000
0.000
0.000
0.000
0.000
0.000
0.100
11.867
0.258
0.923
3.814
3.323
2.250
0.093
0.000
0.000
0.000
0.005
0.000
0.000
0.000
0.000
2.388
1.681
0.000
0.147
0.146
0.010
0.002
0.000
0.007
0.727
0.064
0.000
0.000
0.000
0.000
0.022
0.000
0.000
0.242
0.000
0.000
0.000
0.023
0.441
1.120
0.042
0.759
1.437
0.000
0.478
0.000
0.000
0.000
0.000
1.704
0.528
0.220
0.000
0.000
0.052
0.000
0.000
0.000
0.003
0.000
0.000
0.000
0.000
0.000
0.000
0.000
0.000
0.678
0.415
0.041
0.000
0.000
0.000
0.000
0.000
0.000
0.397
0.000
0.000
0.000
0.000
0.033
0.798
1.579
1.057
1.018
0.197
0.000
0.000
0.000
0.110
0.050
0.000
0.000
0.000
1.667
0.497
0.259
0.235
0.453
0.000
0.065
0.205
0.452
0.000
0.000
1.153
4.629
0.334
0.000
0.003
0.500
1.703
0.001
0.872
0.032
0.000
0.000
0.000
0.000
0.000
0.000
0.000
0.000
0.000
0.000
0.000
0.000
0.000
0.000
0.029
0.338
0.120
0.101
0.000
0.000
6.302
0.943
0.000
0.094
0.000
1.694
4.833
0.000
0.630
1.737
0.305
1.519
0.064
0.435
0.185
0.000
0.010
0.153
0.000
0.000
2.401
1.107
0.000
0.000
0.045
0.000
0.000
0.000
23.464
0.228
0.267
3.325
0.262
0.000
0.000
0.198
0.000
0.020
17.839
0.013
0.227
0.293
0.332
0.000
0.000
0.000
0.000
0.000
0.000
0.000
0.000
0.000
0.293
3.443
3.798
39.181
0.049
10.619
0.231
0.000
4.270
14.898
0.011
0.000
1.560
0.061
0.000
0.001
0.000
0.012
0.933
2.550
6.771
0.180
0.707
0.895
2.117
1.352
2.517
0.000
0.054
0.046
0.000
0.000
0.000
0.000
0.000
0.005
13.129
8.805
3.380
0.560
3.992
14.918
5.422
0.000
19.803
12.151
0.721
0.594
0.000
0.000
0.000
0.012
0.447
0.000
0.651
7.731
0.799
0.000
0.000
16.535
0.694
0.000
9.566
3.804
0.000
8.622
7.540
7.469
64.787
9.620
1.102
4.285
12.717
0.000
0.000
0.000
0.211
0.000
0.000
0.838
0.146
24.496
0.000
4.856
9.843
10.343
0.000
0.001
0.000
0.000
0.000
0.512
8.189
0.004
1.366
0.543
0.066
0.000
0.000
2.230
0.000
0.093
0.000
37.429
1.176
4.721
0.000
0.049
0.892
0.000
0.001
1.323
8.050
26.191
1.856
0.025
0.000
3.706
1.829
0.134
0.000
0.000
0.743
0.268
0.000
13.282
0.159
0.001
1.578
0.068
0.000
0.000
0.000
0.000
0.000
0.019
0.000
0.011
0.000
0.028
0.065
0.000
0.000
0.000
0.336
0.535
0.753
1.581
0.061
0.047
0.000
0.000
0.000
0.000
0.000
0.000
0.002
0.055
0.203
0.343
1.786
1.669
1.667
0.383
0.000
0.000
0.000
0.000
0.000
0.000
0.000
0.000
0.000
0.000
0.395
1.884
0.623
0.000
0.622
2.626
0.383
4.912
0.000
0.000
0.000
0.000
0.608
1.755
5.436
13.398
1.571
0.106
0.053
1.371
1.270
3.132
0.505
0.000
2.065
0.628
0.103
0.000
0.000
0.000
0.675
0.000
0.059
4.937
0.418
0.066
0.000
2.447
13.202
0.184
0.080
0.000
0.000
0.000
0.000
0.000
0.043
0.000
0.000
0.000
2.652
0.121
0.379
0.229
0.001
0.396
0.000
0.000
0.000
0.000
0.005
0.000
0.000
0.001
0.000
0.000
1.154
2.098
0.000
0.000
0.015
0.000
0.635
12.842
0.000
0.191
0.706
0.000
0.000
0.000
0.023
0.050
0.000
0.376
0.000
0.597
0.239
0.000
0.044
0.000
1.237
0.253
0.000
0.000
0.000
0.000
0.000
0.173
0.000
10.215
5.131
0.000
0.000
0.200
0.433
0.000
2.755
0.571
0.000
0.000
0.000
0.000
0.000
0.723
0.000
0.000
0.000
15.354
0.000
0.549
0.000
0.027
0.041
0.087
2.069
0.492
2.951
0.000
0.000
2.593
18.958
0.000
0.000
0.000
0.000
0.000
0.000
0.122
0.407
0.003
0.000
0.004
0.908
0.000
0.000
0.000
0.000
0.000
0.000
0.000
0.000
0.000
10.866
1.717
0.000
0.000
13.434
10.435
0.022
0.000
0.000
0.457
1.510
3.945
0.000
10.918
1.113
0.000
0.000
0.000
0.000
0.000
0.000
0.000
0.000
0.000
0.000
2.963
0.007
0.000
0.000
0.000
0.000
0.000
0.986
7.341
4.190
0.000
0.000
1.041
6.822
0.681
0.000
13.493
1.067
0.251
4.693
7.161
0.000
0.000
7.213
0.000
0.000
0.005
0.000
0.000
0.000
0.011
2.890
0.000
0.000
0.001
3.215
3.139
0.000
0.000
0.000
0.798
0.000
0.438
0.000
0.010
0.941
2.036
0.000
0.000
2.229
2.314
16.636
19.877
8.046
0.761
0.000
0.806
0.000
0.074
0.000
0.092
14.388
6.437
0.239
0.703
0.007
1.082
20.619
7.944
0.000
0.000
0.021
10.068
0.000
0.000
0.000
0.000
0.194
0.000
1.109
0.216
0.000
5.032
32.351
0.272
2.273
2.907
0.000
4.837
1.337
3.479
9.023
0.000
0.045
0.000
0.415
0.000
0.000
0.796
5.807
1.624
1.303
3.095
0.000
0.000
6.625
4.250
19.522
1.937
0.001
1.123
0.698
0.121
0.000
7.730
0.000
0.002
5.435
3.717
0.196
0.000
0.118
1.272
1.214
0.000
0.000
0.000
0.000
2.068
0.000
4.274
2.426
0.000
0.000
0.120
0.000
0.007
0.000
0.000
0.000
0.000
0.000
0.019
0.047
5.064
0.042
0.000
0.000
1.445
0.195
10.765
0.000
0.068
25.209
0.004
5.640
0.012
0.000
0.000
0.000
0.000
0.000
0.064
7.423
3.081
0.033
0.003
0.000
0.014
17.145
0.000
0.000
0.326
2.676
1.768
0.223
0.000
0.000
0.000
0.006
0.000
0.278
4.027
10.919
0.000
0.001
0.085
2.208
1.814
7.811
20.072
0.368
0.000
0.000
0.000
0.485
7.599
0.882
4.609
21.544
5.477
0.697
0.734
1.164
2.409
3.221
0.192
0.801
0.000
0.000
0.000
0.000
0.000
0.000
0.606
1.275
0.184
0.077
0.000
0.603
1.573
0.000
0.000
0.071
2.156
0.836
0.211
0.029
0.000
0.000
0.000
0.050
3.105
0.322
0.000
0.000
0.107
0.075
0.050
0.000
0.000
0.337
0.069
1.733
0.000
0.002
0.000
3.475
12.295
6.988
10.777
0.000
0.000
0.000
1.120
0.370
0.000
0.087
0.765
0.139
0.042
2.294
1.785
0.011
0.000
0.580
0.241
1.382
1.844
0.013
1.214
0.961
0.007
0.000
0.000
0.020
0.004
0.000
0.000
0.000
2.621
0.004
0.000
0.000
0.000
0.000
0.000
0.993
0.000
0.000
2.062
0.000
1.521
0.038
3.767
0.000
0.581
0.000
1.880
0.004
1.524
0.301
2.271
0.343
0.000
0.000
0.000
0.000
0.336
0.004
0.000
0.000
0.000
0.000
0.000
0.000
0.000
0.000
0.000
0.397
3.488
0.349
0.000
0.000
2.523
4.352
0.000
0.000
9.159
0.079
0.000
0.000
0.000
0.000
0.000
0.000
0.000
0.000
0.281
1.232
0.000
0.000
0.153
0.000
0.000
0.000
0.000
0.000
0.000
0.000
0.000
0.000
0.002
0.027
0.000
0.000
9.005
2.916
0.000
0.000
0.025
0.000
0.081
0.682
0.000
0.000
0.019
17.049
0.722
0.001
1.262
0.000
0.000
2.958
0.000
0.000
2.164
0.000
4.552
0.174
0.000
0.000
0.090
0.658
0.000
2.061
0.401
0.007
0.000
0.000
12.528
13.804
0.179
3.850
6.056
15.529
2.023
3.004
0.472
0.085
0.020
1.687
0.434
3.328
8.847
14.909
2.428
0.738
7.494
10.700
0.974
0.000
0.000
0.000
0.571
1.148
5.638
0.000
0.000
0.000
0.177
0.000
0.000
0.000
0.000
0.000
0.000
23.405
22.474
15.752
7.113
0.000
0.000
19.354
3.690
0.391
0.000
0.003
0.000
69.158
1.596
2.213
12.370
25.715
0.269
0.000
7.692
6.774
2.132
1.165
0.098
0.000
4.913
0.000
0.011
11.045
6.118
1.068
2.932
0.448
0.010
0.060
1.314
10.286
0.881
0.659
0.098
0.000
11.487
0.367
0.971
2.409
3.585
0.000
0.000
0.000
0.015
0.000
1.873
12.987
0.000
0.000
5.622
0.027
8.529
0.678
0.002
0.000
0.000
0.083
0.047
0.000
0.002
0.000
0.000
0.000
0.000
0.000
1.390
10.068
0.000
0.028
0.000
0.000
0.000
4.424
12.544
26.420
0.604
1.002
0.340
3.603
9.116
8.258
0.105
1.577
0.000
8.743
1.413
0.076
1.918
0.858
0.333
9.954
0.712
0.000
0.000
0.000
0.000
4.298
0.000
0.640
0.111
0.001
0.000
0.000
0.000
0.000
0.012
1.202
6.509
0.010
0.000
0.000
0.000
0.000
0.000
0.000
4.477
0.000
0.002
0.121
1.497
4.797
0.000
0.063
0.335
0.000
0.000
0.000
0.000
0.036
6.684
2.191
0.000
0.000
1.243
0.000
0.000
0.000
0.000
0.000
2.199
0.000
0.000
0.000
0.179
5.769
1.001
0.075
0.108
0.000
0.000
0.002
1.170
0.005
2.242
0.879
1.082
1.839
0.203
0.498
0.457
0.748
0.000
0.000
0.001
0.196
0.021
0.221
0.000
0.000
0.000
0.002
0.235
0.056
0.106
0.000
0.607
0.367
0.000
0.000
0.000
0.000
0.000
0.000
0.000
0.212
1.017
0.000
0.000
0.000
0.000
0.000
0.076
1.827
4.141
0.000
0.000
0.130
0.407
0.000
1.366
1.212
0.008
0.000
0.000
0.000
0.000
0.000
0.000
0.000
1.206
0.000
1.302
0.539
0.000
0.000
0.000
0.956
3.068
0.000
0.000
0.000
0.000
0.000
0.183
0.000
1.478
0.622
0.000
0.034
0.000
0.000
0.000
0.000
0.000
0.017
0.000
0.000
0.025
0.000
0.000
0.000
0.000
0.000
0.018
0.000
0.416
0.000
0.000
0.000
0.000
8.244
0.000
0.213
0.001
0.000
0.389
0.417
0.000
0.000
0.864
0.053
0.000
0.096
0.378
0.000
0.000
0.000
0.000
0.029
0.000
2.884
1.075
0.000
0.000
0.000
0.008
0.000
0.002
0.000
0.000
0.000
0.001
0.000
0.579
1.910
0.001
0.545
1.097
0.894
0.000
0.403
0.820
0.634
0.191
0.000
0.000
4.656
1.610
3.528
0.000
0.000
0.000
0.000
0.000
0.010
0.145
1.553
0.038
0.809
0.000
0.000
0.000
0.000
0.000
0.000
0.000
0.023
13.547
3.499
1.165
0.601
0.000
0.673
0.203
0.000
0.000
0.616
0.000
0.000
3.363
0.000
0.054
0.000
0.000
0.100
6.284
6.604
0.000
3.534
28.584
5.431
5.396
16.877
6.975
0.650
30.712
32.993
1.340
0.000
0.000
0.000
0.000
0.000
13.584
19.248
0.000
0.137
10.336
1.335
0.000
0.000
0.000
5.403
1.050
0.021
0.657
25.821
9.417
0.134
0.029
0.000
0.000
0.000
0.408
1.797
0.022
1.898
0.073
0.002
1.776
3.816
12.484
0.781
0.003
7.731
0.837
0.330
0.506
0.238
0.184
0.103
3.004
0.012
0.015
0.046
9.518
0.007
0.003
0.135
0.000
0.000
8.080
7.624
0.834
0.004
5.886
33.624
0.001
1.599
0.000
0.000
0.000
5.638
22.544
0.923
0.161
0.217
4.426
2.536
0.005
0.000
0.000
0.055
0.596
0.000
0.001
0.516
1.564
5.882
12.247
2.066
0.000
0.004
9.526
0.005
0.000
3.656
1.513
0.005
15.569
2.844
0.001
0.000
5.185
4.471
0.149
0.000
0.000
0.000
0.000
0.000
0.000
0.000
0.002
0.000
0.675
24.382
27.901
6.054
2.933
0.000
0.000
0.000
0.000
0.000
0.000
0.044
0.589
0.226
0.656
0.023
0.000
0.000
0.724
6.513
8.231
0.025
0.000
0.000
0.000
0.000
0.000
0.000
0.000
0.000
0.000
0.706
0.000
0.085
6.915
0.000
0.000
0.000
1.548
2.894
0.000
0.000
0.000
0.000
0.000
0.000
0.010
0.143
0.000
5.293
10.463
0.000
0.386
0.902
11.570
15.942
0.069
0.021
0.210
0.129
0.000
0.071
8.406
4.936
0.395
0.000
0.001
0.000
0.000
0.001
0.326
0.000
0.000
0.000
7.016
21.367
23.967
1.995
0.012
0.000
1.036
0.056
0.000
0.000
0.000
0.000
0.000
0.000
4.351
7.946
0.000
0.000
0.000
0.000
0.000
0.000
0.000
4.199
6.527
0.289
1.031
1.498
0.355
5.936
2.235
0.493
0.000
0.000
0.000
0.000
0.908
0.057
0.006
0.451
1.850
0.742
0.000
0.035
0.041
0.000
0.000
0.000
0.000
0.000
0.000
0.451
0.277
0.000
0.000
0.100
0.933
0.000
0.437
6.824
0.000
0.000
0.000
0.000
0.012
0.040
0.054
0.000
0.000
1.223
1.823
0.325
2.633
0.000
0.466
0.000
0.000
0.000
0.002
0.682
0.003
0.000
0.592
4.957
0.137
0.000
0.000
0.000
0.000
0.000
2.566
0.142
0.000
0.000
1.444
5.340
0.000
0.087
2.525
0.475
0.000
0.000
0.000
0.000
0.856
0.000
0.025
0.114
0.002
2.499
0.000
0.199
0.003
3.457
0.068
0.000
0.000
0.000
1.498
4.715
5.793
6.424
0.294
0.000
0.000
0.000
0.005
0.025
0.000
0.000
2.934
0.001
0.081
0.000
7.868
0.772
0.587
0.598
0.000
0.003
0.000
3.733
1.057
1.271
0.090
0.000
0.000
0.000
0.055
0.000
0.000
0.771
0.006
0.795
0.748
0.383
0.053
0.019
0.000
11.353
28.681
5.865
0.010
0.165
0.006
0.004
0.000
0.000
0.000
0.000
0.139
0.098
0.062
0.004
0.000
0.439
2.902
1.712
0.343
0.087
0.000
0.054
0.000
0.000
0.000
0.000
0.000
0.000
5.232
14.900
1.119
1.310
0.000
6.241
0.973
0.286
13.192
3.821
2.303
0.228
11.492
0.681
1.269
0.411
0.019
0.000
0.003
1.950
0.021
9.452
0.002
17.225
5.268
0.001
8.032
0.016
0.125
0.000
0.000
9.027
0.000
0.008
0.666
0.176
0.000
0.000
0.875
0.300
0.000
0.000
0.000
0.305
9.646
0.170
29.965
0.782
7.713
24.414
37.506
0.089
8.943
0.181
0.016
3.931
0.056
0.000
4.696
9.243
0.009
0.000
1.611
0.000
0.000
12.821
8.677
0.000
0.000
0.048
0.000
17.647
0.280
47.689
0.002
0.001
0.000
0.000
0.195
10.983
9.048
0.003
2.061
1.533
0.048
0.504
0.141
0.000
2.235
1.341
5.623
0.154
0.627
0.009
0.002
0.085
0.615
3.548
20.019
0.013
0.000
0.000
0.000
0.004
0.000
16.573
22.451
0.000
41.273
0.000
0.000
0.000
0.000
0.385
0.000
0.000
1.455
2.576
0.000
0.519
0.000
0.390
0.013
0.000
0.124
4.528
4.389
0.000
3.701
0.001
0.000
0.000
0.000
0.000
0.252
8.724
0.007
1.891
0.135
0.000
0.000
0.095
1.650
0.006
0.000
0.050
0.001
4.470
2.974
0.000
0.000
0.000
0.377
0.010
0.000
0.016
3.495
2.802
0.000
0.012
0.068
0.000
0.227
0.000
0.200
0.000
0.000
0.000
0.000
0.000
0.000
0.000
0.000
0.093
0.000
0.000
0.122
0.027
0.000
12.258
16.098
0.000
0.051
0.046
2.375
1.901
0.020
0.005
0.000
8.850
5.276
3.266
1.077
0.000
0.000
0.607
2.155
4.736
3.422
1.743
0.044
0.000
0.510
3.123
0.621
0.000
0.000
0.000
2.379
0.148
0.131
0.324
0.000
0.201
0.000
0.000
0.000
18.421
2.642
0.480
0.700
0.000
0.105
0.210
1.614
7.783
0.000
0.000
0.000
0.000
0.000
0.629
1.283
7.083
0.279
0.000
0.000
0.000
0.000
0.000
0.000
0.000
0.000
0.327
0.008
0.330
0.000
0.000
0.000
0.000
0.000
0.000
0.129
8.172
0.048
0.000
0.000
0.000
0.614
0.956
2.476
2.510
0.019
0.130
0.678
0.001
0.000
0.000
0.000
0.000
0.000
0.000
0.000
0.539
12.161
0.471
5.082
0.000
0.000
1.836
0.003
0.066
0.000
0.000
0.000
0.000
0.000
0.010
3.169
0.226
0.000
0.000
0.067
0.000
0.036
0.000
0.000
0.000
6.503
0.480
0.000
0.000
0.000
0.000
0.000
8.061
0.000
0.000
0.000
0.000
0.000
0.000
0.000
0.290
0.000
0.000
0.000
0.000
0.000
0.000
0.000
0.000
0.256
0.000
0.000
0.000
0.000
0.035
0.000
0.468
20.905
10.163
5.886
2.586
0.000
6.442
2.868
5.364
5.968
5.115
0.000
0.000
0.000
0.690
5.906
0.000
2.642
0.000
0.000
0.000
0.000
0.488
0.000
0.000
0.000
0.000
0.000
0.057
2.100
5.268
2.222
0.000
0.000
10.744
2.456
1.816
1.180
0.000
0.376
0.000
1.672
3.343
0.897
0.000
0.000
0.000
2.155
0.004
0.000
0.000
0.000
3.295
0.000
13.468
3.188
7.822
0.000
28.544
0.060
1.654
1.744
5.077
2.077
0.564
0.000
3.388
0.005
1.879
4.354
0.669
0.000
2.831
3.666
2.509
1.748
0.058
0.008
0.000
0.312
9.768
0.000
0.126
1.981
8.287
0.000
1.809
2.091
0.084
0.000
0.000
0.000
3.032
0.082
0.000
0.000
21.847
0.046
0.000
0.000
0.000
0.000
0.017
0.000
0.000
0.000
0.002
2.665
9.858
6.070
2.922
0.419
0.000
0.000
0.041
22.665
2.484
0.000
0.492
5.604
0.004
0.207
28.403
1.206
0.673
0.000
0.000
1.316
0.000
4.744
0.000
10.964
8.060
0.876
0.000
0.000
0.000
0.000
18.522
0.000
0.029
4.576
0.000
0.000
0.000
0.000
0.000
0.019
0.000
0.000
0.000
10.296
18.856
0.473
0.032
1.397
25.391
0.085
5.107
4.814
17.557
6.291
7.870
5.217
0.000
0.396
0.000
5.650
17.989
7.533
1.099
0.000
0.000
0.390
0.015
0.071
0.000
0.000
0.000
0.000
0.000
9.287
0.234
0.000
0.000
0.000
0.000
0.186
3.250
0.039
0.104
0.000
0.019
6.274
0.030
0.002
1.289
0.626
1.758
3.261
0.001
3.086
1.345
0.769
0.000
0.000
1.787
0.000
0.000
0.000
0.000
0.005
0.068
0.000
0.000
0.101
0.000
0.000
0.000
0.000
1.334
0.376
0.255
0.000
0.017
0.000
0.000
0.000
0.000
0.000
0.000
0.005
6.351
0.462
0.000
0.000
0.008
0.000
3.076
0.098
1.279
0.199
0.384
1.656
0.000
0.761
2.129
0.178
3.168
0.000
0.054
0.103
0.000
0.555
0.043
1.117
0.175
0.105
0.000
0.000
0.000
0.000
0.000
0.000
0.000
0.011
0.000
0.000
0.000
8.175
2.129
0.000
0.891
0.510
0.399
0.000
0.000
0.000
0.000
0.000
0.000
0.000
0.000
0.000
0.000
0.000
0.095
0.000
0.022
0.397
0.000
0.000
1.178
2.159
0.000
0.000
0.323
0.000
0.000
0.000
0.000
0.000
0.137
0.008
0.000
0.000
0.000
2.122
3.638
6.746
0.668
0.000
6.425
0.000
8.088
0.000
0.000
0.000
0.000
0.000
0.000
0.000
3.002
5.399
0.000
0.000
0.000
0.000
0.000
0.000
0.000
0.000
0.000
0.000
0.000
0.000
0.000
0.436
0.522
0.003
0.000
0.000
0.132
1.605
14.261
0.000
0.000
1.044
1.770
0.000
0.000
0.009
0.050
0.099
1.038
0.000
0.000
0.000
0.000
0.000
7.014
0.000
0.000
1.006
4.793
0.000
0.000
0.000
0.000
0.000
0.000
0.000
0.000
0.097
0.000
0.004
0.126
0.000
0.915
3.557
0.000
0.026
0.000
0.000
0.093
0.000
1.038
9.084
7.305
0.000
0.000
0.000
0.000
0.000
0.000
0.021
3.419
2.196
0.017
0.000
0.003
0.000
2.059
4.100
0.032
0.000
8.124
0.866
12.263
0.617
0.000
4.630
12.001
0.008
0.000
15.251
0.473
0.000
6.972
0.000
0.024
15.590
0.000
0.060
9.209
2.354
45.041
3.604
0.000
0.166
0.000
0.000
0.010
1.030
0.196
0.033
0.006
0.000
23.769
9.371
4.778
14.300
32.387
4.831
5.879
0.000
0.000
0.691
8.184
0.000
0.030
44.209
0.000
0.000
0.362
0.104
0.000
0.000
0.000
19.664
2.527
0.000
1.472
0.014
0.076
1.079
0.144
0.011
0.111
0.313
0.077
6.739
0.049
0.016
1.670
0.039
0.025
0.000
0.000
0.000
0.000
0.000
0.000
0.000
0.043
0.019
0.000
0.000
0.000
0.000
1.223
0.007
0.008
0.000
8.678
7.421
2.445
11.311
7.146
0.461
0.000
0.105
2.650
5.603
2.633
7.770
2.105
0.000
1.136
0.057
0.000
1.709
0.036
0.083
0.206
0.000
52.833
0.417
0.000
0.000
0.000
0.382
20.920
0.158
0.000
1.077
9.927
0.127
2.704
2.655
0.339
0.085
0.032
0.044
0.444
6.124
9.437
2.984
0.220
6.564
9.062
18.297
9.543
0.292
0.333
0.000
0.180
0.000
0.000
0.000
0.000
1.464
0.010
0.000
0.000
0.000
0.355
10.328
4.911
19.327
1.461
1.427
0.000
0.000
0.000
0.000
0.000
0.314
2.789
5.570
0.242
0.624
0.900
2.101
0.244
0.028
0.000
0.000
0.612
0.000
0.000
0.861
0.920
0.249
0.000
0.000
0.080
0.000
0.000
0.000
0.000
2.101
0.388
0.000
0.000
0.000
0.000
0.010
0.000
0.000
0.000
0.000
0.000
0.000
0.000
0.453
0.252
0.000
0.000
0.000
0.000
0.000
0.002
0.009
0.781
0.614
0.021
0.086
0.434
14.143
14.983
0.000
0.021
4.531
0.000
0.000
0.000
0.000
0.000
0.000
1.139
0.050
0.000
0.000
0.000
0.000
0.000
0.001
0.000
0.000
0.000
0.000
0.000
0.000
0.000
9.594
0.647
0.609
0.000
0.000
0.000
5.134
0.051
0.033
0.008
0.000
0.000
0.000
7.748
0.089
2.186
6.742
2.721
0.000
0.000
1.215
4.586
4.680
0.000
0.670
0.000
0.000
0.000
0.000
0.508
6.822
0.192
2.937
0.496
0.435
0.000
0.730
0.000
0.000
1.453
0.000
0.023
0.660
0.000
0.000
0.000
0.000
12.229
2.278
0.000
0.001
23.862
0.479
0.000
0.163
0.000
0.000
0.000
0.000
0.000
0.000
0.000
0.000
0.000
0.000
0.000
0.000
0.000
0.000
0.000
0.146
1.322
0.000
0.000
0.000
4.921
10.617
0.779
0.000
0.000
19.453
4.168
0.020
0.000
2.204
0.425
8.360
0.124
0.088
5.625
3.437
0.000
0.000
0.010
0.000
0.000
0.000
9.159
1.909
1.204
5.096
0.360
2.500
0.344
0.000
0.000
0.000
5.603
0.000
0.000
0.000
0.000
0.054
2.002
1.889
0.000
8.610
8.018
0.763
0.000
10.474
8.407
0.074
6.323
0.000
2.305
0.000
0.000
0.000
0.000
0.008
0.000
0.000
0.000
9.788
0.000
0.000
0.000
12.874
2.575
0.005
6.475
0.000
7.490
2.191
1.359
4.088
1.598
1.317
0.087
0.026
0.009
0.583
9.707
2.134
2.076
0.000
3.542
0.010
40.808
3.137
0.000
0.000
0.591
0.000
0.245
0.000
0.000
8.764
13.144
1.202
0.000
0.002
0.000
15.677
0.121
0.000
15.541
2.499
0.890
0.038
0.003
0.000
0.027
0.000
0.474
0.008
0.089
5.934
0.000
0.000
0.000
0.000
2.222
0.004
5.980
2.787
27.295
0.000
0.000
0.000
0.000
1.622
30.459
0.196
0.003
0.225
0.158
19.910
0.001
4.751
1.417
0.000
0.000
0.000
0.000
1.770
19.845
4.782
0.285
0.000
0.000
0.000
0.079
10.453
0.025
11.740
5.767
0.000
0.000
0.000
29.686
0.226
1.588
22.732
3.544
0.574
0.035
0.754
10.466
0.568
0.000
0.729
4.599
0.347
0.000
0.432
1.106
1.243
0.003
0.076
17.573
0.825
0.002
14.942
0.536
21.152
5.995
4.509
0.000
0.004
0.559
20.456
2.402
4.065
0.693
0.016
0.364
0.000
0.000
0.000
0.000
0.002
51.238
2.857
0.081
0.000
0.000
0.000
0.092
0.000
0.000
0.000
0.000
0.114
0.000
0.487
0.000
0.013
0.000
0.000
0.001
0.005
0.000
0.000
1.615
0.000
0.000
0.000
0.355
0.013
1.777
0.000
6.779
0.000
0.000
0.000
0.664
0.636
1.371
0.256
0.000
2.259
18.076
1.012
0.000
0.000
0.000
0.000
0.000
0.000
8.776
0.091
0.000
1.784
0.028
2.759
0.000
0.531
0.004
0.000
0.000
0.000
0.000
0.000
0.000
0.000
0.000
6.429
0.000
0.000
21.290
11.391
2.712
0.000
2.600
0.000
0.000
0.000
0.000
0.000
0.000
0.670
0.245
0.000
0.000
0.000
7.249
1.003
3.914
0.000
11.057
0.551
0.685
0.003
0.000
0.004
0.313
0.000
0.000
0.089
0.017
0.000
0.159
0.008
0.000
0.000
0.000
0.000
0.000
0.000
0.138
0.000
0.000
0.000
0.000
0.192
0.000
0.000
0.000
0.000
0.554
2.508
0.000
0.000
0.000
0.000
0.000
0.000
0.000
0.000
0.000
0.000
0.000
0.000
0.000
0.000
0.000
0.351
0.382
0.000
0.000
0.000
0.000
0.000
0.000
1.113
0.000
0.000
1.858
0.000
0.010
2.897
0.000
0.000
0.004
0.548
0.000
0.000
0.000
0.000
0.000
0.140
0.002
0.000
0.000
12.846
6.085
0.000
0.002
0.522
0.675
0.032
1.213
0.005
0.000
0.000
0.000
0.255
0.000
0.069
0.000
0.000
0.407
0.025
0.189
0.000
0.146
0.013
0.000
0.041
4.789
0.001
0.176
0.000
0.046
3.305
0.000
0.000
0.000
0.000
0.000
0.000
0.000
4.159
0.000
0.000
0.000
4.773
0.012
0.000
0.000
0.000
0.000
0.000
0.000
0.000
0.009
0.071
0.234
2.919
13.405
0.000
0.019
0.000
0.000
0.000
0.576
0.479
0.247
1.537
0.000
12.193
14.230
8.313
6.906
1.132
2.002
0.000
0.000
0.000
0.008
0.000
25.000
10.820
0.558
4.476
0.452
0.014
1.960
0.000
1.007
0.000
0.000
0.082
0.723
0.375
0.000
0.000
0.000
0.021
0.000
3.404
7.351
20.939
0.000
0.000
0.000
0.000
18.959
1.356
0.058
5.068
60.321
9.009
0.003
37.039
1.180
0.000
0.000
13.638
3.334
0.000
0.000
0.000
0.000
0.000
0.327
0.299
0.000
0.000
0.000
0.000
0.000
37.262
7.074
9.774
0.003
0.000
0.023
30.322
43.785
0.000
0.000
0.000
0.044
5.619
0.000
1.080
0.429
0.005
0.000
2.417
0.971
1.163
2.144
0.000
24.206
0.651
3.917
4.672
0.161
0.072
0.000
0.000
0.000
0.121
0.000
0.000
9.727
0.354
0.003
0.000
0.000
0.000
0.000
0.000
0.000
0.012
0.000
0.000
0.493
0.028
4.540
5.919
0.646
1.267
6.017
4.343
0.678
0.000
0.000
0.000
0.000
0.000
0.000
0.000
0.000
0.000
17.805
0.114
2.291
5.862
0.063
1.105
4.685
0.297
0.000
9.381
0.003
5.549
0.000
0.000
0.126
0.000
0.000
0.000
0.000
0.000
0.059
0.000
0.000
0.000
0.000
0.000
0.000
0.000
11.083
8.569
0.557
0.000
0.000
0.000
0.000
0.090
0.465
0.000
0.000
0.000
0.000
1.232
0.011
0.161
0.723
0.000
0.000
0.000
0.000
0.000
0.000
0.000
0.000
0.000
0.000
0.013
0.000
0.000
0.000
0.000
0.000
0.000
0.000
0.969
0.000
0.000
0.000
0.060
1.058
0.000
3.260
0.003
0.797
5.454
0.000
0.000
0.000
1.182
0.000
7.619
0.000
