19810101
0.000
0.000
0.000
0.000
0.000
0.000
0.000
0.000
0.063
0.000
0.056
0.000
0.022
1.141
0.000
0.000
0.000
0.000
0.000
0.000
0.000
0.000
0.000
0.000
0.000
0.899
0.002
0.000
0.000
0.000
0.035
6.793
0.020
0.000
0.000
0.000
0.068
1.205
3.068
0.102
0.216
0.000
0.000
0.000
0.000
0.000
0.000
0.000
0.025
0.000
0.000
0.251
4.974
0.000
0.000
0.000
0.000
0.037
8.224
0.000
0.000
0.000
0.000
0.000
0.000
0.000
0.000
0.000
0.217
0.342
0.000
0.000
0.000
0.000
0.000
0.000
0.000
0.000
0.000
0.000
0.000
0.000
0.000
1.927
9.272
0.000
1.324
6.195
6.413
1.981
3.394
0.000
2.358
6.200
0.228
0.000
0.200
0.000
0.000
5.240
0.000
0.000
8.877
1.200
0.000
0.341
0.243
0.000
0.181
0.000
0.011
8.906
16.739
0.663
0.396
0.554
4.379
3.036
6.026
2.732
4.334
0.000
0.391
0.000
2.042
0.000
0.000
0.000
4.036
0.000
0.000
0.000
0.000
0.000
0.000
0.000
0.000
0.000
0.000
0.000
0.000
2.206
3.101
24.274
2.452
6.082
0.000
0.357
0.585
0.108
0.002
4.163
5.992
20.002
0.000
3.317
0.415
2.892
0.739
0.004
7.139
0.228
1.171
11.954
34.116
6.236
1.183
0.000
1.989
0.010
7.016
0.335
24.100
0.219
16.048
0.145
0.269
0.000
3.849
11.116
0.000
0.000
0.000
0.681
0.000
0.000
0.000
0.000
0.000
0.000
0.000
21.246
0.009
2.406
13.442
10.432
0.060
0.916
0.000
0.000
1.158
0.775
0.000
5.191
0.204
11.591
0.000
0.000
0.000
0.000
0.007
14.361
0.927
6.401
8.099
12.384
0.000
7.952
7.182
0.225
5.748
1.239
0.006
0.000
0.000
0.000
0.000
0.000
0.000
0.000
0.000
0.000
3.724
7.752
1.710
11.083
21.408
9.008
2.162
0.000
0.000
0.000
0.000
9.592
0.000
0.000
0.000
0.000
0.000
23.536
0.000
0.464
0.000
0.073
0.000
0.000
0.000
0.007
0.131
0.000
0.000
0.000
0.000
1.124
0.000
0.000
0.036
1.498
2.289
2.807
2.290
2.371
1.414
8.445
0.107
0.000
37.909
2.427
8.572
0.000
0.000
0.000
5.169
0.013
1.343
8.854
12.491
0.000
0.036
7.622
11.630
0.137
0.570
0.477
1.211
1.459
0.256
1.201
0.000
0.000
0.000
0.000
0.000
0.787
0.000
0.000
0.000
0.000
0.000
0.000
0.000
0.000
0.000
0.000
0.000
0.000
0.000
0.000
0.017
1.510
0.000
0.000
0.000
0.000
0.000
0.000
0.000
0.119
0.815
8.685
0.677
0.000
0.001
1.928
0.000
0.000
0.000
0.000
0.000
0.000
0.067
0.000
0.000
0.000
0.230
3.889
0.000
0.000
0.000
0.000
0.000
0.000
0.000
0.017
4.118
0.000
0.000
0.070
0.611
0.808
0.147
0.612
0.000
0.000
6.082
0.000
2.057
4.960
1.022
0.000
0.000
0.000
0.233
0.000
0.161
0.000
0.000
0.008
0.421
1.753
0.253
0.000
1.933
0.313
0.013
4.055
0.259
11.324
0.010
1.680
0.000
0.000
0.000
1.321
0.197
0.004
0.069
4.563
0.000
0.000
0.000
0.000
0.554
0.015
0.000
0.000
0.000
0.000
0.198
0.466
0.000
0.000
0.000
2.458
0.000
0.000
0.000
0.000
0.000
2.824
0.000
0.000
0.000
0.078
0.000
0.000
0.000
0.000
0.000
0.000
0.000
6.905
1.515
0.000
0.437
0.010
7.414
0.000
0.121
1.891
0.000
3.017
0.000
12.455
1.686
0.000
0.000
0.000
0.000
0.000
0.000
0.039
0.111
5.040
4.392
0.000
0.234
21.286
12.695
1.985
0.000
0.000
0.000
0.000
0.504
0.000
0.037
6.514
0.000
5.861
6.765
0.343
0.004
0.995
0.000
0.000
0.000
0.000
0.000
0.000
0.000
0.000
0.000
0.000
1.367
0.000
0.000
0.000
5.698
22.091
0.023
0.000
0.000
0.000
13.704
3.541
0.366
13.700
7.167
5.921
2.989
16.845
34.885
1.855
0.016
0.000
0.000
0.000
0.000
0.000
0.000
0.000
0.000
6.215
2.992
1.106
0.000
0.000
0.000
0.000
0.000
1.407
6.593
0.002
0.282
2.995
0.000
1.573
0.000
0.281
4.601
0.000
0.406
0.000
0.167
6.144
2.030
0.303
1.454
10.794
0.000
0.000
0.000
0.198
15.036
0.000
0.000
0.000
2.407
0.000
0.001
11.893
14.129
0.000
22.551
0.662
0.033
0.477
1.146
4.369
0.525
10.913
4.575
0.012
1.124
11.854
0.591
0.000
0.000
4.483
0.604
0.943
0.026
0.003
12.130
0.066
0.000
0.000
0.000
3.071
0.000
0.000
1.149
0.084
0.034
2.849
0.000
0.000
0.000
0.302
0.000
0.000
0.081
7.409
0.000
12.882
0.000
0.000
8.371
0.477
0.000
2.928
1.116
0.725
0.012
0.179
0.009
2.598
2.834
0.000
0.000
0.000
4.557
0.000
0.104
0.000
0.000
0.543
0.000
12.811
16.648
1.369
16.985
1.612
4.324
0.002
0.065
0.351
0.000
0.000
0.451
1.469
0.000
0.000
0.000
2.420
8.863
0.119
0.000
26.964
5.073
0.119
0.679
25.643
15.649
0.262
2.706
12.609
8.173
2.596
0.722
0.018
0.564
0.000
3.293
0.793
0.583
0.057
0.000
0.000
0.000
0.000
0.000
0.000
0.000
0.334
1.320
0.000
0.000
0.000
0.375
6.727
1.660
0.000
0.000
0.000
0.000
0.000
7.925
0.583
3.797
0.198
0.000
0.000
0.000
0.000
0.000
0.622
6.893
2.033
3.017
0.000
0.000
0.000
0.000
0.000
0.000
0.000
0.000
2.089
0.400
0.159
0.000
0.000
0.000
0.000
0.000
0.000
0.000
0.000
0.000
0.000
0.000
0.580
0.000
0.000
3.071
2.480
0.128
0.007
0.000
1.088
0.000
1.275
0.000
0.219
4.436
0.000
0.000
0.474
0.000
0.000
0.000
0.440
0.000
5.585
8.889
0.011
0.000
8.181
0.441
0.000
0.015
0.370
0.000
0.000
0.080
0.000
0.000
0.000
0.000
0.000
0.000
0.000
0.000
0.000
0.000
0.005
1.943
1.777
0.000
0.000
0.000
0.000
0.000
0.000
0.000
0.000
0.000
0.000
0.868
0.164
0.072
0.000
0.000
0.000
0.000
0.000
0.130
0.000
0.405
0.009
0.000
0.000
0.000
0.000
0.000
0.000
0.000
1.219
0.000
0.000
0.000
2.281
5.301
11.104
3.731
1.219
0.000
0.000
0.000
0.000
0.000
0.000
0.089
0.877
2.561
0.000
0.000
0.000
0.000
0.000
0.000
0.000
0.000
0.516
0.000
0.000
5.082
9.302
0.602
0.428
0.000
0.000
0.000
2.650
3.175
0.000
0.000
0.029
0.000
0.000
7.739
2.101
0.074
0.000
0.000
0.000
0.000
0.000
0.000
0.000
0.000
0.000
0.000
0.264
1.285
0.854
0.423
0.000
0.000
0.000
0.000
0.000
0.000
0.000
0.000
0.000
0.000
3.069
0.052
0.067
20.108
0.000
1.348
0.908
0.000
0.000
1.536
2.999
4.668
0.000
0.000
1.181
0.090
0.053
4.070
4.573
4.930
2.608
3.535
0.000
0.000
6.404
5.270
0.800
0.010
0.000
0.193
0.180
1.792
10.885
0.251
7.286
49.712
22.702
1.080
0.018
0.349
0.000
0.000
2.324
2.861
0.000
6.304
4.369
11.846
5.768
0.000
0.701
14.314
0.355
0.000
30.093
17.282
13.020
0.000
0.000
0.000
0.000
0.000
0.000
0.000
0.000
0.000
0.000
0.567
1.724
14.149
0.103
1.841
0.371
0.000
0.000
0.000
0.000
0.000
0.000
0.000
3.458
5.890
12.554
0.480
0.021
3.933
0.000
0.000
0.007
0.000
0.000
0.186
19.397
0.009
0.000
0.879
0.789
0.005
0.000
6.067
0.017
0.438
0.023
0.064
1.538
0.000
0.000
0.000
0.934
0.007
0.362
2.690
1.535
0.000
0.911
0.000
0.060
0.044
4.406
2.069
0.002
0.000
1.635
11.494
0.012
16.273
0.000
0.000
7.330
20.741
0.000
0.432
0.930
0.687
0.929
0.929
0.179
0.000
0.000
0.000
0.000
0.000
1.890
6.267
4.581
0.335
10.856
0.747
2.416
0.017
1.535
0.182
0.000
1.721
14.226
1.490
1.674
2.159
1.351
3.440
1.230
0.211
0.885
2.808
0.000
0.000
0.000
0.002
1.186
0.000
0.000
0.000
0.000
0.000
0.000
0.275
0.000
0.000
0.000
0.000
0.000
0.474
0.223
1.628
0.000
0.000
0.070
2.444
0.787
0.000
0.000
0.000
0.008
0.502
16.427
12.477
0.010
5.180
6.217
0.000
0.000
0.000
9.388
4.690
1.174
0.075
0.000
0.000
0.000
0.000
0.000
0.000
0.000
0.000
1.440
6.119
2.617
2.397
6.404
1.560
0.000
0.000
0.000
0.000
0.000
3.718
0.177
0.000
0.000
0.000
0.016
0.332
0.253
0.000
0.000
0.000
0.000
0.000
0.000
0.000
0.076
0.000
0.000
0.000
0.019
0.246
0.428
2.711
0.689
0.000
0.001
0.815
0.000
0.000
0.000
0.000
0.000
0.000
0.000
0.000
0.148
4.222
0.000
1.972
0.077
0.179
0.001
0.599
0.009
1.101
0.567
0.804
0.098
0.000
0.000
0.000
0.000
0.000
2.517
3.895
0.000
0.832
0.444
7.188
0.000
0.482
0.000
0.000
0.000
0.001
0.000
0.000
0.000
0.000
0.000
0.000
0.000
0.000
0.000
0.378
10.069
0.000
0.000
0.045
0.000
0.000
0.000
1.158
4.766
0.000
0.337
0.000
0.000
0.000
0.000
0.000
0.000
0.000
0.000
0.000
0.000
0.000
0.000
0.000
0.000
0.000
0.000
0.000
0.000
0.000
0.000
0.000
0.000
0.000
0.000
0.000
0.000
3.413
5.925
1.463
0.137
0.000
0.000
0.000
0.000
0.000
0.000
0.000
0.000
0.000
0.000
0.588
5.496
17.114
11.447
0.125
3.286
0.000
0.000
0.000
0.000
2.663
2.848
36.901
1.001
0.017
0.056
0.036
0.001
2.043
0.752
0.000
8.844
4.194
0.000
0.000
0.000
5.017
1.575
0.012
0.207
0.008
0.025
0.000
0.000
0.064
0.000
0.000
2.880
6.366
0.000
5.865
13.468
10.157
11.815
22.743
2.913
20.630
9.534
2.968
6.562
0.027
0.756
3.085
1.562
4.663
0.250
3.161
0.024
10.525
0.954
1.381
0.451
4.687
1.666
0.000
0.000
0.021
0.003
1.217
5.166
0.062
0.347
0.886
0.000
0.487
0.928
1.638
0.036
0.000
0.188
0.010
0.011
1.286
5.355
1.387
0.000
0.000
0.022
0.441
0.055
0.000
0.000
6.653
0.825
0.053
0.000
0.000
0.154
10.553
0.000
0.000
0.000
3.846
2.692
0.304
9.106
0.180
0.000
0.000
0.000
0.000
0.000
1.493
0.000
0.000
0.000
0.000
0.041
16.925
0.000
0.000
0.000
2.765
0.043
1.063
0.000
1.873
0.000
0.048
1.141
3.040
2.979
0.823
0.169
0.000
0.674
4.840
0.733
4.810
0.000
6.762
2.676
0.000
0.000
0.000
0.000
0.000
0.000
0.000
0.049
0.105
1.008
24.410
4.361
0.182
0.131
0.291
0.000
0.000
0.000
0.000
0.000
0.010
0.000
0.000
1.624
1.135
0.000
0.008
0.000
0.000
0.000
8.447
38.994
28.300
31.448
0.012
46.722
2.075
1.094
1.622
0.277
0.000
0.000
0.063
0.010
3.870
1.387
1.731
0.000
3.673
0.000
0.000
0.017
0.329
0.000
0.000
0.000
0.000
0.000
0.000
0.000
0.000
0.000
0.044
0.000
0.000
0.000
0.000
0.000
0.000
0.000
0.000
0.000
0.000
0.773
0.722
3.518
0.000
0.000
0.000
0.003
0.000
0.000
0.000
0.090
0.000
0.000
0.000
0.000
0.000
0.000
0.000
0.000
0.000
15.084
10.030
1.146
0.000
0.000
0.000
0.054
0.000
0.000
0.000
0.000
0.057
0.570
0.642
0.000
1.292
0.299
0.000
0.002
0.000
0.000
0.019
1.878
0.000
0.071
0.089
0.329
0.000
0.007
0.037
0.000
0.000
0.159
0.930
0.000
0.000
0.390
0.000
0.018
0.260
1.694
0.000
0.000
0.000
0.073
0.307
0.000
0.000
0.000
0.000
0.000
0.000
0.629
0.153
0.043
0.405
3.423
1.465
0.000
0.005
0.482
0.000
0.054
0.000
0.631
0.146
0.000
0.236
0.000
0.000
0.000
0.137
0.761
0.000
0.000
0.000
0.000
1.077
37.841
7.174
0.000
0.000
0.000
0.000
0.000
0.000
0.000
2.028
0.000
0.000
0.000
0.000
0.000
0.000
0.000
0.000
0.000
0.000
6.712
0.323
0.000
0.000
0.650
3.991
0.000
0.000
0.003
0.000
0.000
0.000
0.000
0.000
0.000
0.000
0.000
0.000
0.000
0.000
2.950
0.345
0.845
0.000
0.204
0.000
0.000
0.000
6.220
18.856
29.931
9.904
0.034
0.000
0.000
0.000
0.000
3.119
0.000
0.000
0.000
0.000
0.436
3.983
0.000
0.000
1.787
0.000
10.408
42.270
6.397
0.851
9.244
9.650
0.052
0.000
0.000
0.000
0.000
0.000
0.322
0.000
2.778
4.656
0.000
0.712
3.776
12.821
43.164
0.344
0.000
0.042
0.015
0.347
0.000
1.142
0.000
0.000
0.000
6.355
14.045
1.440
0.000
6.447
0.020
3.495
2.689
0.010
0.000
0.000
15.603
0.015
1.011
1.241
57.180
2.598
7.430
0.000
0.000
0.000
1.112
0.000
2.895
4.475
0.000
0.000
0.000
4.375
0.000
1.044
0.000
0.000
0.000
0.481
0.000
20.681
97.994
1.304
0.000
3.883
1.456
0.258
21.853
2.408
0.007
3.717
0.202
0.668
0.000
1.940
0.000
0.000
0.227
0.844
6.926
0.000
0.000
0.000
0.000
1.667
0.069
40.806
10.968
0.000
0.054
5.621
1.206
0.278
0.688
0.000
0.000
0.055
18.561
2.961
0.476
0.272
0.000
0.000
15.859
0.061
0.752
1.163
0.150
22.410
0.087
1.584
10.976
0.000
1.284
11.540
0.994
0.000
0.000
0.000
0.000
0.000
0.241
3.742
0.378
0.630
3.571
0.085
4.305
6.080
6.418
0.000
0.000
0.000
0.008
0.656
7.549
6.275
0.171
0.006
0.000
0.029
0.001
0.016
15.789
0.001
0.000
0.000
12.313
0.362
0.573
0.000
0.000
0.035
0.000
0.000
0.000
0.000
0.100
1.146
0.000
0.000
0.000
0.000
0.000
0.265
1.335
0.000
0.000
0.000
0.000
0.000
0.000
6.356
0.000
0.000
0.000
0.000
0.000
0.451
0.000
1.160
0.000
3.812
0.306
6.949
14.000
0.123
0.002
3.101
0.647
0.486
0.704
6.275
0.000
0.202
0.250
2.726
8.166
5.998
0.000
3.669
0.000
0.012
0.000
0.077
0.342
0.199
0.000
0.101
0.000
0.001
0.538
0.013
0.000
0.000
0.000
0.000
0.000
0.000
0.970
0.348
0.000
1.742
0.239
0.000
0.000
0.000
0.000
0.000
0.000
2.251
0.247
0.000
0.000
0.000
0.000
0.000
0.000
0.000
0.000
0.000
0.000
0.000
0.000
0.000
0.707
0.000
0.051
0.004
6.464
0.071
0.889
2.853
0.000
0.000
0.000
0.776
0.000
0.000
1.596
0.000
0.108
0.000
0.000
0.000
0.000
0.000
0.000
0.000
0.000
0.000
0.000
0.685
0.000
0.000
0.000
0.002
0.082
11.541
0.000
0.422
0.002
0.000
0.000
1.948
1.370
0.000
0.000
0.000
0.000
0.000
1.057
0.000
0.000
0.000
0.000
7.597
0.000
0.000
0.028
4.842
0.000
0.000
0.000
0.067
1.394
0.000
0.000
0.000
0.209
0.000
0.000
0.000
0.000
0.000
0.002
0.000
0.000
0.604
0.000
4.720
1.242
3.815
0.638
1.419
0.000
0.000
0.000
0.000
2.150
0.277
6.459
15.391
0.000
0.000
0.001
17.134
1.364
0.690
0.000
0.000
0.579
1.555
12.790
5.237
35.836
6.282
12.891
2.733
0.038
0.000
0.000
0.023
0.232
1.432
14.341
11.313
2.415
6.522
6.088
6.702
0.510
8.193
1.836
0.000
0.000
0.000
0.000
0.000
0.000
0.300
3.388
0.485
0.729
1.910
0.000
0.000
0.000
0.000
0.000
0.017
0.000
19.231
0.000
0.590
7.531
0.000
0.000
7.626
35.423
0.072
0.354
1.049
1.564
5.644
0.000
0.770
8.093
0.093
4.737
9.221
1.104
0.258
0.022
1.671
2.512
0.000
0.000
0.000
0.098
2.024
0.658
15.183
0.578
1.547
0.149
2.706
2.260
3.297
13.512
16.113
3.516
3.235
1.020
4.326
0.001
1.748
8.600
0.000
0.000
0.000
0.056
13.035
3.378
0.000
21.039
0.171
0.273
0.235
0.656
1.263
0.057
0.000
7.689
14.774
2.617
4.950
4.126
0.374
3.673
0.005
0.000
2.283
20.242
0.636
0.000
0.000
0.000
0.000
2.854
6.851
14.983
9.965
0.279
1.326
1.718
0.208
0.030
0.000
0.000
1.075
17.580
16.843
19.141
2.737
0.058
0.000
0.000
0.000
0.000
9.678
9.207
0.601
3.675
0.409
6.932
0.000
26.686
0.715
2.098
17.086
4.322
8.402
0.000
0.000
7.232
0.000
0.000
0.083
3.512
0.000
0.000
0.259
0.000
0.000
0.000
0.000
0.216
0.204
0.000
0.000
1.997
2.064
3.776
2.122
0.000
0.000
0.000
0.000
0.000
0.000
0.000
0.000
0.000
0.060
0.000
0.002
0.000
0.008
0.550
0.040
0.803
0.000
0.000
0.210
0.000
1.119
3.149
7.921
11.228
1.096
8.685
0.135
0.076
0.000
0.000
1.456
0.333
0.060
0.007
0.000
4.804
0.000
0.236
0.976
0.398
0.000
0.000
0.000
0.000
0.000
0.000
0.000
0.000
2.460
0.000
0.000
0.000
0.000
0.000
0.000
0.000
1.126
0.000
0.000
0.008
0.000
0.000
0.000
0.000
0.000
0.000
0.000
0.000
0.000
0.000
0.000
0.000
0.000
0.000
0.000
0.043
0.272
0.268
0.013
0.000
0.000
0.000
1.728
0.668
0.000
0.000
0.000
0.000
0.000
0.000
0.000
0.000
0.000
0.000
0.000
0.959
1.913
0.631
0.301
0.000
0.000
0.000
0.000
0.000
0.000
2.848
2.889
0.000
0.000
0.319
0.000
0.000
0.000
0.000
0.000
0.000
0.000
0.000
0.000
0.000
0.000
0.000
0.000
0.000
0.000
0.000
0.000
0.000
0.353
0.578
0.988
0.077
0.000
0.000
0.000
0.000
1.824
1.454
0.000
0.000
0.000
0.000
0.000
0.000
0.000
0.000
0.000
0.000
0.064
0.366
0.000
0.000
0.000
0.000
0.000
0.000
0.000
0.558
11.280
10.788
0.000
0.000
0.000
0.000
0.000
0.000
0.000
0.694
0.000
0.000
0.000
0.000
0.000
0.000
0.000
0.000
0.000
0.000
0.000
0.000
0.000
0.000
0.000
0.000
0.000
0.000
2.150
0.042
0.000
0.000
0.000
0.107
0.213
0.275
0.000
0.000
0.287
1.691
0.000
0.000
0.000
0.000
0.000
0.000
0.000
0.000
0.242
0.956
0.001
1.469
6.121
0.038
1.582
8.428
25.945
1.512
0.716
26.180
21.871
1.074
0.000
1.682
6.147
0.649
0.018
0.000
4.440
3.058
0.000
5.257
0.783
0.000
0.011
0.000
0.000
0.000
0.000
0.453
7.846
0.000
0.000
0.000
0.000
0.000
0.246
0.000
0.000
0.000
0.000
0.000
3.108
0.000
0.072
0.009
0.026
0.127
1.872
0.176
2.624
6.713
0.000
0.000
2.050
2.854
0.000
0.451
0.000
0.021
19.728
1.194
1.600
0.000
2.833
0.000
0.284
14.105
24.428
15.549
2.230
2.611
6.179
0.570
0.669
0.004
0.014
2.237
0.000
0.000
0.282
0.003
0.015
11.335
0.000
0.000
0.051
0.000
0.000
0.271
0.000
0.000
2.688
1.657
0.000
10.138
21.379
3.133
8.182
0.253
0.064
0.482
0.470
0.000
0.001
0.070
2.672
0.044
0.000
0.205
2.916
0.000
0.000
0.375
0.000
0.081
12.394
4.405
0.013
2.735
0.390
1.392
2.552
0.407
2.052
0.004
0.000
0.000
0.258
21.714
36.169
6.685
1.272
0.000
0.000
0.000
0.002
0.000
0.000
0.122
1.078
0.000
0.255
1.845
0.000
0.000
1.336
0.737
0.000
0.000
0.000
0.000
0.000
0.000
0.000
0.000
0.390
4.035
2.898
0.025
0.024
1.553
0.059
5.197
0.619
2.199
0.000
0.265
0.000
0.000
0.000
0.000
0.000
0.007
0.185
0.908
1.272
0.000
0.000
0.000
0.000
0.000
0.000
0.000
0.000
0.000
0.000
0.033
12.093
2.908
0.039
0.000
0.000
0.000
0.000
0.000
0.000
0.000
0.000
0.000
0.115
0.672
0.008
0.000
0.000
0.417
0.000
0.000
10.294
6.725
0.733
0.010
0.000
0.000
0.552
0.249
0.380
0.406
0.046
0.017
0.167
0.141
1.104
0.200
0.000
0.213
0.459
0.053
0.000
0.000
0.000
0.000
0.227
3.335
0.000
0.000
0.000
0.000
0.000
0.000
0.000
0.000
0.000
0.000
0.016
11.590
1.375
0.326
0.000
0.000
0.000
0.000
1.434
5.693
0.000
0.227
0.001
1.447
3.808
0.000
0.000
0.106
0.000
0.000
0.763
0.030
0.000
0.000
0.000
0.000
0.000
0.357
0.257
0.000
0.000
0.000
0.000
0.000
0.000
0.003
0.000
0.000
0.000
0.000
0.000
0.000
0.000
0.000
0.000
0.000
0.000
0.000
0.000
0.000
0.000
0.000
0.000
0.000
0.000
0.000
0.335
9.009
13.990
0.052
0.969
4.689
3.658
0.525
0.000
0.000
0.000
0.062
0.000
0.200
0.005
0.000
0.000
1.020
21.761
0.000
0.000
0.016
3.505
0.000
0.016
0.001
0.501
6.072
0.309
0.000
0.000
0.000
0.013
1.692
0.000
0.000
0.000
0.000
0.000
0.000
0.000
0.028
0.000
0.000
0.000
0.000
0.000
0.000
0.000
0.000
0.000
0.000
0.000
0.000
0.000
0.000
0.000
0.000
0.000
0.000
0.177
0.972
6.231
10.006
0.432
0.000
3.957
4.702
0.000
0.030
0.079
0.002
0.000
0.827
0.366
1.298
0.361
0.209
0.000
0.000
0.563
12.636
0.000
0.000
0.000
0.000
0.000
0.011
0.241
0.000
0.000
0.000
0.000
0.237
2.439
0.000
0.000
0.000
0.741
11.962
0.422
2.446
0.000
1.520
9.037
0.000
11.034
8.290
0.090
0.370
0.101
0.000
0.000
9.179
0.040
0.000
0.000
0.000
0.000
0.000
0.000
0.000
3.372
1.033
0.196
4.857
0.000
2.056
17.592
0.151
0.000
0.000
0.000
0.000
0.000
3.137
0.017
1.021
0.093
3.742
0.000
0.000
0.000
0.059
1.598
0.179
11.098
0.538
19.642
3.030
11.269
6.704
0.093
1.131
10.617
0.005
0.000
7.949
16.661
14.479
34.546
2.077
0.060
0.140
0.077
0.000
0.000
0.002
5.044
16.659
0.000
0.000
0.000
0.007
0.023
0.000
0.000
0.000
15.941
0.004
4.355
0.000
0.000
0.112
0.000
0.000
0.000
0.000
0.102
1.941
0.000
0.000
0.000
15.539
8.311
1.634
34.789
17.567
0.033
0.597
0.000
0.014
0.000
0.211
0.000
0.000
18.547
0.079
0.000
0.000
0.017
0.000
0.000
0.000
0.000
0.000
0.000
0.000
0.000
0.139
0.000
0.000
0.091
1.153
1.914
3.392
2.240
2.948
6.260
0.000
1.667
0.071
0.000
0.000
0.310
1.981
0.000
0.000
1.274
0.000
0.000
0.000
0.000
0.000
0.000
0.000
0.563
3.029
0.000
0.680
10.338
2.189
0.239
0.018
15.042
0.717
0.000
5.542
0.000
0.128
0.034
0.000
0.000
0.000
0.767
14.220
3.625
0.000
0.000
0.000
0.000
0.000
0.000
0.000
0.000
0.000
0.000
0.000
0.000
0.000
0.000
1.039
11.045
0.000
0.724
0.751
0.461
0.002
0.000
0.004
0.000
4.165
0.000
0.000
0.718
10.250
0.000
0.068
0.000
0.000
0.093
0.016
2.930
0.065
0.000
0.000
13.371
4.714
3.502
0.000
0.224
1.853
0.000
0.000
0.057
1.005
0.058
2.094
0.243
0.206
0.011
0.000
0.000
0.000
1.794
0.609
0.000
0.000
0.000
0.000
0.003
0.880
0.599
0.087
0.000
0.000
0.000
0.008
0.262
0.000
0.000
0.000
0.000
2.466
0.000
0.000
0.000
0.002
0.000
0.000
0.000
0.000
0.000
0.000
0.000
0.000
0.000
0.000
3.222
0.000
0.000
2.365
6.754
0.136
0.060
0.000
0.901
0.000
0.000
0.000
0.014
1.432
5.077
5.164
0.251
0.000
0.000
0.000
0.014
0.000
0.000
0.000
0.012
2.367
0.000
0.027
6.780
0.346
5.918
0.000
0.388
5.301
4.636
8.851
0.008
0.918
0.001
3.085
0.000
0.000
0.588
0.000
0.000
0.000
0.000
0.000
0.114
0.000
0.000
0.000
0.000
0.000
0.000
0.000
6.158
3.447
2.000
0.879
1.700
12.260
1.407
0.000
0.000
0.605
10.099
0.380
0.000
9.011
5.404
0.000
0.000
0.000
0.000
0.000
0.000
0.000
0.000
5.504
3.146
4.652
0.000
0.537
7.922
2.641
18.707
1.261
0.000
0.021
1.223
5.406
1.465
0.000
0.670
0.000
0.053
0.072
0.773
0.008
3.498
0.207
0.000
0.000
15.411
7.700
4.887
0.000
0.000
0.000
0.482
0.000
0.000
5.686
33.336
0.411
0.000
6.134
7.971
1.986
0.000
0.041
2.279
0.000
0.000
11.271
0.000
0.000
0.175
0.000
0.137
0.051
0.000
0.296
0.441
0.109
0.000
0.000
0.017
0.488
0.199
9.545
0.000
0.000
0.000
0.000
0.994
0.000
0.000
0.000
0.352
10.716
0.530
0.066
0.003
0.000
0.242
11.052
0.000
0.032
0.000
0.000
0.000
0.000
0.065
1.806
3.210
5.948
0.094
0.000
0.000
0.000
4.349
6.611
0.000
2.832
0.000
0.000
0.000
8.353
11.581
5.543
3.218
0.133
72.264
0.921
0.007
0.114
42.302
1.061
0.000
0.000
0.044
0.000
0.000
9.113
2.884
0.000
0.000
0.000
0.000
0.000
0.000
1.161
5.091
35.177
4.402
0.000
0.000
0.000
0.000
0.000
0.000
0.000
0.000
0.415
11.699
0.000
0.011
1.734
0.690
0.000
0.000
0.315
2.882
0.000
0.000
0.000
0.000
0.000
0.000
0.000
0.000
0.000
0.000
0.000
0.000
0.000
0.000
0.000
0.000
0.000
0.267
17.147
0.073
0.000
0.176
0.000
0.000
1.157
3.770
0.380
0.086
1.474
2.199
1.987
0.488
0.000
0.000
0.525
0.473
0.351
2.162
0.000
0.000
0.000
0.017
6.402
0.000
0.000
0.000
0.000
6.809
1.555
0.000
0.000
0.000
0.000
0.000
0.000
0.009
0.000
0.000
0.000
0.000
0.000
0.000
0.000
0.000
0.000
0.021
0.000
0.000
0.018
0.141
0.000
0.000
0.000
0.000
0.010
0.216
0.342
3.022
0.023
0.026
0.000
0.090
0.000
0.000
0.000
0.000
0.010
0.000
0.000
0.000
0.000
0.000
0.169
0.012
0.000
0.000
0.000
0.000
5.584
0.035
0.000
0.000
0.232
0.489
1.371
3.478
0.000
0.000
1.295
0.888
0.033
0.000
0.241
1.085
0.000
0.096
0.000
0.000
0.000
0.000
0.000
0.000
0.012
0.287
0.000
0.000
0.000
0.032
8.223
0.315
0.000
0.000
0.016
0.000
0.000
1.462
1.916
0.000
0.328
0.000
0.000
0.000
0.000
0.000
0.180
0.000
0.000
0.000
5.694
4.134
0.000
1.009
18.887
1.355
4.419
2.640
19.185
1.130
0.107
0.038
0.000
0.307
0.011
0.000
0.000
0.000
0.000
0.000
5.154
1.061
0.000
0.000
5.740
1.700
0.000
0.000
0.000
0.011
0.000
0.000
0.024
0.000
0.000
0.000
0.000
0.010
0.061
0.679
0.018
0.000
0.000
0.000
0.000
0.000
2.086
2.530
2.454
8.540
13.804
11.100
5.963
6.853
0.126
0.000
0.000
0.001
0.000
0.000
0.000
0.714
0.011
0.127
0.000
0.022
0.000
3.706
1.375
2.194
1.970
0.000
0.430
0.707
0.015
1.866
3.391
0.000
0.132
3.559
5.823
0.002
0.755
0.000
0.000
0.090
6.364
44.008
3.982
6.805
3.892
0.092
1.347
0.904
0.000
13.852
13.008
0.000
0.336
1.618
5.029
5.115
1.915
0.094
2.524
3.849
2.313
0.814
0.000
0.090
0.000
1.088
1.239
0.234
0.591
0.000
0.000
0.000
0.653
0.000
0.000
5.118
21.186
0.000
0.000
4.357
8.506
0.000
0.000
0.000
0.000
14.607
0.000
0.000
0.000
0.096
0.194
0.558
0.007
0.000
1.659
13.634
0.665
2.486
0.000
0.000
0.000
0.000
0.526
5.089
0.000
0.000
0.000
0.000
0.000
0.000
0.000
3.808
0.000
0.000
0.000
0.000
5.561
5.335
1.190
0.014
0.000
0.000
6.017
1.219
2.250
14.183
0.000
0.142
0.000
0.000
1.378
0.000
0.011
4.233
3.661
0.053
4.889
5.961
0.000
0.029
0.000
0.026
0.406
0.781
15.895
0.054
0.000
0.000
0.570
4.387
2.040
8.410
0.009
0.211
0.045
0.000
0.000
0.000
0.000
0.056
0.399
0.833
3.247
37.391
3.308
0.000
0.000
0.000
0.000
0.000
0.000
0.080
0.739
0.000
0.026
2.477
2.596
21.804
16.697
0.000
1.088
2.726
0.006
0.000
0.000
0.000
0.000
0.092
0.000
0.000
0.000
0.000
0.000
0.000
0.000
0.000
0.000
0.000
0.000
0.000
0.080
0.000
0.000
0.000
0.000
0.000
0.000
0.299
0.000
0.000
0.000
1.283
1.350
0.000
0.000
0.000
0.000
0.000
3.331
3.460
0.000
0.000
0.000
0.000
0.000
0.000
0.000
0.000
0.000
0.000
0.000
0.000
0.000
0.646
0.129
0.000
0.000
0.000
0.000
0.000
0.149
15.016
0.650
0.540
0.560
0.510
0.003
0.000
0.050
0.194
0.501
0.000
0.005
0.036
0.000
0.000
0.969
0.000
0.000
0.000
0.039
0.230
0.008
2.633
0.004
0.173
1.338
0.000
0.176
0.000
0.000
0.000
0.000
0.000
0.379
0.784
0.000
0.000
0.000
0.491
1.110
0.000
0.000
0.059
0.000
0.000
0.000
0.000
0.000
0.000
0.000
0.000
0.000
0.000
0.000
0.000
0.283
6.846
0.000
0.000
0.000
0.023
8.739
0.000
0.000
0.000
1.968
5.189
1.702
0.000
0.000
0.000
0.000
2.574
0.000
0.424
0.000
0.030
0.000
0.000
0.000
0.000
0.000
0.000
0.000
0.000
0.000
0.000
0.022
0.000
0.000
0.000
3.192
3.650
24.130
0.628
0.148
0.000
0.000
0.000
0.000
0.000
1.373
0.000
0.000
0.000
0.920
0.004
0.000
0.000
0.000
3.344
0.000
0.000
0.000
3.051
10.629
11.859
5.640
0.000
0.000
0.000
0.000
0.000
3.242
0.604
0.000
0.000
0.000
5.751
5.237
3.234
28.357
2.232
0.319
0.000
20.127
1.783
16.012
1.232
0.002
0.000
0.000
0.000
0.000
7.217
0.000
0.000
0.441
0.000
0.000
0.000
0.000
0.000
0.000
10.624
11.920
0.000
0.056
1.005
3.004
7.099
1.491
2.018
3.543
8.047
1.443
0.000
0.000
0.000
0.000
0.000
0.102
8.147
0.176
0.318
0.000
13.427
1.727
0.661
0.184
0.174
0.242
10.872
17.968
3.694
0.046
0.042
0.000
0.000
16.519
2.717
19.698
1.848
23.125
0.168
2.512
6.322
1.198
4.481
0.071
1.959
0.069
0.761
0.390
7.117
12.081
0.000
0.000
0.000
0.169
5.392
18.751
2.097
0.159
3.020
0.000
0.000
0.032
0.996
1.818
9.621
2.890
0.000
1.258
0.000
0.059
6.446
1.786
2.119
0.000
0.000
0.000
0.000
0.000
0.001
0.188
0.000
0.000
0.015
4.741
12.580
0.000
0.000
0.000
0.000
0.000
0.106
5.400
12.305
0.000
0.000
0.000
0.000
0.000
0.000
0.000
0.000
19.221
0.000
0.000
0.000
16.195
20.195
13.736
0.088
0.000
0.415
0.000
5.296
9.710
9.917
1.398
5.047
1.368
0.005
0.000
0.003
0.210
0.000
4.199
0.100
0.000
0.000
0.000
2.135
0.182
0.873
0.005
0.093
0.061
1.953
0.004
0.000
0.000
0.000
0.000
0.000
0.000
3.231
0.033
0.000
0.000
0.000
0.278
0.002
0.793
0.000
0.057
0.201
0.000
0.017
0.000
2.885
17.481
0.012
0.033
15.662
9.785
1.346
0.401
2.004
1.721
0.000
0.000
0.000
3.857
0.164
2.420
0.000
0.000
0.000
0.000
0.799
9.774
0.997
0.000
0.000
0.000
0.000
0.000
0.000
0.293
1.174
0.000
0.000
5.755
0.000
0.056
1.977
0.065
5.254
0.995
0.011
0.230
0.074
0.000
0.000
0.000
0.181
1.517
0.000
0.248
0.387
0.000
0.000
1.319
0.000
0.000
0.000
0.000
0.000
0.000
0.000
0.000
0.000
0.000
0.000
0.000
0.104
0.111
0.000
0.087
1.500
0.000
8.059
0.859
0.000
0.000
0.000
0.000
0.000
0.000
0.000
0.973
0.000
0.599
0.000
0.000
0.000
0.000
0.006
0.074
0.000
0.032
0.000
0.000
0.000
0.000
0.000
0.000
0.000
0.000
0.000
0.000
0.000
0.000
0.000
0.223
0.000
0.003
0.949
0.000
1.022
0.018
0.176
0.059
4.042
3.991
0.008
0.903
0.000
2.694
0.283
0.000
0.000
0.000
0.000
0.000
0.000
0.000
0.452
3.720
11.987
10.828
2.071
0.010
0.001
2.282
0.265
2.733
0.636
0.000
0.000
0.000
0.000
0.000
0.000
0.000
0.000
0.000
0.000
0.000
0.000
0.000
1.471
0.580
0.000
0.000
0.000
0.000
0.000
0.000
0.000
0.492
5.556
0.000
0.000
2.370
2.925
0.000
0.710
0.000
0.540
0.003
0.000
0.814
11.338
7.347
11.891
3.622
0.035
0.020
0.014
0.000
0.000
0.000
0.000
0.088
0.000
0.000
0.027
0.000
0.000
0.000
0.000
0.000
0.000
0.726
19.735
3.994
0.000
0.000
1.141
0.322
2.559
0.055
0.000
0.000
0.660
4.271
4.170
0.046
1.240
0.360
0.837
0.000
0.000
0.002
0.000
0.000
0.013
0.000
1.927
0.000
7.440
1.632
0.000
0.000
0.000
0.000
0.000
0.798
0.402
0.384
14.248
34.997
9.569
16.500
2.156
0.000
5.412
0.489
2.232
0.110
0.131
0.005
0.000
0.095
0.990
42.131
3.340
7.090
0.479
0.007
0.000
0.043
1.665
2.531
12.984
0.105
0.909
0.506
2.069
9.515
7.473
1.670
0.014
0.445
0.205
1.799
0.571
0.099
0.000
0.274
0.000
0.159
0.601
0.042
0.000
0.000
0.490
0.368
0.000
0.385
0.000
0.000
18.557
11.086
0.075
0.245
0.000
4.209
0.868
0.069
0.000
0.000
0.299
3.787
0.000
0.000
23.289
0.429
0.000
20.994
9.155
1.504
0.000
0.321
2.344
13.288
0.919
0.000
16.559
0.459
1.130
3.640
2.449
2.644
9.083
0.883
1.010
0.127
0.000
0.000
0.020
0.026
0.000
5.064
2.085
0.000
0.000
0.375
0.000
0.000
0.000
0.000
0.026
0.000
0.286
0.000
0.000
0.000
0.000
0.000
0.000
0.000
0.000
0.000
0.860
0.800
0.000
0.000
0.000
0.000
0.410
0.000
4.134
0.000
0.005
0.038
2.406
0.000
0.000
0.000
0.000
0.000
0.000
0.000
0.000
0.000
0.000
0.586
0.000
13.276
5.742
4.354
0.010
0.000
0.000
0.000
1.566
0.299
0.000
0.089
0.148
0.000
0.018
0.875
0.000
0.000
0.964
3.943
0.000
0.000
0.000
0.011
0.010
0.000
0.000
0.000
0.000
0.000
0.194
0.321
0.000
0.072
0.000
0.000
0.000
0.000
0.000
0.043
0.000
0.000
0.000
9.312
1.921
0.053
0.000
0.028
3.015
0.000
0.120
0.004
0.064
0.000
1.936
0.183
0.004
0.105
2.787
0.661
2.083
1.234
0.015
0.202
2.204
0.000
0.000
0.000
0.000
0.000
0.000
0.000
7.444
3.976
2.317
0.000
0.000
0.000
0.000
0.088
0.000
0.513
0.557
9.347
0.832
0.000
2.826
0.000
0.801
0.000
0.000
0.000
0.000
0.000
0.000
0.000
0.000
0.000
0.000
0.000
0.000
0.000
0.000
0.245
0.000
0.000
0.000
0.000
0.000
0.000
0.000
0.000
0.281
1.670
0.149
0.000
0.000
0.000
0.000
0.000
0.000
0.000
0.000
0.000
0.000
0.000
0.000
0.000
0.000
9.572
0.134
0.323
0.000
0.000
0.075
1.952
0.000
0.000
0.000
0.000
0.000
0.000
0.000
0.000
0.000
0.000
0.000
0.000
0.000
5.665
11.756
0.000
0.000
0.000
0.000
0.000
0.000
0.000
7.310
3.048
0.000
7.000
1.738
0.000
0.000
0.000
0.000
0.000
0.000
0.000
0.000
0.000
0.000
0.000
27.155
3.911
0.349
0.004
1.534
5.134
1.885
1.113
19.190
1.221
0.000
0.000
0.000
1.754
7.660
7.422
0.000
0.000
0.000
0.092
1.130
0.000
0.000
0.000
0.014
0.072
0.027
0.953
0.099
3.342
41.035
2.106
3.479
9.712
0.969
0.015
31.466
12.896
3.491
0.000
0.000
0.000
0.000
6.348
1.662
9.384
2.840
3.040
0.000
0.000
3.445
8.373
0.260
13.955
4.083
0.857
0.559
5.948
0.011
0.000
3.314
22.894
4.034
1.371
0.000
0.648
0.000
0.515
0.691
13.830
0.294
27.589
6.269
1.806
2.712
9.512
12.448
0.000
12.340
0.000
3.236
2.088
0.000
20.872
11.869
0.000
0.028
0.000
0.000
0.000
2.380
0.230
5.918
7.500
0.026
0.888
0.225
0.000
0.187
0.712
0.000
4.641
0.755
2.361
3.284
0.000
0.039
17.140
0.000
0.000
0.418
0.017
0.651
10.830
0.370
0.000
5.074
0.000
0.000
0.000
0.000
14.285
4.586
0.000
0.000
36.954
0.000
0.000
19.333
0.000
0.189
3.494
0.251
0.627
0.000
1.223
0.178
0.000
2.019
0.073
0.000
0.006
1.993
12.210
0.685
0.017
0.000
0.000
0.000
8.715
1.677
1.720
0.000
0.000
0.015
1.665
0.699
2.275
1.009
0.000
0.000
0.000
1.176
0.000
0.000
0.000
0.000
1.944
0.000
0.000
0.000
0.000
0.000
0.000
0.000
1.688
0.214
0.088
0.008
1.570
7.889
0.020
0.000
0.000
1.082
0.000
0.018
0.000
1.169
0.566
0.000
0.000
0.000
0.000
0.041
20.193
0.000
0.000
0.064
0.002
0.014
0.000
0.000
13.180
0.000
0.084
0.000
0.000
0.000
0.000
0.000
0.000
0.000
5.893
0.019
5.074
6.469
5.562
0.067
0.569
0.000
0.000
0.989
0.000
0.000
0.000
4.424
0.000
0.000
0.000
0.586
0.000
0.000
0.000
0.215
0.000
0.000
0.020
7.023
0.000
0.607
0.030
1.158
0.000
0.001
0.000
0.000
0.087
0.000
0.225
0.000
0.178
6.998
3.086
0.026
0.311
0.000
5.334
4.234
0.015
0.000
0.026
0.000
0.050
0.000
0.000
0.000
6.750
0.838
0.026
0.000
0.000
0.000
0.000
0.000
0.000
0.028
0.465
1.982
1.618
0.000
0.000
0.000
0.000
0.000
0.000
0.000
0.000
0.000
0.000
0.090
2.298
0.462
2.137
3.520
1.325
0.000
0.000
0.000
0.000
0.000
0.747
0.000
0.000
0.000
0.000
0.362
2.861
1.293
0.000
0.000
0.000
0.256
0.000
0.000
0.000
0.000
0.000
0.000
0.000
0.000
0.000
0.000
0.000
0.000
0.000
0.000
0.000
0.928
0.000
1.591
10.669
0.000
0.043
10.089
0.000
0.574
1.556
1.524
0.000
0.000
0.000
0.000
0.000
0.000
0.000
0.000
0.000
0.000
0.041
2.210
1.329
0.000
0.000
0.000
0.000
17.992
4.162
0.000
0.000
0.000
0.000
0.000
0.000
0.000
0.000
2.488
24.846
12.813
0.064
13.734
0.000
0.000
0.012
0.000
1.104
0.000
0.000
0.000
0.000
0.000
0.003
0.015
0.032
0.000
18.039
0.956
0.000
1.339
0.000
0.000
0.000
0.016
1.511
0.000
12.211
2.634
2.596
0.000
0.013
4.829
1.117
0.278
0.000
0.000
0.000
0.000
10.604
0.255
0.000
0.000
0.056
3.289
1.392
3.534
0.125
3.736
4.507
8.335
29.109
2.935
0.001
31.841
0.006
3.266
0.457
0.589
5.443
18.249
0.000
9.698
4.512
0.000
1.316
0.000
0.000
0.227
2.244
3.180
1.360
27.043
2.425
0.092
3.043
0.008
0.000
0.510
2.473
0.140
3.870
0.028
10.839
3.466
2.889
4.661
0.536
0.099
0.088
0.341
0.406
0.000
0.000
0.544
14.132
1.520
0.000
10.500
1.154
0.000
0.000
7.580
3.636
0.000
0.117
0.000
0.000
4.180
0.000
0.000
0.000
0.000
0.074
9.285
1.060
0.000
0.000
6.258
7.392
0.137
10.133
0.690
0.439
0.003
0.115
2.725
0.611
0.000
0.260
2.313
5.938
2.269
0.000
0.000
0.000
0.000
0.059
5.676
6.138
6.020
25.105
0.162
0.029
0.000
0.000
0.000
3.068
2.335
1.928
0.000
0.000
0.344
0.000
0.043
0.000
0.000
0.004
0.014
9.159
2.882
0.000
0.000
7.020
3.145
1.627
0.018
0.000
0.000
0.000
0.000
0.000
18.557
10.498
36.381
6.229
0.008
0.000
0.525
1.096
1.137
0.319
0.000
0.000
0.000
0.000
0.000
0.000
0.000
0.000
0.000
0.000
0.000
0.000
0.000
0.000
0.000
0.000
0.000
0.000
2.881
3.240
0.000
0.000
0.000
5.265
0.001
0.042
11.018
0.000
0.000
0.000
0.000
0.000
0.168
10.909
0.019
0.000
0.000
0.000
0.000
0.000
0.759
0.000
0.000
0.026
4.041
0.011
0.071
0.000
0.000
0.000
2.469
0.953
0.000
0.000
0.000
0.000
0.000
0.000
0.000
0.000
0.000
0.000
0.000
0.000
0.000
0.781
0.006
0.000
0.106
0.000
0.000
0.000
0.000
0.000
0.000
0.000
0.004
0.051
0.009
13.615
0.241
0.000
0.002
4.235
5.469
0.017
0.000
0.425
0.000
0.000
0.000
0.000
0.000
0.000
0.000
0.000
0.000
0.000
0.000
0.000
0.000
0.000
0.000
0.000
0.000
0.000
0.400
3.266
0.000
0.000
0.000
0.000
11.270
0.000
0.788
0.000
0.000
0.007
0.009
0.000
0.000
0.000
0.000
4.032
1.308
0.000
0.000
0.000
0.000
0.000
9.870
2.862
2.249
0.000
0.000
0.000
0.000
0.000
0.000
0.006
0.000
0.000
0.000
0.452
0.002
2.327
0.000
0.000
0.000
0.069
0.479
5.750
17.059
6.944
0.000
0.000
0.000
0.541
0.000
0.000
0.083
0.782
0.041
0.453
0.000
0.000
0.000
1.865
13.281
5.787
0.000
2.637
3.030
0.252
0.740
7.968
0.000
0.000
0.000
0.222
7.082
0.039
0.000
0.000
0.029
0.000
0.000
0.000
0.000
1.032
0.459
2.408
0.000
1.483
0.000
15.318
2.969
0.000
0.000
0.064
27.957
0.000
3.769
0.000
0.000
0.000
1.492
0.000
0.000
0.000
0.000
4.190
0.000
0.567
4.564
0.160
0.000
0.000
0.000
0.035
0.000
0.000
0.192
2.612
2.859
3.084
0.013
3.717
3.045
0.007
0.000
0.000
0.000
0.000
0.000
0.000
0.000
0.000
0.000
0.984
0.918
0.013
0.000
3.781
9.284
4.137
3.750
0.026
0.433
0.619
45.689
14.497
32.332
23.605
0.000
1.288
2.508
4.399
0.000
5.738
10.219
16.714
0.750
0.000
7.500
2.019
0.317
4.723
1.516
8.837
0.032
0.006
0.000
0.017
0.133
1.097
0.040
0.000
10.372
0.074
0.000
0.058
0.287
0.017
0.615
11.222
5.760
3.376
0.000
1.259
0.191
17.282
4.095
0.000
0.000
0.000
0.000
15.091
0.000
0.000
0.000
0.000
34.032
67.093
2.574
0.000
0.270
0.000
0.161
0.204
0.192
0.154
0.087
0.000
0.000
3.447
4.645
0.000
0.017
0.002
0.000
0.000
0.000
0.000
2.127
4.858
0.245
0.000
2.117
0.000
0.039
2.592
0.001
0.725
0.004
0.000
0.000
0.000
0.589
31.738
55.527
2.611
16.448
2.577
5.945
0.674
1.046
1.311
9.941
0.185
0.000
0.000
0.087
2.043
0.086
0.213
0.000
0.230
3.563
0.639
0.006
0.506
0.607
16.857
0.000
0.000
3.076
4.922
3.502
0.024
0.000
2.048
1.258
1.090
0.000
0.000
0.000
0.006
0.000
1.478
2.083
0.000
0.000
0.034
1.236
0.000
1.291
1.742
0.000
0.000
0.006
0.097
0.000
0.000
0.000
0.232
2.971
8.543
0.000
0.000
2.253
0.000
0.423
0.070
0.118
0.984
0.000
0.000
2.942
5.539
0.000
0.127
0.137
2.416
14.007
0.000
0.000
0.000
0.000
0.000
0.000
0.000
0.000
0.000
0.000
0.000
0.000
0.344
0.000
0.000
0.007
0.000
0.813
2.677
0.000
0.000
0.000
0.000
0.000
0.000
0.124
0.000
3.805
3.533
0.000
0.000
0.179
0.325
0.387
19.776
2.139
0.000
0.000
0.000
0.000
0.000
0.000
0.000
0.000
0.000
9.003
0.000
0.000
0.000
0.000
0.000
0.000
0.000
0.000
0.412
0.000
0.000
0.012
1.176
0.913
1.255
0.000
0.320
0.070
0.067
0.000
0.054
0.063
0.000
0.002
4.110
4.120
0.000
0.000
8.344
5.060
0.000
0.000
0.000
0.000
0.000
2.051
0.411
0.000
0.000
0.000
0.000
0.000
0.000
0.000
0.000
0.000
0.011
0.317
1.018
0.370
0.000
0.000
0.000
0.000
4.627
8.963
0.000
0.000
1.664
1.859
0.007
0.000
0.147
0.417
0.397
1.547
0.000
0.000
0.000
0.000
0.000
0.000
1.680
11.939
0.598
0.000
0.180
0.103
0.000
0.104
0.031
0.000
0.000
0.002
0.548
1.871
5.855
4.776
0.000
0.000
0.000
0.000
0.000
0.000
0.000
0.040
0.341
0.186
1.663
0.315
0.282
0.852
0.000
0.000
0.000
0.077
5.032
3.640
8.130
11.226
7.327
0.005
1.880
2.630
0.000
0.000
0.000
0.000
0.000
0.000
0.000
0.000
0.050
7.048
0.805
7.687
0.021
0.276
10.544
0.084
0.000
0.000
0.000
0.000
0.000
0.000
0.000
4.665
12.993
0.000
0.000
0.000
0.017
1.775
4.418
4.781
5.432
0.227
10.713
2.263
0.183
2.182
1.657
0.538
4.330
0.170
0.000
0.000
13.322
12.676
4.290
3.180
0.000
15.808
14.703
1.527
1.583
1.938
0.015
0.000
3.451
0.701
0.000
1.557
4.919
2.901
2.278
1.805
0.013
12.821
13.005
1.078
0.320
1.594
0.000
0.000
0.313
1.738
10.961
11.249
34.603
0.000
0.000
0.000
0.000
0.000
0.337
0.037
0.006
0.000
1.024
0.000
0.088
1.456
0.204
6.370
0.000
0.000
0.013
0.245
0.000
0.002
0.000
0.000
0.000
3.490
28.839
2.885
4.652
0.000
0.000
13.634
0.975
0.099
0.102
0.463
0.870
0.000
0.000
0.000
0.000
0.136
0.000
0.000
2.261
2.895
8.756
0.977
0.020
0.455
14.123
13.472
7.763
0.077
2.511
0.000
0.019
0.000
0.017
0.000
0.000
0.000
0.001
0.194
0.000
0.000
0.000
0.000
0.293
0.649
0.000
30.356
21.155
0.000
0.001
0.552
0.147
1.451
1.035
1.452
0.024
3.615
1.093
2.426
31.608
0.017
0.000
0.000
0.000
0.000
0.082
1.669
2.676
0.164
0.000
0.000
0.000
0.071
0.000
0.000
8.564
14.713
25.886
4.251
0.000
0.000
5.422
0.000
1.213
0.475
0.088
0.000
0.000
0.136
0.000
14.444
0.805
0.005
0.000
0.000
0.164
0.000
0.000
0.000
0.000
0.000
0.127
2.127
0.000
0.000
2.853
0.827
1.098
2.425
0.118
0.013
1.068
0.029
3.472
3.553
0.000
0.000
0.001
0.002
4.117
4.662
1.635
0.000
0.000
0.000
8.106
23.550
2.464
0.000
0.000
0.000
2.641
0.000
0.029
0.000
0.000
0.423
0.130
0.000
0.000
0.019
0.000
0.000
1.025
2.511
7.339
0.000
0.007
0.726
0.000
0.206
0.224
1.400
0.000
0.000
0.000
0.000
0.000
0.000
0.000
0.000
0.000
0.000
0.941
0.421
0.000
0.000
0.004
1.072
0.780
0.649
0.000
0.000
0.000
0.000
0.000
0.000
0.000
0.000
0.000
0.037
14.094
1.295
3.319
6.958
0.013
0.000
0.000
0.000
0.000
0.251
0.000
0.000
1.167
6.604
0.000
0.000
0.000
0.000
0.000
0.000
0.000
0.000
0.000
0.458
12.037
0.000
0.000
0.000
0.000
0.000
0.000
0.000
0.000
0.000
0.000
2.296
11.868
9.378
0.116
0.000
0.000
0.000
0.000
0.000
0.000
0.000
0.000
0.000
0.000
0.000
0.000
0.000
0.000
0.023
0.000
0.000
0.197
2.025
0.353
0.000
0.000
0.000
0.000
0.000
0.000
1.020
0.790
1.727
10.829
0.940
0.277
1.623
0.099
0.421
3.700
1.832
0.618
0.337
4.803
5.607
0.286
0.064
0.607
8.867
9.448
0.000
0.000
0.000
0.000
0.689
0.000
0.000
0.000
0.000
0.215
0.431
1.339
0.009
0.000
0.000
0.000
0.000
0.000
0.000
0.011
0.000
15.439
1.031
1.183
5.067
0.401
5.812
0.753
0.014
15.671
20.884
18.513
0.215
0.000
4.302
44.543
3.390
1.471
16.245
5.768
14.465
0.493
1.882
2.438
12.336
0.010
0.000
0.555
3.445
17.751
27.412
2.838
0.017
0.000
0.116
0.543
0.000
0.001
0.012
0.342
0.234
10.488
0.761
0.020
0.000
0.000
0.000
0.024
1.066
0.000
7.991
1.989
0.046
6.037
0.043
0.000
0.020
2.945
2.430
1.561
0.108
0.002
1.275
2.274
1.268
0.900
0.905
10.086
0.246
0.002
1.561
2.218
0.878
3.077
0.002
0.000
0.048
0.139
0.067
9.402
0.726
0.000
0.000
0.000
0.000
0.000
5.376
1.338
0.000
0.042
0.000
3.411
1.217
10.113
6.887
8.301
0.000
2.968
0.367
0.000
0.000
0.000
0.000
0.000
0.000
0.000
16.979
0.820
0.636
0.000
0.000
0.047
1.524
3.704
2.076
0.074
0.852
5.970
0.002
8.012
6.948
34.966
0.970
0.000
0.000
0.000
0.000
0.000
0.002
0.098
0.000
0.000
0.006
0.000
0.000
0.000
0.000
0.003
0.319
4.989
2.679
2.810
6.945
0.000
0.000
0.002
0.000
0.005
0.419
1.132
0.484
0.000
1.598
6.497
0.000
0.000
0.000
0.000
0.000
0.000
0.099
6.582
0.000
1.863
0.000
0.000
0.000
0.000
0.000
0.000
0.000
0.010
0.500
0.094
1.256
0.000
0.000
0.000
0.000
0.000
0.000
0.000
0.000
0.000
0.000
0.000
0.000
0.000
0.000
0.000
0.000
0.000
0.000
0.000
0.000
0.011
0.000
1.315
1.658
1.174
0.000
0.000
0.000
0.000
0.000
0.001
3.180
0.000
0.013
0.934
1.283
0.011
4.201
0.000
5.323
0.316
0.246
0.420
0.073
0.020
0.340
0.000
0.446
1.072
0.000
0.165
0.664
0.000
0.000
0.000
0.000
0.000
0.000
1.815
0.000
0.000
0.000
0.000
0.000
0.000
0.000
0.000
0.000
0.000
1.646
0.000
0.638
0.842
5.623
0.002
0.085
0.000
0.000
0.000
0.888
0.304
0.000
2.415
1.408
8.850
3.105
1.727
0.445
0.000
0.000
2.978
0.000
0.000
0.000
0.000
0.000
0.000
0.128
0.270
0.000
0.000
0.000
0.000
0.000
0.000
0.000
0.014
0.370
0.000
0.204
0.596
0.005
0.000
0.018
22.379
0.000
9.946
0.000
0.000
0.000
0.000
1.103
9.757
11.616
0.043
0.211
0.625
0.477
4.276
0.437
0.000
0.000
0.000
0.012
0.310
0.149
0.000
0.000
0.000
0.000
0.000
0.000
0.000
0.000
0.000
0.000
0.007
2.383
0.047
0.230
0.020
0.000
0.102
2.947
0.082
0.000
3.302
9.511
6.726
0.570
7.232
21.748
0.000
0.301
0.510
0.000
0.000
0.000
0.000
0.000
0.000
0.039
0.726
5.797
1.820
25.235
12.509
5.379
12.208
1.520
0.000
0.108
0.012
0.085
0.000
0.000
1.637
26.391
24.476
7.989
0.170
4.339
3.944
5.599
10.915
16.554
3.810
0.511
2.512
0.000
0.721
8.892
4.502
12.322
6.487
2.732
0.573
0.000
0.000
0.216
0.030
1.660
14.365
13.963
2.449
0.004
0.016
0.000
0.000
0.120
6.756
22.679
0.000
0.013
0.209
0.820
0.703
6.913
0.001
0.000
0.000
0.000
0.000
1.543
0.000
0.417
0.120
0.000
0.000
0.023
0.171
0.000
0.000
0.030
0.000
0.356
0.014
0.000
0.000
0.000
0.000
0.119
0.000
4.426
7.612
0.162
2.799
11.239
0.000
3.655
7.833
0.955
0.000
0.000
0.024
0.297
0.000
0.000
0.217
3.453
0.001
0.428
0.000
0.000
0.000
0.000
0.000
0.000
0.000
0.163
1.727
24.055
34.385
0.000
0.000
0.000
0.000
0.000
0.102
0.000
0.000
0.000
0.023
1.038
9.158
1.538
1.216
0.905
7.390
0.107
0.000
0.000
0.102
4.275
13.252
1.570
0.000
0.000
0.000
0.005
4.035
0.061
0.120
2.845
48.699
25.265
2.896
0.939
0.000
0.002
0.000
0.000
0.000
2.103
0.568
0.000
0.000
2.159
4.107
0.000
0.000
0.000
0.000
0.000
0.000
0.000
0.000
0.000
0.020
7.447
18.952
0.061
0.000
0.000
0.000
4.914
0.007
0.425
12.812
0.000
0.000
1.383
1.632
0.000
0.000
0.000
0.000
0.000
0.026
0.002
0.000
0.000
0.000
0.000
7.230
0.167
1.992
0.000
0.000
0.000
0.000
0.000
0.000
0.000
0.000
0.000
0.000
6.739
0.000
0.041
2.088
0.000
0.000
0.000
0.000
0.014
1.758
2.233
0.345
0.000
0.000
0.000
0.641
2.372
1.228
0.000
0.021
0.000
0.000
0.000
0.006
0.884
1.627
0.058
3.130
0.000
0.000
0.000
3.679
1.399
0.000
0.000
1.393
0.000
0.000
0.045
0.000
5.113
0.990
0.000
0.000
0.000
0.000
2.370
0.000
1.235
0.001
0.000
0.000
0.000
0.000
0.000
0.332
0.670
0.000
0.000
0.000
3.208
0.711
0.000
0.000
0.000
0.000
0.000
0.000
1.979
0.000
0.000
0.000
0.610
0.136
0.000
0.000
0.006
2.607
0.000
0.000
0.575
9.343
0.054
0.000
0.000
0.000
0.000
0.000
0.000
0.160
0.058
0.000
0.000
0.000
0.000
0.000
0.000
0.000
0.000
0.000
11.919
2.752
0.000
0.004
0.071
4.347
0.630
18.097
2.456
11.175
4.757
0.000
0.000
0.441
1.992
0.265
0.000
0.729
2.046
1.505
0.000
0.049
2.823
0.390
1.256
0.000
0.000
0.000
0.000
0.000
0.000
0.000
0.000
0.000
0.000
0.000
0.488
4.849
16.568
11.978
12.532
1.112
0.994
19.973
25.645
16.361
31.269
1.181
3.815
11.818
3.425
0.001
0.040
0.980
1.339
1.376
10.499
1.213
0.001
0.001
0.000
0.000
0.000
0.448
3.608
0.351
0.319
0.001
1.759
18.925
3.339
8.532
1.231
1.906
8.782
0.023
0.000
0.000
0.000
0.204
0.257
0.000
0.000
1.306
1.787
1.255
5.657
10.668
0.031
0.001
2.910
1.803
4.846
5.134
5.225
0.897
5.189
0.728
5.698
9.293
0.449
0.529
7.510
11.046
3.332
0.000
1.028
11.981
1.415
21.642
43.836
0.004
0.423
0.841
0.000
0.000
0.895
10.056
0.000
4.565
10.813
0.000
0.028
0.000
0.000
0.000
0.000
0.000
32.294
0.001
0.001
0.335
0.391
0.024
7.981
3.286
5.503
14.057
27.069
0.001
0.111
2.399
0.000
7.205
0.071
0.000
0.001
0.000
17.473
1.096
0.002
0.007
0.000
0.000
0.000
0.456
11.881
0.000
0.448
11.458
33.454
7.354
0.137
0.127
1.989
1.588
0.352
3.000
13.877
2.264
2.865
0.000
0.000
0.032
0.106
0.745
0.172
0.000
0.000
0.000
0.013
9.442
22.639
0.963
0.000
0.000
0.000
0.000
0.000
0.000
0.000
0.000
0.060
2.573
12.768
0.024
0.001
0.010
0.097
0.000
0.298
0.184
0.151
0.201
1.617
2.682
0.003
0.000
0.057
0.000
0.000
0.000
0.000
0.000
0.000
0.000
2.792
0.000
0.000
0.000
0.000
0.000
0.000
0.000
0.000
0.000
0.000
0.000
0.000
0.000
0.000
0.000
0.000
0.000
0.000
0.000
2.949
0.000
0.000
0.038
0.028
0.002
0.000
0.000
0.000
0.000
0.000
0.000
0.000
0.000
0.000
0.016
0.000
0.000
0.000
0.000
0.000
0.000
0.000
0.263
0.229
0.000
1.661
0.030
0.000
0.000
0.830
1.510
0.000
0.000
0.014
0.705
0.089
0.020
3.665
0.000
0.000
0.009
0.592
0.045
0.000
0.000
0.357
0.000
3.062
0.000
0.000
0.000
1.546
0.038
0.000
0.369
0.000
0.000
0.000
0.202
0.723
0.626
0.601
0.000
0.003
0.177
0.036
0.000
0.000
0.000
0.000
0.000
0.000
0.000
0.000
0.000
0.344
0.905
0.000
0.000
0.000
0.000
0.000
2.354
0.656
0.835
0.467
0.680
0.465
9.201
0.224
0.000
0.000
0.000
0.000
0.000
0.006
4.808
0.812
13.004
2.559
0.055
0.000
0.000
0.000
0.000
0.000
0.000
0.334
1.237
3.380
18.356
0.000
0.000
0.000
0.000
0.207
11.660
0.000
0.000
0.000
0.000
0.000
0.000
0.000
0.000
8.639
3.368
0.159
1.195
0.007
0.000
0.000
0.000
0.036
0.164
8.734
0.075
3.847
7.039
0.000
0.135
0.288
0.096
3.625
0.005
1.075
0.000
0.539
0.123
0.530
0.000
0.375
8.142
0.001
0.000
0.000
0.000
0.000
0.000
0.000
0.075
0.000
1.832
4.048
0.000
0.000
0.000
0.000
0.000
5.697
33.514
0.027
1.095
8.452
5.254
0.468
0.125
1.424
4.680
0.000
0.000
0.000
0.413
2.724
4.245
0.003
0.003
0.002
0.000
1.755
10.807
0.430
5.521
1.226
0.439
0.937
0.710
7.273
1.165
0.000
0.000
0.000
0.000
0.493
0.001
0.000
5.135
19.790
9.050
14.679
3.656
10.230
3.272
6.853
1.327
2.903
1.193
0.001
2.470
5.951
0.128
0.921
2.070
0.002
0.005
1.367
0.000
0.001
7.484
0.021
5.919
7.053
5.139
1.094
0.507
7.207
0.027
0.000
0.000
0.000
0.000
0.701
0.563
1.958
0.006
0.001
0.000
0.037
5.705
25.448
0.194
0.001
0.001
0.000
0.492
2.458
0.000
0.023
0.000
4.041
9.280
1.771
5.346
0.698
0.000
0.023
2.275
0.604
9.106
20.115
1.113
7.595
0.025
0.005
1.300
3.808
0.007
1.189
0.042
0.296
1.963
0.001
0.586
0.798
2.338
15.106
0.783
0.317
1.477
0.052
0.009
2.971
14.189
0.488
0.182
0.150
0.000
0.001
0.062
0.392
0.000
0.000
0.000
0.168
0.565
0.546
0.554
5.299
9.684
0.083
1.360
0.000
0.035
0.504
0.005
0.000
0.302
1.548
0.039
0.005
1.667
1.364
0.017
0.000
0.001
0.000
0.000
0.000
0.072
20.676
3.508
0.810
0.005
0.001
0.000
0.000
0.002
0.000
0.000
0.056
6.076
6.246
8.323
0.002
0.100
4.997
8.218
27.731
8.255
1.070
0.000
0.001
11.255
23.590
3.798
0.000
0.000
0.000
3.673
7.453
1.765
0.000
0.462
0.498
0.339
1.248
4.454
0.009
0.000
0.000
0.000
0.000
0.000
0.684
0.739
6.382
0.000
0.000
0.000
0.000
0.059
0.000
0.859
2.128
0.132
0.175
1.149
0.139
0.000
0.000
0.008
0.000
0.770
0.198
4.982
1.040
0.042
1.363
0.000
0.000
0.000
0.000
0.052
0.386
2.020
3.531
0.078
0.172
0.000
0.000
3.173
0.000
0.000
0.070
0.000
0.002
0.000
0.000
0.000
0.113
0.000
0.047
0.595
1.946
0.000
0.112
0.000
0.000
0.000
0.000
0.000
0.002
0.000
0.124
0.000
0.000
0.000
8.986
5.811
0.019
0.000
0.090
1.061
0.000
0.434
0.025
6.789
5.087
0.000
0.000
5.063
0.009
0.148
0.000
0.000
0.000
0.000
0.000
0.000
0.000
0.657
0.412
3.591
17.931
13.951
0.000
0.000
0.000
0.000
0.000
0.000
0.000
0.000
0.000
0.000
0.000
0.000
0.000
2.109
5.120
0.056
0.000
0.000
0.000
0.000
0.037
0.000
0.083
0.000
0.000
0.000
0.000
0.000
0.000
0.000
0.000
0.000
0.438
0.000
1.190
0.000
0.000
1.597
5.166
37.012
5.080
6.067
0.208
1.967
18.108
0.180
0.702
1.219
1.909
0.107
0.000
0.000
0.183
0.726
3.202
34.954
0.249
0.000
0.000
0.237
0.000
0.072
10.193
4.438
3.620
0.005
0.000
1.050
7.719
6.875
1.116
0.008
0.869
0.000
0.051
0.001
0.099
2.445
4.169
0.025
0.001
0.691
8.579
27.531
13.145
14.541
2.586
5.495
8.990
0.286
0.003
0.000
0.000
0.000
5.977
4.124
0.000
0.004
0.079
0.062
0.449
0.884
1.244
3.169
3.524
8.038
16.336
47.774
6.735
1.600
0.652
7.185
0.931
2.244
6.078
0.003
0.000
0.005
0.024
0.252
0.000
0.112
0.202
0.000
1.135
0.732
0.502
0.065
0.000
0.536
2.487
0.000
0.000
0.000
0.000
0.000
0.000
0.077
3.074
4.353
0.699
4.048
5.879
0.040
0.370
0.237
0.021
0.000
0.000
0.000
0.677
20.841
0.000
3.077
0.554
4.692
0.000
0.000
0.001
0.000
0.000
0.189
8.105
13.284
0.001
0.001
0.000
0.000
0.000
1.264
6.692
1.585
13.559
0.008
2.680
0.000
0.001
0.000
0.000
0.000
0.163
3.502
0.011
0.994
10.495
0.163
0.001
0.054
0.000
0.000
0.000
0.446
12.266
10.258
0.693
3.217
0.000
0.001
0.000
0.103
1.463
0.001
0.535
0.044
2.083
0.551
1.365
1.238
3.917
1.102
0.000
0.000
0.000
0.000
0.000
0.000
0.000
0.000
0.000
0.000
0.000
0.000
0.000
0.522
4.285
23.418
14.806
0.488
7.978
2.066
2.721
0.825
0.248
0.444
0.037
0.000
0.036
0.634
5.064
5.766
2.613
0.151
0.004
0.000
0.000
0.078
0.505
0.000
0.000
0.000
0.000
0.000
0.000
0.000
4.736
0.000
0.000
0.000
0.000
2.140
0.000
0.000
0.000
0.000
0.000
0.087
0.000
0.000
0.000
0.000
8.863
13.302
4.046
8.662
4.417
1.694
0.019
0.000
0.397
0.000
0.000
5.390
0.610
0.000
0.000
0.000
0.000
0.000
0.000
0.000
0.000
0.000
0.000
0.000
0.000
0.000
0.000
0.000
0.160
9.017
0.000
0.000
0.318
0.000
0.034
0.119
0.000
0.000
0.000
0.000
0.000
0.000
0.000
0.000
0.071
0.000
0.000
0.000
0.000
0.000
0.000
0.000
0.002
0.000
0.451
0.002
0.000
0.000
0.000
0.000
0.000
0.000
0.000
0.000
0.000
0.000
0.814
1.691
0.232
0.000
0.000
0.000
0.000
0.000
0.000
0.000
0.000
0.000
0.029
0.000
0.017
0.000
0.000
0.000
0.000
0.000
0.000
1.954
2.891
0.000
0.000
0.010
0.743
1.557
0.431
0.000
0.000
0.000
0.000
0.000
0.004
0.226
0.257
0.000
9.210
10.880
0.185
0.000
0.000
0.000
0.000
5.105
0.000
0.000
0.025
0.784
0.002
1.786
0.000
0.000
0.000
0.000
0.000
0.000
1.504
0.118
0.009
0.009
0.031
4.196
0.000
0.000
0.000
0.000
0.000
0.000
0.000
4.652
14.569
0.041
0.252
3.511
0.000
0.000
9.973
8.280
0.371
0.000
0.045
2.181
0.025
0.498
0.097
0.000
4.115
4.392
1.515
0.471
0.631
0.018
0.000
2.274
2.785
1.907
0.596
7.513
12.509
0.213
0.000
12.116
0.806
0.142
1.254
0.000
0.000
0.000
0.000
0.000
0.000
0.000
0.000
0.000
0.000
0.000
0.000
0.000
0.836
8.181
0.000
0.000
0.000
0.730
0.011
0.000
0.000
1.761
0.551
0.000
0.262
0.090
0.002
0.527
2.073
4.150
0.000
0.135
0.000
26.709
5.896
4.364
0.410
48.253
24.522
6.039
0.243
0.000
0.000
0.000
0.000
0.000
0.000
0.000
0.000
0.000
0.000
10.896
77.591
0.000
21.531
17.976
0.000
0.000
0.000
0.000
0.000
0.000
8.985
0.618
0.007
1.543
4.117
0.000
0.744
8.871
0.626
0.245
8.733
3.367
0.000
0.701
7.534
2.721
0.018
6.682
0.001
0.000
0.175
0.819
0.109
6.222
0.108
19.338
0.000
0.000
6.336
5.858
19.038
0.001
0.001
0.001
1.873
0.002
0.000
0.000
0.000
0.000
0.035
0.000
11.959
0.005
1.443
8.232
1.747
4.667
0.000
2.311
0.076
0.000
0.000
0.692
22.351
0.000
0.000
0.000
0.000
0.000
0.000
0.000
0.000
9.482
0.000
0.045
0.000
9.081
6.635
0.117
0.382
0.000
0.000
0.477
0.634
0.011
0.019
0.000
24.532
7.696
5.416
5.159
0.002
0.007
0.838
0.002
10.827
0.002
0.008
0.001
0.000
0.097
4.428
0.527
0.002
2.739
0.000
0.000
0.000
0.597
0.061
0.000
1.234
3.594
1.279
0.011
0.000
0.000
0.000
0.000
0.324
0.139
0.000
0.000
0.000
0.065
0.063
0.000
0.028
1.780
0.000
0.000
0.000
0.000
0.000
0.147
1.970
0.000
0.000
0.000
0.000
0.000
0.000
0.000
0.000
0.000
0.000
0.000
0.000
0.458
0.000
0.000
0.000
0.000
0.000
0.000
0.000
0.000
0.000
0.000
0.000
0.000
0.003
4.321
1.806
2.535
0.012
0.000
0.238
0.000
0.000
0.000
0.000
0.522
0.033
0.005
0.000
0.000
0.000
0.000
0.000
0.034
0.000
0.000
0.000
0.259
0.242
0.000
0.000
0.000
0.000
0.000
0.000
0.000
0.439
0.000
0.000
0.000
0.000
0.000
0.000
0.000
0.000
1.454
0.000
0.000
0.000
1.196
0.000
0.000
0.953
0.000
0.000
0.000
0.000
0.005
0.000
0.000
0.137
0.000
0.000
0.000
0.000
0.000
0.000
1.703
0.081
0.000
0.000
0.000
0.000
0.000
0.000
0.000
0.000
0.000
0.000
0.000
1.550
0.707
0.000
0.217
2.606
0.040
0.000
0.021
0.142
0.000
2.804
0.000
0.000
0.000
0.000
0.010
0.000
0.000
0.941
0.000
0.000
0.000
0.000
0.314
2.887
4.478
0.000
0.000
0.000
1.571
5.249
0.000
1.477
0.063
0.000
0.000
0.000
0.000
0.000
0.000
0.000
0.000
0.000
0.000
10.108
14.819
0.006
13.297
4.471
5.873
0.000
0.000
0.000
0.000
0.000
0.280
0.000
0.000
0.000
0.000
0.000
0.000
0.000
12.447
8.471
0.794
0.000
22.768
10.647
1.101
0.009
0.000
0.201
0.167
0.000
0.000
0.006
22.278
1.549
0.001
3.074
0.428
0.001
0.001
0.000
0.000
5.733
0.001
0.708
2.432
0.000
0.001
1.370
0.340
1.430
2.767
3.268
1.141
5.702
11.128
1.757
4.099
0.008
0.000
0.000
0.259
3.975
0.184
0.000
0.000
0.191
9.662
13.202
15.056
11.228
6.911
0.416
6.481
10.830
0.080
0.412
0.000
30.052
0.063
0.000
0.000
9.036
0.000
0.000
32.573
1.971
2.677
0.000
0.008
5.290
0.001
0.004
0.000
0.000
4.154
1.941
1.413
0.000
0.000
0.000
0.668
0.000
0.023
3.507
4.706
6.888
0.017
1.116
4.942
0.164
0.604
3.964
2.137
0.000
0.000
0.018
3.610
0.000
0.000
0.000
0.000
0.000
0.000
0.000
0.987
0.000
9.345
0.064
0.838
2.186
0.044
1.664
0.000
2.759
0.464
0.000
0.000
0.000
0.000
0.035
0.082
0.000
0.000
0.000
0.000
0.000
0.752
13.695
19.140
0.000
0.000
0.000
0.000
0.006
6.266
8.074
0.003
0.060
1.408
0.249
0.045
1.176
0.032
0.333
0.481
0.673
0.254
0.000
0.000
0.000
0.000
0.000
0.000
0.000
0.000
0.000
0.000
0.000
15.732
0.000
0.000
0.002
0.000
0.000
0.000
0.000
0.000
0.008
0.055
0.000
1.437
0.397
0.086
0.000
10.795
3.885
1.959
2.314
0.000
0.000
0.000
4.702
1.824
0.000
0.000
0.000
0.000
0.000
0.000
3.598
0.000
0.000
0.000
0.019
0.192
1.372
0.000
0.000
0.000
0.000
2.815
9.762
0.000
0.000
0.000
0.000
0.000
0.000
0.000
0.000
0.000
0.000
0.050
0.000
0.000
0.000
0.000
0.000
0.000
0.000
0.065
0.010
0.000
3.337
0.000
0.135
0.000
0.000
0.000
0.000
0.000
0.000
0.000
0.000
0.076
0.100
2.020
0.939
0.293
0.000
0.000
0.000
0.000
0.000
0.000
0.000
0.000
0.000
0.000
0.000
0.300
0.000
2.253
0.000
0.000
0.000
0.000
0.000
0.000
0.530
0.001
2.382
0.000
0.068
12.403
2.356
0.000
0.000
0.000
0.002
0.205
2.624
0.038
0.000
1.365
2.255
0.002
0.000
1.731
0.000
0.247
0.415
0.000
0.000
0.000
0.000
0.000
0.000
1.507
8.502
0.003
0.000
0.828
0.000
0.000
0.000
0.000
0.000
0.000
3.915
0.907
0.000
3.227
0.707
3.744
1.416
0.249
0.255
0.000
1.296
0.000
0.128
0.728
0.000
0.000
2.964
1.606
0.000
0.000
0.000
0.000
0.000
0.000
0.218
10.958
0.017
4.199
0.921
0.000
0.000
0.000
0.000
0.000
0.000
0.760
0.000
0.000
0.120
0.000
0.000
0.000
0.000
0.000
0.047
0.035
0.172
0.000
6.724
7.353
0.000
14.062
0.000
0.073
0.000
1.502
0.011
0.000
0.616
1.386
0.007
0.000
0.000
0.000
0.055
0.000
0.000
0.000
0.017
0.000
0.168
0.000
10.303
5.065
0.000
0.000
1.292
23.359
0.000
0.061
4.997
0.007
0.237
0.026
1.320
15.260
0.344
2.184
0.000
0.012
8.616
6.562
7.070
0.053
0.000
0.005
3.048
2.352
0.000
0.157
2.455
0.000
1.459
5.405
3.798
1.297
0.147
3.921
0.000
0.001
0.000
0.000
0.000
0.000
1.461
8.561
0.073
0.084
0.011
0.675
0.000
0.000
0.000
0.754
7.694
13.895
0.369
8.810
20.856
1.251
1.116
0.000
29.666
0.147
13.080
0.000
0.000
0.025
0.000
0.000
0.201
0.009
0.000
0.000
0.000
0.000
0.000
0.000
0.000
0.000
10.016
13.118
6.631
0.035
2.900
0.000
0.000
0.000
0.000
7.435
0.752
7.258
1.883
2.477
0.003
0.000
1.312
0.000
0.000
3.005
0.538
0.155
0.001
0.000
5.201
0.029
0.313
1.136
1.434
0.061
0.000
0.212
3.819
0.386
1.511
0.021
0.000
0.000
42.486
47.565
0.000
0.000
0.000
0.000
0.293
0.000
0.000
2.090
6.735
40.130
0.000
0.000
0.000
5.669
22.883
1.410
3.753
11.824
0.000
0.000
0.000
0.000
0.000
0.006
23.102
4.555
0.000
0.000
0.000
0.000
0.000
0.000
0.048
0.000
0.000
0.072
2.531
0.529
2.094
2.860
0.031
0.350
0.087
2.023
0.000
0.838
7.734
3.337
0.357
0.322
0.056
0.738
8.897
10.243
1.143
0.040
2.072
0.000
0.004
0.000
0.000
0.000
0.000
0.018
0.000
0.000
0.000
0.000
0.000
0.000
0.102
0.073
0.000
0.000
7.328
0.000
0.009
0.000
0.301
0.000
0.180
1.636
0.243
0.000
0.000
0.000
0.831
0.000
0.972
0.000
3.360
2.086
0.000
0.000
9.266
0.000
0.400
0.244
0.000
0.000
0.000
0.000
0.000
0.000
1.505
0.276
0.000
0.000
0.000
0.000
0.000
1.174
0.000
0.000
0.950
7.295
0.508
8.656
0.000
0.312
0.000
0.000
0.000
0.000
0.000
4.595
0.000
5.363
2.600
0.000
0.000
0.000
0.000
0.000
3.601
1.880
0.915
9.444
0.000
0.000
0.117
0.038
0.000
0.436
3.917
0.000
0.000
0.000
0.000
0.000
0.000
0.000
0.000
0.000
0.000
0.178
0.000
0.092
0.000
0.015
4.699
0.000
0.000
0.000
0.000
0.357
5.251
2.202
0.110
0.000
1.660
1.995
0.000
0.000
0.323
0.000
0.000
0.000
0.000
0.000
0.000
0.085
0.000
0.000
2.288
0.004
0.646
0.000
0.000
0.006
0.094
0.006
0.000
0.000
0.000
0.000
0.000
0.000
0.000
0.000
0.000
0.000
0.000
0.000
0.268
19.660
0.148
0.000
0.018
0.010
0.000
1.415
0.000
0.000
0.000
2.255
13.791
8.616
0.310
0.000
0.000
0.171
0.000
0.000
0.000
6.291
0.000
0.000
0.000
0.000
0.004
2.118
1.541
0.020
0.000
0.000
0.101
0.083
0.000
0.000
0.000
1.658
0.401
2.936
3.518
8.113
0.676
0.000
7.001
1.775
2.439
0.061
0.000
2.078
11.638
0.006
1.716
0.437
0.888
0.000
12.889
41.125
1.746
2.995
1.857
3.161
0.002
0.650
0.736
0.000
1.291
27.089
3.064
3.735
20.527
0.000
3.132
2.486
10.696
0.026
31.838
2.803
0.000
0.000
0.000
0.000
12.927
18.090
0.012
0.000
7.078
0.000
0.000
14.690
5.683
0.000
25.859
1.710
0.000
0.938
0.005
1.097
0.025
0.000
0.134
0.000
0.000
0.000
6.570
0.086
0.000
0.597
17.110
0.071
6.022
0.000
0.000
0.000
0.000
0.000
1.209
0.016
15.560
0.000
13.417
0.000
0.000
0.000
0.000
0.000
2.841
14.237
0.000
0.000
0.000
0.078
16.926
3.095
0.007
0.007
0.000
0.000
0.000
0.000
9.704
9.327
0.640
5.967
0.030
0.000
0.000
0.000
0.000
7.731
0.725
0.000
0.000
0.000
0.000
1.265
0.000
0.000
5.480
0.107
15.873
0.000
0.000
0.002
0.084
0.000
4.037
34.867
0.001
1.382
0.007
2.015
0.383
2.257
0.455
0.000
0.001
0.000
1.739
12.441
11.768
0.000
0.008
0.000
0.245
0.000
0.000
0.000
0.467
67.880
5.239
0.000
0.000
0.000
0.000
0.000
0.000
8.358
0.061
0.000
0.000
3.010
0.000
0.019
0.000
0.311
0.105
0.000
0.259
0.000
0.010
0.000
0.000
0.000
4.041
0.052
0.135
0.314
0.000
4.696
0.092
0.000
0.168
0.000
0.911
0.000
0.000
0.000
0.000
5.232
2.387
3.913
0.008
0.746
0.647
0.000
0.000
0.000
0.316
0.000
0.000
0.000
0.395
6.260
17.561
0.000
0.409
0.000
0.059
0.414
0.093
0.000
0.098
0.000
0.000
0.159
0.026
0.389
0.000
3.642
3.339
3.145
0.003
0.000
0.000
0.000
0.000
0.000
1.150
0.270
0.000
0.000
0.000
0.055
0.001
8.307
1.417
0.000
0.005
0.000
0.760
0.866
0.000
0.266
0.259
1.886
0.000
0.000
0.000
0.000
0.000
0.000
0.000
0.383
0.022
0.021
0.813
0.000
0.000
0.000
0.071
0.000
0.000
0.015
0.000
0.001
0.000
0.000
6.007
0.008
1.667
0.000
0.000
0.000
0.000
0.000
0.015
3.497
0.041
0.000
0.000
0.000
0.000
0.000
0.000
0.000
0.000
0.000
0.023
1.680
0.188
0.687
4.277
0.000
0.217
0.000
0.000
1.048
0.000
0.006
1.322
4.026
0.013
9.222
0.000
0.000
0.197
0.014
0.099
0.000
0.000
0.000
0.000
0.000
0.000
0.000
0.000
0.000
0.120
0.000
0.000
0.000
0.000
0.000
0.000
1.339
14.215
3.324
1.752
1.982
0.000
0.000
0.000
0.000
0.000
0.000
0.000
0.000
0.006
0.000
0.003
0.000
0.000
0.000
0.250
5.190
1.341
1.342
0.683
0.000
0.000
0.000
0.000
0.000
0.019
15.863
18.794
9.579
7.723
4.850
0.155
0.000
0.000
0.000
0.000
5.115
21.000
31.433
0.600
8.243
2.734
0.021
0.039
0.103
0.000
0.573
0.000
0.000
0.000
0.000
0.018
2.546
0.772
0.000
0.000
0.000
18.134
0.041
0.908
3.131
0.000
0.000
2.820
3.940
0.000
0.000
2.430
6.395
0.000
0.000
0.058
0.000
0.000
0.739
2.451
5.931
0.078
0.000
0.472
0.004
0.000
5.006
0.237
0.101
10.468
0.658
0.000
0.310
4.920
0.000
6.794
0.000
0.000
0.000
0.000
2.481
0.035
0.000
0.000
0.000
0.000
2.987
0.000
0.000
3.125
0.000
1.222
0.280
0.000
0.000
0.000
0.000
0.319
8.548
0.339
0.172
25.544
4.741
0.000
1.303
0.173
0.000
0.351
0.316
0.000
0.000
0.000
0.225
2.757
0.122
0.000
6.906
14.520
0.000
0.000
2.826
0.344
3.022
0.000
0.000
0.450
12.379
0.480
9.777
0.000
0.000
0.000
0.000
0.000
0.000
3.261
13.488
0.262
0.000
0.000
0.000
0.000
0.000
0.000
0.000
0.000
0.000
0.000
0.000
0.020
3.853
18.145
3.303
7.287
0.000
0.000
12.040
9.550
1.469
0.012
0.757
1.634
2.757
1.876
2.608
0.285
0.000
0.000
15.856
0.000
0.000
0.000
0.000
0.000
0.000
6.004
0.047
0.567
0.000
0.000
0.004
15.406
2.481
0.000
0.141
0.109
0.008
0.626
0.051
0.000
0.000
0.000
0.000
0.000
0.000
0.000
0.000
0.000
0.000
0.000
0.000
0.000
0.000
2.578
0.043
0.000
0.000
0.000
2.665
0.000
0.000
0.000
0.000
0.002
0.000
0.000
0.000
0.000
0.000
0.000
0.000
0.000
0.416
0.998
9.464
0.000
0.000
0.000
0.000
1.073
0.000
0.473
0.000
0.000
0.000
0.000
0.000
0.378
0.036
0.000
0.547
0.006
0.000
0.000
0.000
0.000
0.000
2.284
0.000
0.000
0.000
0.000
0.000
0.000
0.715
3.961
18.365
1.411
0.000
0.000
0.000
0.156
0.000
0.000
0.000
0.000
0.000
0.000
0.511
0.000
0.000
0.000
0.000
0.000
0.000
0.000
0.000
0.001
0.213
0.000
0.000
0.000
0.000
0.018
0.000
1.169
0.000
0.104
0.000
0.412
0.143
0.000
0.000
0.242
0.000
0.000
0.000
0.000
0.000
0.000
0.000
0.000
0.000
0.006
0.004
0.000
0.000
0.000
0.000
0.000
0.000
0.886
21.723
2.034
0.934
0.027
3.247
6.699
0.050
0.000
0.000
0.000
1.237
0.000
0.000
0.000
0.000
0.000
0.000
0.000
0.005
1.614
0.000
0.000
0.229
0.000
0.000
0.176
0.000
0.000
6.485
0.499
0.000
3.551
3.056
19.591
10.812
14.499
6.689
5.862
7.244
0.000
0.000
0.000
0.000
0.000
0.000
0.008
0.001
0.000
0.000
0.000
0.000
1.091
0.000
0.000
0.008
7.448
17.097
16.373
0.000
0.000
0.000
0.000
0.000
0.000
0.000
0.288
0.000
0.000
0.000
11.048
1.649
1.040
0.001
0.000
0.000
0.000
0.001
0.000
0.091
0.546
0.023
0.000
0.000
8.399
0.013
0.000
27.538
0.841
0.057
0.289
0.050
0.718
0.388
10.151
18.992
12.005
0.000
26.280
9.683
1.510
0.145
0.584
0.687
0.613
0.061
0.000
2.352
0.005
0.000
0.000
0.385
15.126
1.977
5.727
1.454
0.000
0.187
0.000
0.021
0.000
0.000
0.010
0.340
0.000
0.000
0.000
0.031
29.209
6.029
0.001
0.000
0.000
0.000
0.000
0.004
8.858
0.216
0.653
0.000
7.017
0.002
4.159
0.000
0.000
0.000
0.000
0.000
0.068
3.605
0.000
0.000
0.000
24.296
0.000
0.000
0.000
0.000
0.000
0.005
0.000
0.000
0.000
0.038
0.416
0.000
0.003
0.000
4.624
0.564
0.000
11.817
0.756
0.000
0.000
0.000
1.281
1.223
1.201
1.014
0.209
0.227
0.000
0.000
0.091
36.936
0.000
0.000
0.019
0.002
0.000
0.000
0.569
0.000
0.000
12.189
0.251
2.188
0.132
0.245
0.000
0.400
0.507
0.000
0.000
0.327
4.397
29.028
0.861
25.848
0.000
0.000
0.000
6.028
0.000
11.817
0.395
6.304
6.080
9.520
0.000
1.895
0.000
1.216
2.169
0.052
25.937
8.240
1.647
0.716
0.268
0.000
0.000
0.000
16.062
3.085
15.219
34.547
0.002
3.701
2.739
0.000
0.050
0.000
0.000
0.000
0.000
0.000
0.000
0.208
0.000
0.000
0.000
0.000
2.833
0.278
0.000
0.000
0.867
0.012
0.000
0.000
0.107
1.538
0.172
0.000
0.000
0.000
1.335
0.000
0.000
0.000
0.000
0.000
0.000
0.000
0.350
0.000
0.000
0.000
0.000
19.730
0.000
0.319
7.920
0.255
0.160
0.000
0.000
0.000
0.000
0.000
0.000
0.000
0.000
0.000
0.000
0.000
0.000
0.000
0.000
4.388
0.317
1.943
0.002
0.355
0.583
0.598
0.001
0.000
0.000
0.000
0.000
0.000
0.000
0.000
0.000
0.000
0.119
0.000
0.000
0.321
0.000
0.000
1.013
0.000
0.000
0.000
0.000
0.000
0.000
0.000
0.000
0.000
0.000
0.000
0.000
0.000
0.000
0.000
0.000
0.000
0.000
0.000
0.000
0.022
0.435
0.151
0.000
0.000
0.051
0.055
0.000
0.000
0.000
4.894
0.000
0.833
0.006
0.759
0.000
0.000
0.000
0.152
0.000
0.000
0.000
0.000
0.000
0.000
1.187
0.000
0.000
0.000
0.000
0.637
0.000
0.000
0.000
0.003
0.000
0.000
0.000
4.381
0.000
0.000
0.000
0.425
1.343
0.000
0.000
0.982
0.430
0.023
0.415
0.715
0.000
0.000
0.000
0.000
0.000
0.511
0.457
0.000
0.799
0.000
0.000
12.252
22.922
0.003
0.000
0.000
18.810
2.180
0.030
0.000
0.000
0.000
0.000
0.000
0.000
0.000
0.000
4.843
0.000
0.678
4.940
18.497
8.259
0.000
0.000
0.000
0.667
4.418
2.558
0.000
0.000
0.193
5.187
0.000
0.000
0.000
13.752
0.000
0.150
3.694
0.115
6.198
0.000
0.171
0.000
3.673
0.000
0.000
0.000
0.000
0.447
0.301
0.000
0.000
0.000
10.916
2.574
4.122
0.721
2.214
2.898
5.251
35.162
2.538
0.019
5.361
4.992
2.429
22.800
4.112
0.308
4.131
0.509
0.000
0.000
0.108
0.054
0.000
0.986
0.000
0.004
3.343
0.000
0.289
20.756
3.804
0.000
0.266
0.302
0.000
0.000
0.000
0.001
0.000
0.581
0.000
7.821
8.710
11.283
0.878
0.000
3.324
0.996
2.647
0.152
0.000
5.452
4.798
0.201
0.000
0.521
1.041
0.000
0.000
0.275
7.803
0.000
0.000
0.000
0.000
0.000
2.507
0.000
0.000
0.654
0.000
0.000
0.000
0.497
5.156
1.986
0.110
0.000
0.000
0.000
0.126
0.000
0.000
0.000
0.000
0.050
0.000
0.000
0.000
7.481
1.020
0.010
0.000
0.000
0.000
9.484
2.642
0.000
0.154
1.836
3.219
0.579
0.287
0.000
14.355
3.952
0.000
8.628
7.129
0.014
0.000
0.000
0.000
0.010
0.000
0.000
10.536
7.516
2.202
2.002
22.081
0.001
0.945
0.000
0.000
0.005
0.000
0.000
0.128
21.174
23.410
5.063
0.000
7.044
17.978
6.761
12.552
1.234
0.000
0.000
0.765
0.000
0.000
0.000
0.000
4.396
2.689
3.221
1.784
1.091
0.794
0.000
0.000
0.000
0.000
0.000
0.000
0.000
0.000
8.121
7.486
11.147
0.615
0.000
1.012
0.222
0.138
0.416
0.214
0.001
0.000
0.917
0.023
0.000
0.031
0.000
0.000
0.000
0.000
0.000
0.000
0.000
0.000
0.000
0.100
0.000
0.000
0.000
0.000
0.000
0.859
0.000
2.767
0.872
0.000
0.394
0.000
0.000
1.656
16.533
0.000
0.677
0.000
0.000
0.972
0.418
0.017
2.351
1.876
0.000
0.135
0.001
0.000
0.000
2.650
1.190
0.085
0.000
0.029
4.769
0.006
0.000
0.000
0.000
0.000
0.000
0.047
0.024
0.017
0.000
0.000
0.000
0.000
0.267
0.526
0.497
0.000
0.000
0.000
0.000
0.000
0.000
0.000
0.000
0.473
0.000
0.000
0.000
0.000
0.000
0.000
0.000
0.000
0.000
0.000
0.935
10.876
3.879
0.174
0.102
0.000
0.000
0.000
0.000
1.911
0.000
0.000
0.786
0.000
0.555
0.000
0.001
0.406
7.424
0.000
0.000
0.000
0.000
0.000
0.000
5.093
0.000
0.000
0.028
0.044
9.430
0.000
0.000
0.000
0.000
0.000
0.000
0.000
0.000
0.274
2.680
0.000
34.664
14.000
20.603
2.134
0.598
0.000
0.000
0.000
5.097
13.182
0.803
0.000
0.000
0.000
0.000
0.000
0.000
0.000
0.000
0.000
0.000
0.000
0.000
0.000
0.000
0.000
0.000
0.036
1.398
0.084
0.181
0.000
0.000
2.430
0.032
8.149
0.000
0.000
11.146
0.044
0.000
0.000
0.020
0.711
3.287
0.067
0.000
0.000
0.266
0.000
3.742
6.926
3.679
0.000
5.351
0.000
0.000
0.000
0.154
1.076
0.000
0.005
0.000
0.000
0.038
0.081
0.000
0.000
1.577
0.000
4.815
0.000
0.000
0.000
0.002
0.000
4.474
4.294
3.221
0.000
0.000
0.000
1.122
4.360
0.000
3.252
12.589
0.644
12.920
0.503
0.000
22.915
0.002
4.446
0.095
0.000
14.509
2.738
0.000
0.128
0.000
0.000
0.000
0.008
0.000
0.000
0.000
0.000
0.000
0.142
0.007
0.321
0.161
11.632
38.969
0.000
0.713
0.045
0.000
0.025
12.038
4.089
4.986
11.913
0.105
0.109
2.254
0.000
1.725
3.396
3.620
6.641
0.646
2.701
0.147
0.003
0.000
0.608
2.229
0.163
0.510
0.000
0.000
0.000
0.000
4.013
19.135
2.743
0.000
0.927
4.401
5.069
0.000
0.000
0.000
0.265
0.000
0.000
0.677
0.000
0.000
0.000
0.000
0.000
0.000
0.000
0.000
0.000
0.000
0.000
0.557
0.000
0.288
5.930
0.017
0.560
0.000
0.024
0.000
0.000
0.000
0.000
0.000
5.606
0.000
0.000
0.001
0.688
0.005
4.757
0.042
0.000
1.195
15.726
2.792
5.933
0.490
7.525
5.746
0.000
0.000
0.826
0.173
0.622
0.968
0.000
7.501
3.110
0.511
0.000
0.000
3.782
13.476
12.573
0.000
0.405
8.365
5.162
0.000
0.000
6.120
20.842
11.595
0.075
7.475
0.000
1.808
0.054
0.000
0.000
0.009
1.776
0.000
0.002
0.000
0.690
11.624
3.656
0.000
0.000
0.000
0.000
0.000
0.000
0.021
2.566
3.066
0.466
0.031
0.000
0.000
0.000
0.000
0.000
0.000
0.013
0.074
0.000
0.000
0.093
0.001
1.384
0.000
0.000
0.000
0.201
1.853
0.000
0.000
0.000
0.000
0.000
0.067
0.030
0.000
0.000
7.438
14.610
9.425
2.260
0.891
0.000
0.000
0.000
0.000
0.000
0.000
0.000
0.000
0.000
0.000
0.000
0.000
0.000
0.000
0.000
0.000
0.000
0.000
0.000
0.000
0.000
0.000
0.000
0.000
0.096
6.626
4.256
3.023
0.212
0.000
0.000
0.000
0.000
0.000
0.000
0.045
0.177
0.000
1.132
0.032
0.481
4.443
0.677
0.000
0.000
0.000
0.000
0.000
0.144
0.000
0.000
0.000
0.000
0.000
0.000
0.000
1.380
0.000
0.000
0.000
0.000
0.000
0.000
0.000
0.000
0.000
0.000
0.000
0.000
0.000
0.033
1.646
5.933
7.874
3.061
0.008
0.027
0.094
0.000
0.000
0.185
0.000
0.000
0.000
0.000
0.000
0.000
0.000
0.022
0.379
0.000
0.000
0.000
0.000
0.000
0.452
1.770
0.000
0.000
0.000
0.000
0.000
0.000
0.000
0.133
1.317
0.541
0.088
0.000
0.000
0.000
0.000
0.000
0.000
0.000
0.000
1.860
6.148
0.005
0.000
0.088
2.132
8.725
7.596
1.184
0.064
0.000
1.272
3.590
2.460
13.573
0.002
0.104
14.553
6.540
4.208
8.234
0.000
0.000
0.000
0.000
0.000
0.000
0.000
0.011
6.260
9.102
0.000
0.168
0.000
0.000
0.000
0.000
0.004
0.000
0.000
0.000
10.016
0.004
4.212
4.612
2.868
10.226
0.323
5.623
6.406
0.689
1.574
5.047
9.989
0.000
28.467
0.000
0.000
0.000
3.762
0.000
3.214
8.621
4.026
0.773
1.204
0.000
0.000
0.000
0.000
0.000
33.245
1.036
1.348
1.322
0.000
0.055
0.000
15.188
0.000
0.000
4.675
21.133
0.061
0.000
19.529
0.000
0.387
0.646
0.104
6.575
1.990
2.317
0.000
5.474
19.038
0.000
0.010
10.062
0.192
12.297
0.000
0.000
0.172
0.000
0.000
7.222
0.000
0.000
18.151
0.016
21.064
2.035
4.364
0.000
0.000
28.646
1.843
14.370
0.003
0.000
0.000
13.513
0.000
0.000
0.000
0.000
0.000
0.677
15.478
0.000
8.710
5.423
0.180
0.000
0.017
23.440
0.155
0.007
6.605
13.608
0.000
0.000
0.118
4.321
11.159
1.981
0.005
0.000
0.000
0.067
0.000
2.914
13.526
0.867
1.147
0.000
0.000
0.044
2.200
0.011
0.318
0.000
0.356
0.000
0.000
0.000
0.000
0.000
0.157
0.414
0.000
0.000
0.000
0.000
0.000
0.000
0.000
0.000
0.000
0.000
0.000
0.002
2.752
9.243
27.421
44.630
2.131
8.210
0.000
0.000
0.000
0.000
0.117
0.000
0.000
0.000
0.000
0.000
0.000
0.000
2.776
0.012
0.000
4.833
0.144
0.000
0.000
0.000
0.000
0.000
0.281
0.923
2.226
0.000
4.264
0.000
0.000
0.000
0.006
8.167
0.841
0.000
0.000
0.143
0.000
1.196
0.000
0.000
0.886
1.011
0.018
0.000
0.025
0.000
0.000
0.000
0.000
0.000
0.000
0.031
9.341
1.113
0.000
0.125
0.001
0.104
0.217
0.097
0.000
2.689
19.245
3.330
0.000
1.301
0.000
0.082
0.000
0.404
0.002
0.000
0.216
1.123
1.393
0.856
1.107
3.675
0.462
0.459
0.000
0.069
0.435
0.000
0.247
0.000
0.821
0.000
0.000
0.129
0.000
1.588
0.000
2.747
1.370
0.000
0.000
0.004
0.153
0.000
0.000
0.000
0.000
0.000
0.000
0.152
0.011
0.000
0.000
0.000
0.000
0.000
0.000
0.000
0.429
1.157
0.000
1.917
0.000
0.000
0.072
0.000
0.000
0.000
0.000
0.000
0.000
0.185
2.324
0.206
0.003
0.000
0.000
0.820
0.000
0.138
0.000
0.020
0.000
1.630
0.000
1.061
1.138
1.080
12.807
1.402
0.000
0.000
0.000
0.000
0.000
0.000
0.000
3.110
0.344
3.750
1.373
0.003
0.015
0.003
0.000
0.000
2.060
4.666
0.000
2.726
0.000
0.335
6.311
1.124
0.000
0.000
0.463
0.131
2.366
11.785
0.043
0.000
0.047
3.921
4.888
0.007
14.455
12.700
0.076
0.000
0.000
8.911
2.958
0.111
1.193
7.249
0.800
0.000
0.000
0.130
1.095
2.157
0.000
0.000
0.000
0.000
0.000
14.825
25.964
14.069
0.000
0.000
0.000
0.000
13.636
0.570
4.418
18.954
0.623
0.000
1.030
0.114
0.003
0.071
2.158
0.000
0.000
0.000
0.050
0.000
0.131
0.617
11.163
15.563
0.011
5.298
0.630
0.629
1.578
20.604
10.787
0.043
0.000
0.047
13.712
9.524
0.000
0.000
0.038
4.556
0.000
0.000
10.159
0.000
0.974
0.000
1.969
2.689
11.290
0.000
0.000
8.643
3.503
1.707
0.077
0.889
4.695
8.599
0.000
0.524
16.921
4.295
1.276
0.000
26.817
0.000
0.219
0.000
6.192
1.662
24.492
0.003
0.000
0.000
0.845
17.637
0.000
0.597
0.041
0.591
0.699
2.804
3.896
0.000
0.001
13.071
0.000
1.455
0.000
3.134
0.405
2.462
0.143
0.000
0.323
0.000
0.000
0.000
0.000
6.894
1.910
1.212
0.011
0.378
0.159
0.087
0.000
0.000
0.000
0.000
0.000
0.000
0.000
0.045
0.370
0.000
0.000
2.372
4.261
1.294
5.947
3.069
0.085
0.000
0.000
0.000
0.000
0.000
0.491
3.663
0.000
0.000
0.000
0.000
0.000
0.000
0.000
17.274
0.957
1.814
4.459
4.011
1.807
0.000
0.000
0.000
0.000
0.012
0.000
0.000
0.000
0.223
2.716
5.125
0.028
0.839
0.241
0.032
0.000
0.000
0.005
0.119
0.001
0.000
0.000
0.000
0.000
0.000
0.000
0.000
0.108
0.000
0.000
0.000
0.000
0.115
0.843
0.003
0.029
0.058
0.314
0.357
0.000
0.000
0.000
0.000
0.662
0.446
1.040
0.000
0.000
0.552
0.000
0.000
0.000
0.000
0.000
0.000
0.000
0.000
0.000
0.000
0.000
0.000
0.810
0.134
0.000
0.000
0.000
0.000
0.000
0.000
0.010
0.078
0.026
0.000
0.000
0.000
0.001
0.889
1.022
0.779
0.456
0.016
0.000
0.000
0.000
0.000
0.000
0.000
0.000
0.000
1.991
0.327
0.000
0.358
0.194
0.000
0.337
0.000
1.186
0.000
0.000
0.429
3.834
0.651
0.000
0.000
0.011
2.226
0.000
1.214
0.085
0.000
0.000
0.000
0.000
0.000
0.000
0.000
0.000
0.000
0.000
0.000
0.000
0.000
0.000
0.390
0.034
0.027
0.000
0.000
0.000
6.774
0.152
0.000
0.000
0.000
0.666
3.317
0.000
1.979
1.827
0.431
0.324
0.000
0.012
0.280
0.000
0.313
0.012
0.000
0.000
2.356
1.204
0.000
0.000
0.000
0.000
0.000
0.000
27.810
1.197
0.007
1.684
0.309
0.000
0.000
0.196
0.000
0.000
9.661
0.007
0.041
0.329
0.832
0.000
0.000
0.000
0.000
0.008
0.000
0.000
0.000
0.000
0.587
7.275
7.749
42.252
0.085
11.523
0.461
0.000
9.070
9.407
0.000
0.000
0.550
0.317
0.000
0.002
0.000
0.344
9.401
8.926
7.534
0.892
0.033
1.779
2.326
0.450
1.479
0.000
0.001
0.008
0.000
0.000
0.000
0.000
0.000
0.305
16.895
23.625
3.234
0.800
3.222
38.047
12.603
0.000
35.049
29.312
0.854
0.254
0.000
0.000
0.000
0.378
0.231
0.000
0.051
7.439
0.110
0.000
0.000
20.155
0.034
0.000
12.125
3.914
0.004
2.493
33.471
8.432
92.128
13.106
7.063
0.670
4.181
0.000
0.000
0.000
0.914
0.000
0.000
0.902
0.000
17.103
0.047
8.098
20.440
15.951
0.000
0.268
0.000
0.000
0.000
0.000
7.342
0.212
1.154
0.916
0.420
0.437
0.000
0.827
0.000
0.007
0.002
40.571
6.551
5.755
0.000
1.486
1.800
0.000
0.023
0.717
4.191
32.778
0.702
0.197
0.000
5.461
2.607
0.068
0.000
0.000
0.011
0.000
0.000
11.262
0.019
0.000
3.974
0.000
0.000
0.000
0.159
0.023
0.163
0.824
0.000
0.057
0.098
0.074
0.260
0.000
0.000
0.046
0.099
0.088
0.392
1.843
0.000
0.000
0.000
0.000
0.000
0.000
0.000
0.000
0.188
1.204
0.430
1.851
2.090
2.007
2.551
0.009
0.003
0.000
0.000
0.000
0.000
0.000
0.000
0.000
0.000
0.000
0.006
0.235
0.425
0.001
0.235
1.787
0.463
3.432
0.000
0.000
0.000
0.063
0.790
0.901
3.539
8.230
1.731
0.012
0.223
0.853
1.567
3.622
1.572
0.000
0.960
0.960
0.000
0.022
0.004
0.000
0.089
0.000
0.000
6.763
1.280
0.108
0.000
0.544
21.567
0.008
0.013
0.000
0.000
0.000
0.000
0.000
0.000
0.000
0.000
0.000
2.638
0.000
0.006
0.097
0.000
0.000
0.000
0.000
0.000
0.000
0.000
0.000
0.000
0.129
0.000
0.000
1.407
3.521
0.000
0.000
0.261
0.000
0.498
13.412
0.000
0.032
0.214
0.000
0.000
0.000
0.000
0.012
0.000
0.617
0.000
1.765
0.923
0.000
0.041
0.000
0.854
0.528
0.000
0.000
0.000
0.000
0.000
0.000
0.000
10.308
8.301
0.000
0.000
0.000
0.411
0.090
1.630
0.133
0.000
0.000
0.000
0.000
0.000
0.524
0.000
0.000
0.414
7.664
0.000
0.281
0.000
0.084
0.136
0.157
0.920
0.097
2.411
0.000
0.001
2.039
18.392
0.000
0.000
0.053
0.000
0.000
0.000
0.000
0.000
0.000
0.000
0.701
0.870
0.000
0.000
0.000
0.000
0.000
0.000
0.000
0.000
0.003
10.497
2.273
0.000
0.000
7.810
16.355
0.688
0.000
0.000
2.369
1.489
4.649
0.000
9.862
0.051
0.000
0.000
0.000
0.000
0.000
0.124
0.000
0.000
0.000
0.040
3.870
0.049
0.000
0.000
0.000
0.000
0.000
0.505
2.425
2.677
0.000
0.000
3.166
11.447
1.745
0.000
10.253
0.790
0.002
7.341
16.044
0.103
0.000
5.306
0.292
0.000
0.105
0.068
0.000
0.000
1.059
2.420
0.000
0.000
0.000
3.008
1.411
0.000
0.042
0.000
0.184
0.000
0.207
0.000
0.176
0.701
0.187
0.000
0.000
8.651
1.572
19.490
21.209
10.989
3.183
0.000
1.291
0.000
0.112
0.000
0.323
14.390
7.912
0.034
0.471
0.035
1.734
25.520
3.116
0.000
0.000
0.536
10.453
0.129
0.000
0.000
0.000
0.031
0.000
0.036
0.897
0.000
14.808
58.308
0.897
4.039
2.442
0.003
0.507
1.133
2.945
10.511
0.000
0.693
0.000
0.000
0.000
0.000
0.318
1.607
0.483
2.811
2.734
0.000
0.270
1.732
19.782
27.922
0.015
0.002
0.029
0.000
0.036
0.011
5.603
0.001
1.118
6.813
6.000
0.177
0.001
0.000
0.421
0.678
0.000
0.000
0.000
0.000
0.802
0.068
10.102
0.256
0.007
0.000
0.020
0.130
0.563
0.000
0.000
0.000
0.000
0.000
0.000
0.000
1.785
0.000
0.000
0.014
0.000
0.116
24.217
0.078
0.080
8.791
0.269
4.755
0.000
0.000
0.000
0.000
0.000
0.000
0.000
9.995
3.463
0.030
0.000
0.000
0.000
26.018
0.000
0.000
0.458
1.840
5.014
0.254
0.083
0.000
0.000
0.000
0.000
0.512
4.714
10.090
0.000
0.000
0.075
9.680
4.513
6.056
21.012
0.571
0.000
0.000
0.000
0.000
10.363
0.990
2.139
31.453
12.106
0.464
2.513
0.316
0.640
7.220
0.000
2.509
0.000
0.000
0.000
0.000
0.000
0.000
1.537
3.705
0.486
0.493
0.000
0.028
1.587
0.041
0.000
0.000
1.201
0.048
0.190
0.388
0.000
0.000
0.000
0.000
0.898
1.403
0.000
0.000
0.000
0.000
0.000
0.000
0.000
0.000
0.000
0.607
0.000
0.000
0.000
1.244
15.943
7.483
10.077
0.000
0.000
0.000
1.129
0.617
0.000
0.339
0.697
0.139
0.166
0.807
2.752
0.000
0.000
0.550
0.000
0.648
3.583
0.000
0.842
1.064
0.721
0.000
0.000
0.000
0.274
0.000
0.000
0.000
0.387
0.484
0.000
0.000
0.000
0.000
0.000
3.963
0.046
0.000
4.885
0.000
1.208
0.000
5.072
0.000
0.079
0.000
1.722
0.000
0.666
0.450
2.199
0.054
0.000
0.000
0.000
0.000
0.507
0.283
0.000
0.000
0.000
0.000
0.000
0.000
0.000
0.000
0.000
0.303
3.477
0.183
0.000
0.019
2.078
5.571
0.000
0.000
13.386
0.051
0.000
0.000
0.000
0.000
0.000
0.000
0.000
0.000
0.025
2.150
0.000
0.000
0.540
0.000
0.000
0.000
0.000
0.000
0.000
0.000
0.000
0.000
0.000
1.555
0.074
0.000
4.333
3.389
0.000
0.018
0.000
0.000
1.043
7.681
0.204
0.000
0.000
14.229
0.134
0.005
3.652
0.000
0.000
2.846
0.000
0.000
0.041
0.000
9.110
0.007
0.000
0.000
1.469
3.248
0.000
2.686
0.046
0.001
0.000
0.000
13.612
12.670
0.017
6.842
9.147
13.003
2.429
3.642
0.368
0.002
0.000
1.262
0.000
12.077
20.489
13.287
2.891
1.700
11.435
8.595
0.385
0.000
0.000
0.000
0.100
0.046
11.133
0.000
0.000
0.000
0.004
0.000
0.000
0.000
0.000
0.000
0.000
36.393
16.896
12.872
1.039
0.000
0.000
19.112
8.685
0.007
0.000
0.000
0.000
70.932
1.282
1.434
9.127
19.583
0.307
0.000
7.623
10.345
1.950
0.000
0.000
0.000
6.296
0.000
0.000
10.470
7.866
1.109
1.102
0.105
0.000
0.324
0.185
6.894
4.963
1.427
0.152
0.000
28.336
1.560
0.890
2.773
3.627
0.000
0.000
0.000
0.000
0.000
0.000
6.476
0.000
0.000
4.869
0.000
2.359
0.914
0.000
0.000
0.000
0.283
0.088
0.000
1.980
0.000
0.000
0.115
0.000
0.000
1.626
19.679
0.000
0.000
0.000
0.000
0.000
12.221
31.512
25.295
0.216
8.852
1.016
8.105
16.802
11.405
0.006
1.130
0.000
4.940
2.988
0.672
2.799
2.612
0.003
23.325
2.132
0.000
0.000
0.000
0.000
5.483
0.054
0.207
0.032
0.027
0.057
0.000
0.000
0.000
0.001
2.093
3.898
0.000
0.000
0.000
0.000
0.000
0.000
0.292
2.355
0.000
0.026
0.865
1.994
4.375
0.000
0.672
0.000
0.000
0.000
0.000
0.000
0.000
8.461
2.582
0.000
0.000
1.518
0.000
0.000
0.000
0.000
0.000
2.417
0.000
0.000
0.000
0.002
5.213
0.647
0.408
0.000
0.000
0.000
0.000
2.196
0.005
6.109
0.194
1.406
0.424
0.208
5.469
0.414
0.813
0.000
0.000
0.000
0.002
0.000
0.116
0.000
0.000
0.000
0.000
0.000
0.011
0.421
0.020
0.806
0.013
0.000
0.000
0.000
0.000
0.000
0.000
0.000
0.000
1.684
0.000
0.000
0.000
0.000
0.000
0.000
2.281
6.950
0.009
0.000
0.000
0.422
0.000
1.799
3.067
0.198
0.000
0.000
0.000
0.000
0.000
0.000
0.000
0.311
0.000
0.000
0.606
0.000
0.000
0.000
0.025
2.760
0.000
0.000
0.000
0.000
0.000
0.006
0.004
0.498
0.991
0.000
0.082
0.000
0.000
0.000
0.000
0.000
0.000
0.000
0.000
0.000
0.000
0.000
0.000
0.000
0.000
0.001
0.000
0.034
0.000
0.000
0.000
0.000
10.858
0.017
0.184
0.000
0.085
0.003
0.337
0.000
0.000
0.533
0.039
0.000
0.152
0.177
0.000
0.000
0.000
0.000
0.011
0.005
4.909
2.112
0.000
0.000
0.000
0.000
0.000
0.000
0.000
0.000
0.000
0.000
0.000
0.004
2.026
0.000
0.005
0.077
2.509
0.000
0.000
0.933
0.773
0.000
0.000
0.000
2.358
2.260
2.420
0.000
0.129
0.000
0.000
0.015
0.336
0.278
1.111
0.319
0.581
0.000
0.000
0.108
0.000
0.000
0.000
0.000
1.148
16.433
4.851
0.826
0.455
0.000
2.646
0.950
0.000
0.005
0.042
0.000
0.211
3.522
0.433
0.553
0.004
0.000
0.926
7.963
4.920
0.000
9.885
19.117
6.542
1.930
8.849
8.008
6.797
28.837
23.854
0.863
0.000
0.000
0.000
0.186
0.432
20.948
28.618
0.012
0.000
3.800
1.051
0.008
0.000
0.047
1.497
0.647
0.000
1.498
7.700
6.546
0.167
0.348
0.000
0.000
0.000
0.040
1.157
0.163
3.753
0.000
0.071
2.433
1.665
7.737
0.241
0.002
0.515
2.746
1.681
2.090
0.366
0.752
0.563
0.000
0.000
0.000
2.814
7.761
0.082
0.000
0.007
0.219
1.284
8.972
10.452
1.521
0.214
5.434
7.433
0.006
0.000
0.000
0.000
0.013
7.629
15.430
0.013
0.045
0.596
5.844
1.547
0.023
0.000
0.000
0.000
0.006
0.000
0.000
6.782
6.319
10.165
13.879
3.511
0.000
0.993
14.231
0.008
0.897
3.760
6.846
1.393
14.270
2.396
1.160
0.021
6.220
3.916
0.007
0.000
0.046
0.000
0.000
0.000
0.000
0.000
0.019
0.000
0.051
9.751
41.579
18.318
1.437
0.204
0.241
0.000
0.000
0.000
0.000
0.037
0.447
0.053
0.885
0.002
0.000
0.037
0.138
8.963
5.492
0.028
0.157
0.000
0.012
0.097
0.000
0.000
0.000
0.000
0.000
0.345
0.000
1.408
11.868
0.000
0.000
0.000
0.916
0.936
0.000
0.000
0.000
0.000
0.000
0.000
0.000
0.017
0.299
6.305
8.427
0.387
2.706
3.599
13.999
12.041
0.084
0.699
0.026
0.104
0.000
0.206
2.948
3.284
0.103
0.000
0.000
0.000
0.000
0.004
0.050
0.000
0.000
0.016
11.584
32.299
33.308
2.740
0.050
0.000
2.485
0.558
0.000
0.000
0.000
0.000
0.000
0.000
6.623
8.247
0.000
0.000
0.000
0.000
0.000
0.000
0.000
2.819
7.276
0.406
0.404
0.923
0.418
5.660
2.684
0.042
0.000
0.000
0.000
0.000
0.297
0.000
0.011
0.579
2.623
0.960
0.000
0.000
0.020
0.000
0.000
0.000
0.000
0.000
0.000
0.387
0.503
0.000
0.000
0.197
1.137
0.000
0.405
4.322
0.000
0.000
0.000
0.000
0.024
0.074
0.000
0.000
0.000
2.266
4.651
0.078
0.574
0.000
2.021
0.000
0.000
0.000
0.410
0.464
0.020
0.000
0.164
2.314
0.029
0.000
0.000
0.000
0.000
0.000
1.798
0.775
0.000
0.000
0.858
4.153
0.000
0.108
0.847
0.338
0.000
0.000
0.000
0.000
0.183
0.000
0.000
0.000
0.000
2.388
0.000
0.275
0.086
0.469
2.973
0.000
0.000
0.001
2.167
9.037
8.989
2.400
0.279
0.000
0.000
0.000
0.114
0.119
0.000
0.000
2.836
0.188
0.004
0.000
6.908
1.887
1.873
0.058
0.000
0.002
0.091
2.520
1.823
1.623
0.197
0.000
0.000
0.000
0.210
0.000
0.000
0.116
0.000
0.100
0.239
2.028
0.000
0.000
0.000
12.284
42.152
7.822
0.063
0.138
0.000
0.000
0.000
0.000
0.000
0.000
0.004
0.182
1.483
0.000
0.000
1.977
2.826
1.741
0.032
0.041
0.000
0.016
0.000
0.000
0.000
0.000
0.099
0.000
1.380
5.254
11.442
1.780
0.004
7.812
0.952
0.021
12.070
5.269
2.721
0.257
13.871
0.297
3.046
0.264
0.000
0.000
0.169
5.070
0.129
2.167
0.133
25.851
3.321
0.000
8.258
0.079
5.879
0.000
0.004
8.725
0.000
0.004
7.503
0.000
0.000
0.000
1.456
0.067
0.000
0.000
0.000
0.054
1.438
0.199
42.493
1.168
23.672
30.722
96.763
0.000
8.027
1.124
0.000
7.298
0.160
0.000
0.091
7.064
0.000
0.000
6.852
0.000
0.000
14.450
7.380
0.000
0.000
0.000
0.003
2.665
4.653
32.905
0.008
0.000
0.000
0.000
0.000
15.492
24.842
0.568
1.736
0.809
0.003
2.454
5.041
1.332
3.992
1.880
3.698
0.011
0.059
0.000
0.000
0.000
0.395
0.316
17.555
0.000
0.000
0.000
0.000
0.000
0.000
18.373
14.550
0.074
44.239
0.021
0.000
0.000
0.000
0.017
0.000
0.000
2.316
6.698
0.003
0.188
0.000
0.604
2.073
0.032
0.470
10.684
3.343
0.000
3.142
0.000
0.000
0.000
0.000
0.000
0.260
8.582
0.033
5.862
0.000
0.000
0.000
0.000
1.460
0.000
0.000
0.000
0.000
4.370
3.405
0.016
0.000
0.000
0.001
0.000
0.000
0.019
7.339
2.406
0.000
0.000
0.026
0.000
0.215
0.000
0.184
0.000
0.000
0.000
0.000
0.000
0.000
0.000
0.000
0.000
0.000
0.000
0.468
0.059
0.000
12.512
28.041
0.000
0.677
0.007
3.782
5.907
0.000
0.000
0.000
12.022
5.581
1.145
0.694
0.000
0.000
0.986
2.334
3.586
1.835
0.601
0.000
0.000
0.537
3.161
0.609
0.000
0.000
0.147
3.381
0.000
0.000
0.000
0.000
0.034
0.000
0.000
0.000
19.402
0.377
0.004
0.215
0.000
0.023
0.002
2.475
5.097
0.000
0.000
0.000
0.000
0.000
0.712
1.123
6.266
0.849
0.000
0.000
0.000
0.000
0.000
0.000
0.000
0.199
0.425
0.000
0.256
0.000
0.000
0.000
0.000
0.000
0.000
0.527
5.930
0.457
0.000
0.000
0.000
0.378
0.298
2.451
2.303
0.000
0.115
0.078
0.214
0.000
0.000
0.000
0.000
0.000
0.000
0.000
3.130
15.582
0.430
8.331
0.000
0.000
2.555
0.000
0.210
0.046
0.000
0.000
0.000
0.000
0.157
4.572
0.003
0.000
0.000
0.000
0.000
0.642
0.000
0.000
0.000
3.348
0.002
0.000
0.000
0.000
0.000
0.000
2.506
0.000
0.000
0.002
0.000
0.000
0.000
0.000
0.009
0.000
0.001
0.000
0.001
0.000
0.000
0.000
0.156
4.089
0.000
0.000
0.000
0.000
0.200
0.122
1.974
30.761
13.774
7.929
1.309
0.048
1.397
1.934
4.013
7.740
4.312
0.003
0.000
0.000
5.325
11.779
0.000
5.117
0.000
0.000
0.000
0.000
0.439
0.000
0.000
0.000
0.000
0.000
0.814
6.683
6.256
14.067
0.243
0.000
16.029
2.052
1.482
0.896
0.000
1.601
0.001
0.579
4.358
0.581
0.000
0.000
0.000
4.197
0.000
0.000
0.000
0.000
3.136
0.000
2.692
3.956
8.835
0.000
35.122
0.000
3.950
1.061
17.482
1.426
0.276
0.000
3.821
0.204
1.557
3.121
0.776
0.032
6.563
6.521
10.021
2.774
0.013
0.000
0.000
1.540
3.976
0.000
0.133
0.400
6.117
0.000
6.664
0.984
0.041
0.000
0.000
0.000
7.430
0.030
0.012
0.000
23.683
0.387
0.000
0.000
0.000
0.000
0.040
0.000
0.000
0.000
0.000
0.303
17.517
14.719
3.670
0.352
0.042
0.000
0.000
11.503
4.047
0.000
1.688
8.957
0.000
0.163
49.855
1.821
7.574
0.000
0.000
4.796
0.000
6.547
0.000
17.831
12.051
0.958
0.024
0.000
0.000
0.000
6.947
0.121
0.000
5.683
0.000
0.000
0.000
0.000
0.000
0.013
0.000
0.000
0.000
3.630
19.332
0.550
0.000
0.091
13.099
0.033
23.703
11.754
21.344
9.287
12.443
3.079
0.015
0.527
0.000
6.220
20.091
18.174
1.333
0.031
0.000
0.138
0.000
0.000
0.000
0.000
0.000
0.000
0.000
8.562
0.308
0.000
0.000
0.000
0.000
0.000
7.090
0.000
0.002
0.000
0.012
7.037
0.433
0.000
0.641
0.172
0.658
5.786
0.000
2.829
1.031
0.799
0.000
0.000
2.842
0.000
0.000
0.000
0.000
0.000
0.181
0.000
0.000
0.018
0.000
0.000
0.000
0.000
1.165
0.685
0.070
0.000
0.000
0.000
0.000
0.000
0.000
0.000
0.000
0.004
3.630
0.007
0.000
0.000
0.000
0.000
3.176
0.001
1.721
0.000
0.004
2.401
0.001
0.003
1.266
0.007
3.164
0.000
0.043
0.118
0.000
0.275
0.190
1.612
0.316
0.000
0.000
0.000
0.000
0.000
0.000
0.000
0.000
0.000
0.000
0.000
0.013
6.025
2.284
0.000
1.237
0.379
1.077
0.000
0.000
0.000
0.000
0.000
0.000
0.000
0.000
0.000
0.000
0.000
0.000
0.000
0.000
0.212
0.000
0.000
0.562
2.126
0.000
0.000
0.598
0.000
0.000
0.000
0.000
0.000
0.003
0.000
0.000
0.000
0.000
0.667
3.043
4.785
1.488
0.026
8.096
0.012
8.292
0.000
0.000
0.000
0.000
0.000
0.000
0.000
6.287
7.883
0.000
0.000
0.000
0.002
0.000
0.000
0.000
0.000
0.000
0.000
0.000
0.000
0.000
0.242
0.461
0.000
0.000
0.000
0.009
1.025
12.784
0.000
0.000
1.637
7.123
0.000
0.009
0.645
0.106
0.000
0.149
0.000
0.000
0.000
0.000
0.000
5.759
0.000
0.000
3.590
6.533
0.000
0.000
0.000
0.000
0.000
0.000
0.000
0.000
0.034
0.000
0.000
0.249
0.000
3.539
2.040
0.000
0.000
0.000
0.000
0.325
0.024
2.082
7.021
5.873
0.110
0.000
0.000
0.000
0.000
0.000
0.013
1.492
0.758
0.000
0.000
0.002
0.000
9.174
2.198
0.019
0.000
0.722
0.594
14.237
1.353
0.000
4.072
14.578
0.000
0.000
35.397
0.024
0.000
1.429
0.000
0.035
18.555
0.018
0.070
2.852
9.337
46.955
14.345
0.000
0.000
0.000
0.000
0.000
0.551
0.119
0.930
0.020
0.000
3.235
17.043
13.141
17.064
6.286
5.522
8.836
0.000
0.000
0.000
21.702
0.000
0.271
69.407
0.047
0.000
0.011
0.025
0.000
0.000
0.000
12.924
2.685
0.000
1.057
0.206
1.135
2.532
0.226
0.000
0.522
1.566
0.380
5.135
0.302
0.201
10.307
0.223
0.586
0.000
0.000
0.000
0.000
0.000
0.000
0.000
0.466
0.775
0.000
0.000
0.000
0.000
5.252
0.000
0.842
0.000
10.893
7.714
0.531
11.395
4.949
0.536
0.000
0.490
27.034
8.069
5.256
7.524
10.314
0.048
0.303
0.000
0.000
0.120
0.547
0.000
0.114
0.000
29.335
0.000
0.000
0.000
0.000
3.026
15.716
0.078
0.068
1.470
8.539
0.841
2.228
1.103
0.079
0.466
0.037
0.809
0.601
3.208
10.661
2.787
0.016
7.290
10.748
28.677
8.889
0.241
0.016
0.000
0.242
0.000
0.000
0.000
0.000
0.638
0.013
0.000
0.000
0.000
0.339
12.550
4.715
18.675
0.027
0.660
0.000
0.000
0.000
0.000
0.000
0.605
6.461
3.417
0.002
0.012
0.015
2.441
0.629
0.017
0.000
0.000
0.028
0.000
0.000
1.892
0.040
0.187
0.009
0.000
0.100
0.000
0.000
0.000
0.000
2.235
0.135
0.000
0.000
0.000
0.000
0.000
0.000
0.000
0.000
0.000
0.000
0.000
0.000
0.015
0.540
0.000
0.000
0.000
0.000
0.000
0.162
0.000
0.256
0.234
0.000
0.000
0.110
12.843
17.043
0.000
0.000
6.255
0.015
0.000
0.000
0.000
0.000
0.000
1.798
0.000
0.000
0.000
0.000
0.000
0.000
0.000
0.000
0.000
0.000
0.000
0.000
0.000
0.000
6.897
1.741
0.622
0.000
0.000
0.000
4.582
0.002
0.000
0.000
0.000
0.000
0.000
2.786
0.000
2.637
6.202
5.247
0.000
0.000
1.711
4.603
3.654
0.000
0.641
0.000
0.000
0.000
0.000
0.039
7.171
0.000
0.985
0.000
0.910
0.000
2.359
0.000
0.000
2.173
0.011
0.000
0.079
0.000
0.000
0.000
0.000
11.892
2.884
0.000
0.332
24.986
1.006
0.000
0.062
0.000
0.000
0.000
0.000
0.000
0.000
0.000
0.000
0.000
0.005
0.000
0.000
0.000
0.000
0.000
0.000
0.863
0.000
0.000
0.207
4.238
9.461
0.189
0.000
0.011
18.300
4.725
0.000
0.000
0.800
0.157
7.830
0.172
0.000
1.671
3.722
0.000
0.011
0.028
0.000
0.000
0.000
9.919
1.388
0.719
2.738
1.320
4.496
0.446
0.000
0.000
0.147
14.349
0.646
0.000
0.000
0.003
0.000
1.697
2.030
0.000
12.175
7.637
6.042
0.000
13.872
11.058
0.000
4.549
0.000
0.805
0.000
0.000
0.000
0.000
0.000
0.000
0.000
0.000
7.792
0.139
0.000
0.000
1.561
1.692
0.030
10.901
0.000
8.450
6.347
1.116
3.045
0.227
0.350
0.025
0.941
0.000
1.141
10.337
7.409
1.740
0.000
14.560
0.000
32.273
10.105
0.071
0.000
0.081
0.363
0.579
0.000
0.052
3.343
4.821
2.619
0.003
0.000
0.000
45.420
0.041
0.004
15.168
0.371
2.400
0.328
0.142
0.000
0.000
0.000
2.477
0.000
0.000
21.221
0.057
0.000
0.000
0.000
9.202
0.000
6.225
5.493
15.656
0.029
0.000
0.000
0.000
0.616
10.975
1.524
0.000
3.548
0.644
19.529
0.015
7.146
8.306
0.000
0.000
0.000
0.000
4.959
18.911
1.827
0.289
0.000
0.000
0.000
0.001
19.770
0.000
8.508
7.586
0.000
0.005
0.000
28.686
0.438
5.442
19.555
0.873
0.179
0.189
2.286
13.555
1.921
0.000
3.687
2.504
0.910
0.000
0.013
0.613
1.628
0.000
0.622
12.893
1.842
0.006
15.152
0.498
24.148
3.029
3.801
0.000
0.000
0.746
14.534
2.125
4.181
0.261
0.025
0.442
0.000
0.000
0.000
0.000
0.052
48.094
1.261
0.000
0.000
0.000
0.000
0.000
0.000
0.000
0.000
0.000
0.000
0.000
0.019
0.000
0.000
0.000
0.000
0.000
0.012
0.000
0.000
1.496
0.000
0.000
0.000
0.993
0.144
1.685
0.017
5.127
0.000
0.000
0.000
0.370
0.027
5.630
0.972
0.000
0.991
25.592
0.987
0.000
0.000
0.000
0.000
0.000
0.000
7.991
0.079
0.000
3.078
0.001
2.917
0.000
0.163
0.000
0.000
0.000
0.000
0.000
0.000
0.000
0.000
0.000
3.593
0.213
0.000
25.877
8.100
2.596
0.000
0.991
0.000
0.000
0.000
0.000
0.000
0.000
0.074
0.242
0.000
0.000
0.000
4.073
0.356
4.383
0.000
11.629
0.082
1.216
0.000
0.000
0.312
1.971
0.000
0.000
0.000
0.000
0.000
0.000
0.257
0.000
0.000
0.000
0.000
0.000
0.000
0.416
0.000
0.000
0.000
0.000
0.020
0.000
0.000
0.000
0.000
0.409
1.286
0.000
0.000
0.000
0.000
0.000
0.000
0.000
0.000
0.000
0.000
0.000
0.000
0.000
0.000
0.000
0.000
0.332
0.000
0.000
0.000
0.000
0.000
0.376
1.799
0.000
0.000
0.746
0.000
0.153
1.809
0.106
0.000
0.250
0.277
0.000
0.000
0.000
0.000
0.000
3.583
0.260
0.000
0.000
10.763
7.637
0.000
0.015
1.230
6.868
0.000
0.285
0.000
0.000
0.000
0.000
0.048
0.000
0.016
0.000
0.000
0.157
0.001
0.006
0.000
0.118
0.047
0.000
0.002
6.155
0.047
2.768
0.000
0.000
3.112
0.000
0.000
0.000
0.000
0.000
0.000
0.000
7.457
0.000
0.000
0.000
2.999
0.000
0.000
0.000
0.000
0.000
0.000
0.000
0.000
0.000
0.901
0.009
5.463
6.666
0.000
0.000
0.000
0.000
0.000
1.947
1.997
1.014
0.457
0.000
7.593
4.137
1.383
10.552
0.378
0.695
0.000
0.000
0.000
0.035
0.000
8.547
6.991
0.508
11.972
0.007
0.000
1.544
0.000
0.227
0.000
0.000
1.232
3.688
2.443
0.018
0.000
0.128
0.000
0.001
0.084
6.313
42.890
0.000
0.000
0.000
0.000
8.819
1.212
0.000
3.704
61.565
3.605
0.000
22.554
0.432
0.000
0.000
16.197
1.405
0.052
0.000
0.000
0.000
0.000
0.728
0.153
0.000
0.000
0.000
0.000
0.000
32.908
7.233
4.831
0.000
0.000
2.419
24.210
63.064
0.000
0.000
0.000
0.000
1.389
0.000
0.090
6.701
0.204
0.005
0.062
0.702
3.718
1.950
0.000
19.357
0.631
0.147
1.592
0.000
0.033
0.000
0.000
0.000
0.000
0.000
0.000
8.378
0.180
0.000
0.000
0.000
0.000
0.000
0.000
0.000
0.025
0.000
0.000
7.671
0.149
0.954
5.552
1.309
1.996
6.499
3.714
0.239
0.000
0.000
0.002
0.000
0.000
0.000
0.000
0.000
0.000
22.628
0.326
1.299
3.752
0.106
1.165
4.169
0.817
0.000
11.896
0.299
7.384
0.000
0.000
0.000
0.000
0.000
0.000
0.000
0.000
0.000
0.000
0.000
0.000
0.000
0.000
0.000
0.000
9.025
12.138
9.307
0.000
0.000
0.000
0.004
0.014
0.869
0.000
0.000
0.107
0.000
4.004
0.139
0.219
1.629
0.000
0.000
0.000
0.000
0.000
0.000
0.000
0.000
0.000
0.000
0.006
0.000
0.000
0.000
0.000
0.000
0.000
0.000
0.814
0.000
0.008
0.000
0.469
1.214
0.000
3.327
0.000
0.000
5.619
0.000
0.000
0.004
0.914
0.044
6.701
0.000
