19810101
0.046
0.000
0.001
0.000
0.000
0.192
0.000
0.000
0.000
0.000
0.861
0.000
0.293
0.739
0.000
0.000
0.000
0.000
0.000
0.000
0.000
0.000
0.000
0.000
0.000
0.250
0.095
0.000
0.000
0.000
0.611
7.304
0.006
0.000
0.000
0.000
0.000
2.025
2.043
0.015
0.210
0.034
0.000
0.000
0.000
0.000
0.000
0.000
0.394
0.000
0.000
1.790
7.852
0.186
0.000
0.000
0.000
0.662
14.352
0.000
0.000
0.000
0.000
0.000
0.000
0.000
0.000
0.000
0.038
0.296
0.000
0.024
0.000
0.000
0.000
0.000
0.000
0.000
0.000
0.000
0.000
0.000
0.000
0.043
6.795
0.003
0.997
8.060
2.170
3.631
2.936
0.000
1.576
7.163
0.019
0.000
0.021
0.000
0.000
3.524
0.000
0.000
6.570
0.919
0.000
0.013
0.035
0.000
3.832
0.000
0.004
7.886
19.517
1.586
0.173
1.128
3.488
4.374
7.047
2.867
5.277
0.516
1.230
0.046
6.085
0.000
0.000
0.000
1.441
0.156
0.000
0.000
0.000
0.000
0.000
0.000
0.021
0.000
0.000
0.000
0.100
1.422
2.267
17.953
1.396
4.534
0.023
3.824
2.418
0.049
0.204
2.168
3.196
29.411
0.000
1.367
0.451
1.083
0.957
0.221
4.864
0.241
3.251
15.795
36.244
3.298
0.132
0.019
0.993
0.296
11.409
0.052
19.004
0.019
19.858
0.025
0.172
0.000
1.155
9.590
0.000
0.000
0.020
0.221
0.144
0.000
0.000
0.000
0.000
0.251
0.000
11.701
0.002
6.424
6.178
15.996
0.004
4.035
0.000
0.000
0.859
1.889
0.034
7.325
0.726
7.380
0.180
0.000
0.000
0.000
0.285
4.451
3.445
12.916
1.109
7.163
0.144
10.390
4.715
0.603
4.360
0.491
2.509
0.000
0.000
0.000
0.031
0.000
0.000
0.000
0.000
0.000
1.306
10.160
0.836
8.429
17.200
11.058
5.452
0.000
0.104
0.002
0.002
1.278
0.000
0.000
0.000
0.000
1.579
12.881
0.379
0.000
0.000
0.000
0.000
0.000
0.000
0.019
0.428
0.041
0.000
0.000
0.000
1.532
0.000
0.000
0.302
1.717
3.129
3.639
0.094
1.789
2.426
6.096
0.218
0.268
35.722
1.118
5.728
0.000
0.000
0.000
4.455
0.023
1.034
12.330
22.609
0.000
0.009
12.569
7.812
0.284
0.292
0.085
1.428
0.310
0.535
1.339
0.012
0.000
0.000
0.021
0.000
0.290
0.000
0.000
0.000
0.000
0.000
0.000
0.000
0.000
0.000
0.000
0.000
0.000
0.000
0.000
0.037
0.893
0.000
0.000
0.000
0.000
0.000
0.000
0.000
1.211
0.193
11.724
1.306
0.000
0.070
0.000
0.000
0.000
0.000
0.123
0.000
0.000
0.040
0.001
0.000
0.000
0.057
2.883
0.000
0.000
0.000
0.000
0.000
0.000
0.000
0.006
2.063
0.000
0.000
0.030
0.020
1.547
1.253
0.836
0.000
0.082
7.870
0.000
1.715
5.357
0.013
0.000
0.000
0.000
0.046
0.000
0.003
0.000
0.000
0.006
0.288
2.562
1.373
0.079
1.192
0.832
0.221
4.056
1.180
14.455
0.444
0.448
0.000
0.000
0.000
1.554
0.130
0.002
0.007
3.095
0.000
0.000
0.000
0.000
0.235
0.000
0.000
0.000
0.000
0.000
0.511
0.322
0.000
0.000
0.029
0.670
0.000
0.000
0.000
0.000
0.000
1.930
0.050
0.000
0.000
0.052
0.000
0.000
0.000
0.000
0.000
0.000
0.000
4.254
2.303
0.000
0.138
0.433
7.303
0.000
0.029
2.380
0.361
1.568
0.000
12.805
3.798
0.000
0.000
0.000
0.000
0.000
0.000
0.016
0.002
2.363
3.334
0.000
0.323
26.477
2.583
0.000
0.000
0.000
0.000
0.000
0.134
0.000
0.454
5.471
0.011
3.373
5.132
1.137
0.134
0.678
0.000
0.000
0.019
0.000
0.000
0.000
0.016
0.000
0.000
0.000
1.849
0.010
0.000
0.000
1.660
20.183
1.050
0.000
0.000
0.824
7.748
2.895
0.124
14.950
7.055
5.957
6.777
11.267
29.971
0.118
0.064
0.000
0.000
0.000
0.000
0.000
0.000
0.055
0.000
4.272
3.240
1.116
0.059
0.000
0.000
0.000
0.000
1.156
4.993
0.000
0.019
4.191
0.024
3.916
0.000
0.001
3.730
0.093
2.206
0.014
0.097
4.737
3.548
0.605
0.963
26.907
0.006
0.000
0.000
0.269
15.437
0.000
0.000
0.123
2.524
0.000
0.000
9.505
25.609
0.000
6.789
0.353
0.082
0.598
0.601
10.791
0.758
6.241
0.164
0.003
0.240
2.468
2.788
0.233
0.000
2.229
0.536
1.975
0.029
0.661
8.469
0.156
0.000
0.291
0.000
1.708
0.000
0.000
2.604
0.039
0.145
0.807
0.000
0.000
0.000
0.394
0.050
0.000
0.513
7.960
0.000
16.379
0.000
0.131
7.085
1.560
0.320
2.391
5.982
6.087
1.273
1.003
0.521
0.988
8.267
1.312
0.319
0.311
15.286
0.028
1.977
0.000
0.000
4.736
0.223
19.405
25.075
2.156
19.532
1.354
3.459
0.143
0.042
0.179
0.000
0.000
0.239
0.799
0.000
0.000
0.000
1.808
10.105
0.485
0.011
19.372
10.941
1.979
0.951
37.608
20.827
0.169
6.537
11.748
5.108
2.516
0.823
0.016
1.027
0.013
3.820
0.143
0.082
1.198
0.000
0.000
0.000
0.000
0.100
0.000
0.000
0.123
1.222
0.002
0.000
0.014
1.227
6.097
0.543
0.000
0.000
0.000
0.000
0.000
7.355
0.051
7.068
1.051
0.115
0.396
0.000
0.000
0.088
1.084
8.849
1.791
4.481
0.000
0.000
0.000
0.000
0.000
0.000
0.000
0.000
0.111
0.946
0.010
0.000
0.000
0.000
0.000
0.000
0.000
0.000
0.000
0.000
0.000
0.000
0.179
0.000
0.000
2.235
1.406
0.119
0.312
0.000
1.903
0.191
5.812
0.605
1.616
7.748
1.128
0.000
0.297
0.007
0.000
0.000
0.434
0.000
4.087
7.222
0.000
0.086
10.144
0.110
0.006
0.004
0.643
0.000
0.000
0.174
0.000
0.000
0.000
0.000
0.000
0.000
0.000
0.000
0.000
0.000
0.215
1.149
1.375
0.000
0.000
0.000
0.000
0.000
0.000
0.000
0.000
0.000
0.000
1.460
0.080
0.001
0.000
0.000
0.000
0.000
0.000
0.074
0.000
0.091
0.000
0.000
0.000
0.016
0.000
0.000
0.000
0.086
2.242
0.002
0.000
0.194
2.687
5.773
16.390
4.165
0.548
0.000
0.000
0.000
0.000
0.000
0.000
0.962
0.741
4.236
0.000
0.000
0.000
0.000
0.000
0.000
0.000
0.114
1.893
0.176
0.000
3.301
8.628
0.666
0.473
0.024
0.082
0.000
2.012
4.369
0.080
0.003
0.880
0.012
0.000
5.823
1.084
1.867
0.024
0.000
0.000
0.000
0.000
0.000
0.000
0.000
0.000
0.000
0.007
1.969
0.719
0.638
0.000
0.000
0.000
0.000
0.000
0.076
0.000
0.516
0.000
0.000
0.220
0.390
0.028
18.518
0.000
0.688
0.434
0.000
0.000
0.846
1.139
3.924
0.048
0.000
0.282
0.030
0.000
3.697
3.207
7.204
2.366
4.219
0.000
0.118
6.140
3.845
1.236
0.449
0.000
0.000
0.692
1.235
9.738
0.562
6.082
23.297
15.505
0.844
0.000
0.009
0.009
0.214
3.889
4.384
0.000
11.293
6.550
9.307
3.501
0.000
1.675
12.563
1.454
0.426
25.112
19.641
5.189
0.000
0.000
0.000
0.000
0.000
0.000
0.000
0.000
0.000
0.010
0.630
0.085
15.599
2.084
8.038
0.110
0.000
0.000
0.000
0.000
0.000
0.000
0.000
4.231
11.531
11.791
4.793
0.226
6.629
0.138
0.000
0.028
0.000
0.058
0.000
12.228
1.106
0.000
0.492
0.224
0.262
2.002
14.714
0.000
0.840
0.866
0.426
4.077
0.016
0.000
0.000
1.457
0.002
0.860
2.425
3.354
0.000
0.000
0.000
0.309
0.965
12.325
1.573
0.128
0.028
0.438
20.228
0.310
12.759
0.096
0.044
6.759
17.344
0.102
0.021
1.279
0.299
0.895
0.641
0.121
0.000
0.000
0.000
0.000
0.182
8.194
7.564
3.796
2.492
3.685
0.537
0.621
0.020
2.522
0.843
0.000
0.857
20.913
0.380
1.166
0.907
0.284
2.646
0.376
1.874
7.070
3.528
0.011
0.000
0.000
0.007
0.494
0.000
0.000
0.000
0.000
0.000
0.000
0.076
0.000
0.000
0.000
0.000
0.077
0.034
1.313
8.467
0.563
0.000
0.007
2.663
0.094
0.000
0.000
0.000
0.004
0.938
20.896
5.849
0.003
8.813
7.926
0.089
0.000
0.000
10.610
6.296
0.459
0.000
0.000
0.000
0.000
0.000
0.000
0.000
0.000
0.042
1.450
7.297
0.722
2.332
6.052
2.217
0.000
0.009
0.000
0.069
0.000
3.445
0.412
0.000
0.000
0.002
0.000
0.298
0.007
0.000
0.000
0.000
0.000
0.000
0.000
0.000
0.036
0.000
0.000
0.000
0.223
0.043
0.319
3.614
1.087
0.000
0.038
0.599
0.000
0.000
0.000
0.000
0.000
0.000
0.000
0.000
0.037
3.919
0.044
1.671
0.001
0.597
0.000
0.000
0.003
0.885
0.547
0.221
0.433
0.000
0.000
0.000
0.000
0.021
1.966
5.512
0.000
0.422
0.284
4.168
0.000
0.520
0.000
0.000
0.000
0.000
0.000
0.076
0.091
0.000
0.000
0.000
0.000
0.000
0.000
0.276
8.654
0.000
0.000
0.394
0.000
0.000
0.000
0.046
4.034
0.293
0.230
0.000
0.000
0.000
0.000
0.000
0.061
0.000
0.000
0.000
0.000
0.000
0.000
0.000
0.000
0.000
0.000
0.000
0.000
0.000
0.000
0.000
0.000
0.000
0.000
0.000
0.000
1.298
8.290
3.812
0.446
0.047
0.000
0.000
0.000
0.000
0.000
0.000
0.000
0.007
0.000
0.034
7.957
19.315
9.250
0.218
2.309
0.034
0.000
0.000
0.361
6.332
1.923
33.960
1.590
0.000
0.030
0.144
0.046
3.654
0.636
0.000
1.518
3.928
0.000
0.000
0.086
3.858
5.304
0.128
1.275
0.001
0.131
0.000
0.000
0.255
0.000
0.000
0.000
2.994
0.000
1.788
12.141
14.250
16.361
30.513
3.099
35.207
11.708
8.326
4.855
0.084
1.144
5.620
0.227
0.555
0.031
7.491
0.347
6.415
4.478
0.014
0.000
0.625
3.116
0.000
0.000
0.000
0.000
0.155
10.593
0.000
2.177
1.149
0.000
0.144
0.275
8.431
0.000
0.000
0.345
0.023
0.441
0.219
9.050
0.061
0.000
0.000
0.005
1.162
1.945
0.000
0.016
6.207
2.061
0.000
0.000
0.000
1.393
8.805
0.000
0.000
0.366
5.490
0.051
0.337
5.756
0.439
0.000
0.000
0.000
0.110
0.000
0.100
0.000
0.000
0.004
0.000
0.005
14.258
0.000
0.000
0.000
3.973
0.875
3.823
0.000
0.700
0.000
0.037
2.036
3.485
1.403
1.994
0.400
0.000
0.508
4.689
0.420
1.338
0.000
7.126
4.035
0.287
0.000
0.000
0.000
0.000
0.000
0.000
0.000
0.247
1.704
46.509
4.149
0.515
0.033
0.001
0.000
0.000
0.000
0.000
0.000
0.000
0.004
0.001
3.658
2.904
0.011
0.000
0.000
0.137
0.000
3.732
32.095
23.978
29.717
2.583
48.040
2.204
0.675
0.896
0.054
0.000
0.099
0.052
0.022
1.215
0.059
3.859
0.356
2.351
0.000
0.024
0.107
0.027
0.000
0.000
0.100
0.000
0.000
0.000
0.040
0.000
0.000
0.028
0.001
0.000
0.000
0.000
0.017
0.000
0.000
0.000
0.000
0.000
0.877
0.740
2.906
0.000
0.000
0.000
0.711
0.002
0.000
0.007
0.410
0.000
0.000
0.000
0.000
0.000
0.000
0.000
0.000
0.032
18.343
10.433
1.472
0.000
0.000
0.000
0.000
0.230
0.000
0.000
0.000
0.058
0.374
0.051
0.013
1.852
0.264
0.003
0.000
0.000
0.000
0.002
0.544
0.000
0.000
0.253
0.626
0.000
0.001
0.000
0.000
0.000
0.000
1.195
0.000
0.000
0.038
0.000
0.000
0.042
1.248
0.000
0.000
0.000
0.002
0.219
0.000
0.000
0.000
0.000
0.000
0.000
0.473
0.203
0.000
0.263
4.158
0.605
0.000
0.189
0.332
0.000
0.000
0.000
0.111
0.152
0.000
0.408
0.000
0.000
0.000
0.000
0.332
0.000
0.000
0.000
0.004
1.812
27.124
13.492
0.051
0.000
0.000
0.000
0.000
0.000
0.038
1.262
0.008
0.000
0.000
0.000
0.000
0.000
0.000
0.000
0.000
0.289
5.007
0.000
0.268
0.000
0.200
5.434
0.000
0.066
0.232
0.000
0.000
0.000
0.000
0.000
0.000
0.017
0.000
0.000
0.398
0.027
2.025
0.477
0.040
0.052
0.724
0.000
0.957
0.000
10.524
20.217
28.355
13.006
0.416
0.000
0.000
0.000
0.000
0.169
0.000
0.000
0.000
0.069
0.005
3.960
0.000
0.066
2.369
0.000
1.758
15.654
5.849
1.882
11.851
9.676
0.063
0.000
0.010
0.000
0.000
0.000
2.595
0.000
1.495
2.338
0.378
0.076
1.390
8.219
33.700
0.104
0.000
0.000
0.011
0.393
0.002
2.629
0.349
0.000
0.012
12.889
10.890
0.711
0.184
5.035
0.041
4.858
3.676
0.633
0.000
0.571
12.892
1.129
0.318
4.948
50.418
5.337
6.153
0.000
0.000
0.000
2.008
0.050
2.029
4.444
0.000
0.000
0.000
2.495
0.016
0.519
0.000
0.003
0.000
0.000
0.000
8.800
43.972
0.726
0.006
2.892
0.494
0.309
23.846
6.835
0.274
10.137
2.135
0.155
0.000
5.807
0.000
0.000
0.000
0.077
16.117
0.000
0.036
0.312
0.000
1.770
0.000
45.182
9.501
0.000
0.023
0.568
0.063
0.080
0.665
0.133
0.000
0.292
19.397
0.869
0.507
0.131
0.339
1.859
8.206
0.166
0.089
1.273
1.920
33.345
0.103
1.531
2.533
0.055
1.149
17.011
0.666
0.000
0.000
0.000
0.000
0.000
0.057
7.076
0.093
0.490
7.197
0.914
6.375
9.415
9.778
0.230
0.000
0.000
0.000
0.102
9.262
7.347
0.573
0.196
0.514
0.140
0.000
0.257
14.899
0.595
0.000
0.000
13.056
1.051
0.693
0.000
0.019
0.000
0.000
0.000
0.000
0.000
0.000
1.024
0.000
0.000
0.000
0.000
0.000
0.396
2.261
0.000
0.000
0.000
0.000
0.000
0.159
5.928
0.000
0.000
0.000
0.000
0.000
0.023
0.000
0.923
0.076
4.329
0.773
5.436
10.597
0.000
0.000
3.628
0.626
0.684
0.971
8.143
0.000
0.113
0.470
4.459
9.479
3.312
0.000
2.127
0.010
0.002
0.000
0.000
0.179
0.001
0.000
0.000
0.000
0.000
0.664
0.229
0.000
0.000
0.000
0.000
0.000
0.124
0.865
0.000
0.000
2.049
0.418
0.156
0.000
0.000
0.000
0.000
0.117
0.811
0.160
0.049
0.000
0.000
0.000
0.000
0.000
0.000
0.030
0.000
0.000
0.000
0.000
0.096
1.383
0.017
0.015
0.658
4.734
0.008
1.294
2.683
0.319
0.000
0.000
1.243
0.000
0.000
3.901
0.000
0.088
0.000
0.000
0.000
0.000
0.018
0.000
0.000
0.000
0.000
0.133
1.159
0.000
0.073
0.069
0.004
0.100
13.056
0.000
0.308
0.000
0.004
0.050
2.041
0.904
0.000
0.000
0.000
0.000
0.000
0.851
0.000
0.000
0.000
0.031
7.547
0.000
0.000
1.441
8.735
0.000
0.000
0.000
1.237
3.483
0.000
0.000
0.000
0.011
0.000
0.011
0.000
0.000
0.000
0.000
0.000
0.000
0.015
0.000
5.604
1.704
5.230
1.009
0.236
0.000
0.000
0.000
0.010
0.593
0.060
8.235
10.566
0.275
0.000
0.618
13.714
2.448
0.000
0.000
0.000
3.034
4.925
8.603
12.362
40.851
4.612
3.892
0.366
0.000
0.000
0.000
0.001
0.011
0.632
17.132
30.985
3.432
13.821
3.809
8.052
0.030
7.385
3.054
0.000
0.000
0.000
0.000
0.000
0.000
0.017
3.544
2.238
1.988
0.102
0.000
0.000
0.000
0.000
0.050
0.000
1.208
13.064
0.000
0.038
9.584
0.119
0.246
10.726
59.025
0.145
0.000
1.009
0.186
1.753
0.000
6.456
2.349
0.527
11.036
15.563
0.650
0.538
0.025
1.236
1.165
0.000
0.015
0.989
0.556
2.423
0.191
15.076
1.986
3.499
0.062
1.405
1.512
0.037
5.444
17.998
4.930
2.584
2.861
11.142
0.604
0.120
11.456
0.000
0.012
0.327
0.000
6.363
7.847
0.467
28.125
0.347
0.066
0.306
0.053
0.066
0.340
0.000
5.762
14.826
3.175
21.431
4.556
0.763
10.793
0.000
0.000
0.454
18.332
2.226
0.000
0.123
0.013
0.000
2.778
9.058
17.313
12.762
0.353
3.510
1.236
0.038
0.207
0.000
0.000
1.119
23.886
3.730
20.065
5.978
0.083
0.000
0.000
0.000
0.196
10.540
5.334
1.421
3.263
0.613
13.973
0.311
34.767
0.890
4.232
16.976
11.257
22.159
0.000
0.280
9.241
0.001
0.008
0.044
1.340
0.000
0.068
0.272
0.425
0.009
0.000
0.000
0.009
0.430
0.000
0.001
2.109
3.196
2.153
1.528
0.000
0.000
0.000
0.000
0.000
0.000
0.000
0.000
0.000
0.000
0.001
0.002
0.013
0.001
0.214
0.371
1.078
0.000
0.000
0.013
0.004
1.425
1.890
3.037
12.150
1.004
3.059
0.003
0.712
0.000
0.120
1.874
0.040
0.000
0.392
0.609
4.845
0.000
0.067
0.765
0.054
0.096
0.000
0.000
0.000
0.000
0.000
0.000
0.188
3.136
0.037
0.000
0.000
0.000
0.000
0.021
0.033
1.264
0.003
0.000
0.032
0.000
0.000
0.000
0.000
0.000
0.000
0.000
0.000
0.000
0.000
0.000
0.000
0.000
0.000
0.000
0.000
0.117
0.108
0.000
0.000
0.000
0.000
2.517
1.967
0.000
0.000
0.000
0.000
0.000
0.000
0.000
0.000
0.000
0.000
0.000
0.640
1.037
0.253
0.140
0.000
0.000
0.000
0.000
0.000
0.022
2.031
2.967
0.123
0.112
0.210
0.000
0.000
0.000
0.000
0.000
0.000
0.000
0.000
0.000
0.000
0.000
0.000
0.000
0.000
0.000
0.000
0.000
0.021
0.529
0.287
0.000
0.076
0.036
0.000
0.000
0.057
2.792
0.016
0.000
0.000
0.000
0.000
0.000
0.000
0.000
0.000
0.000
0.000
0.057
0.153
0.000
0.002
0.000
0.000
1.075
0.020
0.214
0.621
9.748
5.930
0.000
0.005
0.000
0.000
0.003
0.000
0.000
0.767
0.000
0.000
0.000
0.000
0.000
0.000
0.000
0.074
0.000
0.021
0.000
0.035
0.049
0.000
0.000
0.000
0.000
0.000
0.466
0.388
0.000
0.000
0.010
0.393
0.114
0.195
0.000
0.000
0.013
2.841
0.717
0.025
0.000
0.000
0.000
0.000
0.000
0.033
0.323
2.714
0.000
1.039
7.126
0.000
0.872
4.690
14.107
4.929
1.563
17.107
19.333
1.039
0.093
1.373
7.308
0.103
0.024
0.189
0.768
0.803
0.022
2.276
0.517
0.000
0.142
0.000
0.000
0.129
0.000
0.247
9.545
0.000
0.000
0.000
0.000
0.000
1.331
0.211
0.000
0.000
0.000
0.560
2.487
0.011
0.201
0.001
0.084
0.175
3.318
0.197
0.045
10.518
0.004
0.000
3.315
3.854
0.228
1.387
0.038
0.499
6.758
3.414
1.652
0.000
0.042
0.000
0.000
4.439
17.734
10.559
11.048
0.010
1.163
3.319
1.135
10.746
1.976
6.907
0.000
0.000
0.225
0.070
0.185
11.921
0.000
0.000
0.000
0.000
0.002
1.310
0.000
0.125
9.614
9.184
0.535
5.415
15.013
0.763
6.070
0.432
1.193
0.710
2.419
0.000
0.000
0.097
0.249
1.026
0.001
0.191
4.353
0.000
0.000
0.000
0.000
0.029
8.478
1.272
0.188
3.785
0.117
2.245
1.740
0.916
1.882
0.000
0.000
0.111
4.995
15.814
20.963
4.630
1.212
0.155
0.000
0.000
0.000
0.000
0.000
0.008
1.525
0.000
0.134
1.435
0.000
0.000
0.773
1.366
0.000
0.021
0.000
0.000
0.000
0.000
0.000
0.000
0.531
2.134
4.225
0.011
0.306
0.782
0.302
4.034
0.517
1.644
0.000
0.187
0.013
0.000
0.000
0.000
0.080
0.000
0.016
1.056
1.805
0.000
0.000
0.000
0.000
0.000
0.000
0.000
0.000
0.000
0.000
0.009
7.795
2.354
0.596
0.000
0.000
0.000
0.000
0.000
0.000
0.000
0.000
0.000
0.272
5.187
2.728
0.000
0.483
1.264
0.000
0.012
8.497
3.378
0.265
0.147
0.000
0.000
0.296
0.001
0.145
0.040
0.189
0.006
1.715
0.572
1.252
0.119
0.000
0.316
0.903
0.557
0.000
0.000
0.000
0.204
0.014
3.760
0.000
0.000
0.000
0.000
0.000
0.000
0.000
0.000
0.000
0.000
0.077
6.520
2.533
0.171
0.000
0.000
0.000
0.000
1.640
7.787
0.011
0.503
0.179
3.047
2.290
0.000
0.000
0.005
0.000
0.002
0.307
0.000
0.000
0.000
0.000
0.000
0.000
0.235
0.245
0.260
0.000
0.000
0.000
0.070
0.000
0.062
0.003
0.000
0.000
0.069
0.076
0.000
0.000
0.000
0.000
0.000
0.000
0.000
0.000
0.000
0.000
0.000
0.000
0.000
0.000
0.000
0.007
8.577
6.558
0.000
0.237
6.676
2.570
1.232
0.000
0.000
0.000
0.000
0.048
0.218
0.118
0.000
0.000
1.927
14.997
0.000
0.000
0.290
3.544
0.021
0.403
0.086
1.399
4.662
0.383
0.000
0.000
0.000
0.000
0.533
0.479
0.000
0.000
0.000
0.000
0.000
0.000
0.015
0.000
0.000
0.000
0.000
0.000
0.000
0.000
0.228
0.028
0.178
0.000
0.000
0.000
0.000
0.000
0.000
0.000
0.000
0.011
0.777
4.655
27.705
0.960
0.000
3.663
2.950
0.067
0.041
0.497
0.000
0.001
1.528
0.707
1.098
0.329
0.066
0.000
0.000
0.024
16.398
0.025
0.000
0.015
0.021
0.247
0.000
0.870
0.000
0.000
0.009
0.068
0.023
2.151
0.000
0.000
0.000
0.136
11.576
0.014
1.792
0.171
0.383
8.255
0.002
7.968
5.950
0.303
1.564
1.284
0.000
0.011
9.505
0.000
0.000
0.000
0.000
0.000
0.000
0.000
0.000
1.020
6.799
0.067
7.565
0.000
2.817
22.346
0.000
0.000
0.000
0.000
0.000
0.060
5.950
0.766
0.030
0.155
1.502
0.058
0.000
0.000
0.000
1.394
0.231
17.674
0.215
7.495
3.135
5.662
3.470
0.000
0.000
5.801
0.000
0.000
7.062
33.239
14.957
34.568
6.324
0.004
0.524
0.000
0.000
0.000
0.000
3.670
19.695
0.000
0.000
0.000
0.059
0.001
0.043
0.000
0.002
13.367
0.000
1.397
0.003
0.000
0.000
0.000
0.000
0.000
0.000
0.009
4.008
0.000
0.000
0.039
15.752
7.661
0.006
15.428
22.353
0.001
0.607
0.000
0.000
0.000
0.324
0.000
1.953
19.639
0.120
0.000
0.000
0.150
0.050
0.000
0.000
0.000
0.000
0.000
0.000
0.000
0.000
0.000
0.000
0.006
1.695
2.775
3.099
1.890
1.921
6.137
0.000
0.529
0.187
0.000
0.000
0.066
2.463
0.044
0.000
0.065
0.000
0.000
0.010
0.000
0.583
0.067
0.000
0.395
0.719
0.000
0.703
8.612
4.749
0.000
1.047
17.781
2.000
0.292
3.601
0.409
0.164
0.129
0.069
0.000
0.000
2.535
13.288
7.784
0.000
0.000
0.000
0.000
0.000
0.000
0.000
0.066
0.000
0.004
0.000
0.000
0.000
0.019
1.158
6.512
0.000
0.549
0.482
0.145
0.005
0.000
0.011
0.000
2.112
0.239
0.140
0.925
8.457
0.000
0.000
0.000
0.049
0.044
0.267
2.155
0.057
0.000
0.004
7.589
6.647
2.144
0.000
0.153
2.353
0.000
0.000
0.000
0.672
0.044
1.139
0.217
0.074
0.001
0.000
0.000
0.001
0.863
0.756
0.000
0.000
0.000
0.000
0.264
1.562
1.183
0.061
0.002
0.000
0.000
0.000
0.020
0.000
0.000
0.000
0.002
1.980
0.413
0.154
0.002
0.355
0.185
0.000
0.000
0.000
0.000
0.000
0.000
0.000
0.000
0.093
3.247
0.000
0.008
3.701
7.941
0.004
0.154
0.002
0.813
0.000
0.053
0.000
0.002
1.297
7.426
6.364
0.016
0.000
0.000
0.000
0.013
0.000
0.000
0.093
0.385
2.556
0.000
0.431
3.023
0.657
3.455
0.001
0.556
3.531
4.166
9.768
0.359
0.000
0.107
0.788
0.000
0.000
0.000
0.000
0.000
0.000
0.000
0.000
0.001
0.000
0.119
0.000
0.000
0.391
0.020
0.000
0.361
0.553
1.570
3.722
7.651
10.699
2.488
0.000
0.000
0.301
7.330
0.124
0.015
11.119
8.307
0.000
0.000
0.000
0.000
0.000
0.000
0.000
0.002
5.440
7.213
4.726
0.000
0.571
7.161
1.843
18.284
1.514
0.002
0.002
1.209
14.756
0.485
0.099
0.905
0.144
0.004
0.004
0.424
0.000
1.598
0.397
0.000
0.001
10.310
5.013
3.314
0.018
0.000
0.000
0.381
0.038
0.002
12.248
34.508
0.442
0.087
5.868
7.704
0.022
0.000
0.071
2.767
0.000
0.397
6.290
0.000
0.000
0.086
0.000
1.886
0.031
0.076
0.016
0.334
0.982
0.000
0.000
0.018
0.163
2.228
0.910
0.000
0.000
0.000
0.000
0.084
0.000
0.000
0.000
0.090
12.039
1.596
0.722
0.000
0.000
0.441
6.836
0.000
0.144
0.000
0.000
0.000
0.019
0.224
2.971
1.256
1.685
0.128
0.000
0.000
0.000
8.202
12.136
0.192
3.860
0.000
0.000
0.000
4.503
22.306
0.773
4.145
0.499
47.027
8.309
0.059
2.179
40.233
1.317
0.000
0.082
0.441
0.230
0.001
6.155
1.448
0.000
0.000
0.000
0.000
0.000
0.000
0.765
8.333
32.867
1.823
0.000
0.000
0.000
0.000
0.000
0.000
0.000
0.000
0.112
7.429
0.000
0.000
1.316
0.484
0.000
0.157
0.055
3.886
0.000
0.000
0.000
0.000
0.000
0.086
0.000
0.000
0.000
0.000
0.000
0.000
0.000
0.000
0.000
0.000
0.000
2.564
24.273
0.298
0.000
0.000
0.082
0.000
0.821
5.630
0.771
0.000
0.684
1.011
1.546
0.000
0.000
0.002
0.280
0.302
0.211
0.678
0.060
0.000
0.000
0.232
6.141
0.000
0.000
0.000
0.044
4.677
2.370
0.000
0.000
0.000
0.000
0.005
0.001
0.001
0.000
0.000
0.000
0.000
0.000
0.000
0.000
0.018
0.017
0.063
0.000
0.000
0.166
0.003
0.000
0.000
0.000
0.005
0.127
0.195
0.965
2.158
0.006
0.006
0.131
0.354
0.004
0.000
0.000
0.000
0.000
0.000
0.000
0.000
0.000
0.000
0.060
0.000
0.000
0.000
0.000
0.135
1.729
0.135
0.000
0.000
0.318
0.767
0.608
0.447
0.026
0.001
1.332
0.012
0.020
0.000
0.009
0.973
0.000
0.116
0.000
0.000
0.000
0.000
0.000
0.000
0.000
0.167
0.026
0.000
0.000
2.026
6.887
0.575
0.000
0.000
0.009
0.000
0.000
0.487
2.999
0.000
0.451
0.001
0.000
0.000
0.000
0.000
0.237
0.000
0.000
0.002
6.898
4.383
1.126
9.064
17.659
2.385
6.361
5.369
14.501
1.218
0.181
0.198
0.000
0.005
0.036
0.000
0.000
0.000
0.000
0.000
0.737
0.403
0.000
0.000
1.094
3.172
0.000
0.000
0.066
0.016
0.000
0.000
0.668
0.000
0.000
0.000
0.136
0.000
0.014
0.932
0.651
0.000
0.000
0.000
0.000
0.000
5.239
14.956
5.851
11.988
8.828
13.678
5.725
11.969
0.154
0.000
0.000
0.000
0.012
0.000
0.000
1.107
0.175
0.144
0.000
0.004
0.015
8.103
1.809
4.366
0.924
0.019
0.730
3.379
0.105
1.449
9.983
0.000
0.197
3.130
5.657
0.000
0.330
0.000
0.000
0.086
5.994
43.178
5.711
6.528
0.903
0.328
1.881
0.613
0.000
14.758
19.780
0.008
0.000
1.426
9.551
9.199
2.275
1.704
1.159
2.370
2.583
1.558
0.000
0.335
0.347
0.777
6.045
3.059
0.457
0.000
0.000
0.000
0.000
0.000
0.000
4.417
15.128
0.087
0.000
10.738
6.267
0.000
0.000
0.000
0.963
9.115
0.183
1.021
0.000
0.189
0.055
1.369
0.020
0.302
3.352
22.018
1.444
3.627
0.005
0.000
0.000
0.000
0.080
6.274
0.000
0.090
0.000
0.000
0.000
0.000
0.000
2.118
0.240
0.000
0.000
0.000
0.238
14.271
3.324
2.842
0.098
0.058
2.421
1.500
6.118
15.968
0.679
2.267
0.124
0.000
1.339
0.193
0.167
8.058
6.415
0.280
3.770
5.765
0.247
0.535
0.421
0.002
0.000
0.144
15.339
0.016
0.000
0.000
0.875
5.174
1.532
8.350
0.022
0.204
0.000
0.000
0.000
0.000
0.000
0.010
0.102
1.807
0.753
41.960
3.704
0.000
0.000
0.000
0.037
0.000
0.000
0.039
0.116
0.000
0.002
1.099
0.711
17.090
17.730
0.125
2.386
4.823
0.326
0.000
0.000
0.000
0.000
0.000
0.000
0.000
0.000
0.000
0.000
0.000
0.000
0.000
0.000
0.000
0.000
0.000
0.000
0.000
0.007
0.000
0.000
0.000
0.000
0.019
0.000
0.000
0.000
1.181
1.214
0.316
0.000
0.000
0.000
0.004
2.328
4.704
0.025
0.000
0.000
0.000
0.000
0.000
0.000
0.000
0.000
0.000
0.000
0.000
0.000
0.019
0.110
0.000
0.000
0.000
0.000
0.000
0.212
9.157
1.816
0.920
0.036
0.077
0.150
0.000
0.000
0.033
0.274
0.000
0.099
0.000
0.000
0.000
0.000
0.075
0.004
0.000
0.000
0.249
0.094
2.231
0.274
0.130
0.873
0.000
0.000
0.000
0.000
0.000
0.023
0.003
0.449
0.743
0.000
0.000
0.012
0.096
2.814
0.095
0.001
0.030
0.000
0.000
0.000
0.000
0.000
0.000
0.000
0.000
0.000
0.000
0.000
0.000
0.284
5.321
0.000
0.000
0.000
0.964
8.008
0.157
0.004
0.038
2.152
6.979
0.000
0.197
0.113
0.043
0.031
0.421
0.000
0.000
0.000
0.429
0.000
0.018
0.091
0.000
0.000
0.000
0.107
0.000
0.000
0.001
0.005
0.000
0.000
0.893
10.721
4.492
24.320
1.150
0.033
0.000
0.000
0.000
0.000
0.000
0.670
0.028
0.000
0.000
0.271
0.095
0.000
0.000
0.234
4.626
0.482
0.000
1.195
9.338
13.177
12.657
5.988
0.000
0.000
0.000
0.000
0.134
0.682
1.260
0.000
0.000
0.000
4.802
3.794
8.291
19.057
2.573
0.448
0.114
12.984
4.173
19.587
1.379
0.089
0.000
0.000
0.000
0.000
2.600
0.000
0.042
0.384
0.273
0.000
0.000
0.000
0.000
0.427
7.467
18.879
0.000
0.306
3.592
10.257
17.377
1.343
7.031
4.462
2.553
4.278
0.000
0.000
0.000
0.000
0.000
2.068
7.160
0.452
1.535
0.004
7.256
5.342
0.768
0.626
1.302
1.893
17.763
15.225
2.619
0.902
0.376
0.000
1.148
23.229
2.769
16.812
9.995
21.755
0.183
2.120
5.216
3.372
3.223
0.214
1.619
0.670
0.219
1.990
10.225
7.219
0.000
0.019
0.000
0.165
3.482
12.808
0.338
0.558
3.183
0.000
0.000
0.027
0.226
4.436
20.490
5.042
0.000
0.000
0.204
3.145
4.637
2.462
0.013
0.000
0.446
0.563
0.000
0.000
0.000
0.404
0.007
0.000
0.335
3.812
5.997
0.000
0.088
0.000
0.000
0.000
0.162
4.965
13.622
0.213
0.728
0.000
0.000
0.000
0.009
0.206
0.000
20.689
0.000
0.000
0.000
12.746
30.253
11.270
0.506
0.219
0.363
0.082
4.131
4.215
7.228
2.470
3.403
0.593
0.115
0.000
0.011
0.198
0.000
2.924
0.109
0.000
0.085
0.000
6.136
0.326
0.719
0.004
0.049
0.197
2.877
0.122
0.000
0.000
0.007
0.000
0.000
0.007
1.580
0.048
0.027
0.000
0.000
0.016
0.126
0.113
0.000
0.010
0.080
0.000
0.000
0.033
1.073
20.357
0.019
0.285
15.182
12.769
4.973
1.238
2.183
1.751
2.780
0.000
0.000
2.552
0.373
1.166
0.000
0.000
0.000
0.360
0.052
10.602
2.019
0.000
0.000
0.110
0.001
0.068
0.199
0.221
0.474
0.000
0.994
6.953
0.404
0.071
2.382
0.145
3.306
1.329
0.000
0.947
0.058
0.000
0.001
0.000
0.190
0.982
0.005
0.018
0.273
0.001
0.000
1.037
0.000
0.000
0.000
0.000
0.000
0.000
0.000
0.000
0.004
0.000
0.033
0.000
0.098
0.335
0.000
0.296
0.962
0.000
6.300
1.836
0.000
0.000
0.000
0.000
0.069
0.001
0.051
1.009
0.000
0.050
0.000
0.000
0.000
0.010
0.007
0.840
0.003
0.032
0.000
0.000
0.000
0.000
0.000
0.000
0.000
0.000
0.003
0.000
0.007
0.000
0.000
0.011
0.000
0.000
0.421
0.051
0.136
0.276
0.054
0.006
1.798
2.090
0.722
0.351
0.000
2.073
1.020
0.000
0.000
0.000
0.000
0.000
0.000
0.000
1.142
3.706
14.093
7.757
1.004
0.149
0.157
1.963
0.170
1.298
1.789
0.006
0.000
0.000
0.000
0.000
0.000
0.010
0.000
0.000
0.000
0.000
0.000
0.000
1.552
0.424
0.000
0.000
0.000
0.000
0.503
0.000
0.000
0.209
5.200
0.000
0.411
7.038
3.419
0.000
0.170
0.041
0.411
0.350
0.099
1.021
8.147
5.347
14.641
4.264
0.284
0.013
0.048
0.021
0.000
0.005
0.000
0.075
0.000
0.000
0.002
0.009
0.000
0.000
0.000
0.000
0.000
2.464
21.593
3.704
0.330
0.000
0.851
0.693
3.109
0.251
0.000
0.018
0.091
3.219
2.154
0.291
4.060
0.849
1.502
0.000
0.000
0.000
0.000
0.000
0.082
0.000
0.022
0.000
7.145
3.008
1.186
0.000
0.000
0.000
0.018
0.115
4.640
0.239
12.667
40.638
4.700
6.741
8.029
0.271
5.089
0.454
1.519
0.262
0.191
0.000
0.000
0.000
4.674
25.911
8.842
2.770
1.478
0.005
0.106
0.001
0.161
1.805
17.353
1.674
6.512
0.222
0.495
3.803
5.104
1.453
0.359
0.647
0.682
0.162
0.974
0.051
0.010
0.145
0.070
0.013
0.228
0.000
0.000
0.000
0.958
0.314
0.000
0.770
0.056
0.662
19.233
5.655
0.623
0.040
0.052
4.092
0.087
0.037
0.000
0.000
0.024
1.912
0.000
0.000
11.942
0.208
1.559
32.684
14.173
2.721
0.000
0.102
2.971
4.929
0.935
0.380
15.151
0.736
2.708
1.939
0.087
2.246
7.295
0.975
0.644
0.085
0.000
0.321
0.004
0.002
0.091
2.507
2.126
0.016
0.000
0.089
0.000
0.000
0.000
0.000
0.108
0.018
0.135
0.000
0.000
0.000
0.000
0.000
0.000
0.000
0.000
0.244
5.737
0.939
0.013
0.024
0.000
0.000
0.572
0.000
5.105
0.061
0.000
0.508
1.589
0.000
0.000
0.000
0.000
0.000
0.000
0.000
0.000
0.000
0.000
1.013
0.470
16.238
4.749
2.966
0.000
0.057
0.099
0.052
1.222
0.053
0.000
0.232
0.000
0.029
0.011
0.574
0.005
0.147
1.899
3.211
0.065
0.000
0.000
0.000
0.000
0.000
0.000
0.000
0.000
0.000
0.007
0.065
0.020
0.121
0.017
0.000
0.000
0.000
0.000
0.266
0.000
0.000
0.454
7.875
1.277
0.000
0.004
0.062
1.881
0.013
0.028
0.000
0.009
0.036
1.615
0.007
0.118
0.057
2.904
1.074
2.118
0.146
0.333
0.324
0.152
0.000
0.021
0.000
0.000
0.000
0.000
0.000
8.542
5.758
1.799
0.015
0.000
0.000
0.000
0.670
0.000
1.152
0.624
9.553
2.101
0.080
2.719
0.092
1.022
0.048
0.000
0.000
0.000
0.000
0.000
0.000
0.000
0.000
0.000
0.000
0.000
0.000
0.000
0.410
0.055
0.161
0.000
0.000
0.000
0.000
0.000
0.000
2.016
1.282
0.079
0.000
0.000
0.000
0.000
0.044
0.000
0.000
0.000
0.000
0.000
0.000
0.000
0.000
0.039
8.503
0.577
1.192
0.000
0.000
0.001
2.136
0.000
0.000
0.000
0.000
0.000
0.000
0.000
0.000
0.000
0.000
0.000
0.000
0.000
6.594
8.179
0.036
0.000
0.000
0.000
0.000
0.007
0.431
8.754
3.942
0.419
7.065
2.435
0.000
0.108
0.063
0.000
0.035
0.000
0.000
0.000
0.000
0.000
0.776
11.268
5.719
0.664
1.772
1.293
2.437
1.469
8.248
13.766
2.186
0.000
0.000
0.000
2.222
11.760
3.978
0.180
0.010
0.000
0.068
0.771
0.000
0.000
0.000
0.028
0.320
0.039
0.023
3.799
7.670
34.766
1.968
3.261
7.604
0.541
0.042
22.389
17.210
3.089
0.000
0.000
0.000
0.074
4.941
3.289
6.771
3.145
0.987
0.000
0.129
2.358
4.282
0.026
10.450
7.618
6.250
2.558
11.693
0.268
0.000
8.711
40.977
3.972
0.550
0.000
0.090
0.587
1.192
3.152
20.785
3.687
17.003
7.590
2.664
3.665
19.838
21.008
0.000
3.716
0.123
6.808
3.184
0.004
1.237
3.279
0.046
0.040
0.000
0.053
0.035
2.250
0.278
6.419
4.535
0.000
0.278
0.851
0.000
5.118
6.932
0.459
2.275
0.613
1.953
3.857
0.019
0.508
9.813
0.000
0.000
0.122
1.081
3.007
16.255
1.564
0.000
19.645
0.000
0.000
0.000
3.650
11.853
3.261
0.000
1.988
19.356
0.000
0.000
8.962
0.058
0.031
3.038
0.238
0.517
0.035
0.296
0.035
0.243
0.983
0.156
0.000
0.063
3.176
5.557
1.272
0.006
0.000
0.000
0.022
15.303
1.711
0.663
0.017
0.000
0.275
1.291
0.744
2.546
0.821
0.000
0.000
0.007
0.060
0.000
0.000
0.000
0.029
0.542
0.029
0.034
0.008
0.000
0.000
0.000
0.109
2.526
0.010
0.299
0.710
1.762
7.993
0.000
0.000
0.000
0.018
0.000
0.000
0.000
0.155
0.147
0.008
0.001
0.000
0.000
2.663
15.022
1.146
0.000
0.001
0.000
0.260
0.000
0.274
11.238
0.218
0.256
0.000
0.000
0.000
0.000
0.015
0.000
0.000
1.417
0.073
10.299
6.072
5.702
0.226
0.019
0.190
0.013
1.333
0.000
0.000
0.000
4.428
0.000
0.000
0.000
0.124
0.000
0.000
0.000
1.480
0.058
0.000
1.191
5.846
0.086
0.717
0.354
1.677
0.000
0.000
0.049
0.000
0.005
0.000
0.038
0.119
1.254
4.711
0.620
0.261
0.071
0.131
3.969
3.451
0.240
0.529
0.360
0.035
0.006
0.006
0.000
0.000
5.314
1.367
0.004
0.000
0.000
0.000
0.000
0.000
0.000
0.427
1.499
1.014
2.265
0.219
0.000
0.100
0.000
0.000
0.000
0.000
0.000
0.030
0.000
0.723
2.894
0.435
1.085
4.093
0.018
0.064
0.000
0.000
0.000
0.000
0.646
0.042
0.000
0.000
0.062
0.327
3.323
0.838
0.000
0.029
0.000
0.003
0.000
0.000
0.000
0.000
0.000
0.000
0.000
0.000
0.000
0.000
0.000
0.000
0.000
0.000
0.000
1.051
0.023
3.629
6.982
0.000
0.075
11.950
0.000
1.220
1.687
0.854
0.000
0.000
0.000
0.000
0.000
0.000
0.055
0.029
0.000
0.000
0.910
2.590
0.068
0.038
0.000
0.000
0.103
27.204
6.431
0.000
0.000
0.000
0.000
0.000
0.000
0.000
0.000
10.198
30.596
13.547
1.072
12.722
0.141
0.000
0.050
0.000
1.053
0.000
0.000
0.000
0.000
0.000
0.000
0.157
0.000
0.000
26.540
1.922
0.000
0.365
0.000
0.000
0.000
0.954
3.714
0.000
8.996
2.362
3.462
0.003
0.606
3.992
2.608
1.380
0.000
0.001
0.000
0.000
8.628
0.032
0.000
0.000
0.000
2.687
1.028
4.765
1.488
0.033
10.991
8.655
15.605
3.518
3.403
20.532
0.000
0.730
0.801
3.080
7.467
12.181
1.447
3.126
2.393
0.356
2.182
0.000
0.000
0.446
5.591
4.816
2.023
20.834
1.861
0.000
1.141
0.001
0.005
0.989
1.715
0.046
3.706
0.895
11.403
11.297
4.769
5.788
0.104
0.158
0.275
0.114
0.804
0.000
1.059
0.064
5.992
0.064
0.910
14.663
1.787
0.000
0.000
6.239
4.944
0.026
1.148
0.306
0.014
3.479
0.211
0.031
0.000
0.000
0.362
9.300
1.998
0.000
0.002
5.316
3.276
3.902
8.531
0.529
1.366
0.015
0.371
1.237
0.240
0.083
1.830
3.756
4.531
1.078
0.000
0.000
0.000
0.178
0.072
2.672
4.110
5.102
29.462
0.328
0.204
0.000
0.000
0.000
8.423
5.088
1.693
0.009
0.000
1.452
0.000
0.000
0.000
0.020
0.985
1.973
11.905
2.429
0.017
0.345
4.412
2.706
2.654
0.209
0.000
0.000
0.000
0.000
0.141
16.925
13.369
28.106
3.623
0.070
0.000
0.295
1.510
0.284
0.208
0.008
0.000
0.023
0.433
0.000
0.018
0.000
0.034
0.000
0.000
0.000
0.000
0.000
0.000
0.000
0.000
0.000
0.000
3.329
1.606
0.000
0.016
0.002
5.044
0.109
0.566
7.125
0.000
0.000
0.037
0.000
0.071
0.693
10.287
1.073
0.000
0.000
0.000
0.000
0.000
0.255
0.000
0.000
0.125
3.308
0.124
0.021
0.022
0.000
0.000
1.927
0.713
0.000
0.003
0.000
0.000
0.000
0.000
0.000
0.000
0.000
0.000
0.000
0.000
0.000
0.196
0.026
0.005
0.000
0.008
0.000
0.000
0.053
0.000
0.000
0.009
0.318
0.008
0.632
14.608
0.553
0.716
0.005
4.285
3.196
0.040
0.000
0.030
0.098
0.000
0.000
0.000
0.000
0.000
0.000
0.000
0.000
0.000
0.000
0.000
0.030
0.000
0.000
0.000
0.005
0.000
0.175
2.458
0.189
0.000
0.000
0.000
10.084
0.258
0.911
0.011
0.000
0.136
0.000
0.042
0.000
0.011
0.217
3.187
0.177
0.000
0.000
0.000
0.000
0.137
8.084
4.814
3.465
0.000
0.000
0.000
0.000
0.000
0.000
0.072
0.060
0.000
0.000
0.600
0.188
6.415
0.000
0.000
0.000
0.000
0.154
4.678
18.397
9.209
0.000
0.000
0.000
0.014
0.008
0.000
0.013
0.181
0.143
0.028
0.038
0.000
0.000
2.346
11.380
2.021
0.366
0.778
4.961
0.324
1.529
11.577
0.740
0.133
0.000
0.026
4.347
0.302
0.000
0.274
0.491
0.000
0.000
0.000
0.000
0.041
0.005
1.109
0.128
1.687
0.197
19.293
2.169
0.000
0.000
3.558
26.351
1.730
2.606
0.000
0.000
0.117
0.585
0.000
0.316
0.000
0.164
1.663
0.000
0.214
5.825
0.275
0.097
0.000
0.000
0.049
0.000
0.058
0.581
5.969
3.953
2.748
0.026
8.430
2.066
0.053
0.000
0.000
0.000
0.000
0.000
0.000
0.000
0.000
0.007
1.693
1.329
0.000
0.086
1.969
0.232
2.961
2.907
0.221
0.239
3.519
30.121
22.741
21.570
14.754
0.000
0.482
1.707
3.290
0.203
8.953
4.982
7.023
0.530
0.658
3.557
3.079
0.884
1.585
0.105
5.491
0.222
1.759
0.130
0.015
0.634
5.069
0.148
0.393
9.656
0.075
0.000
0.000
1.353
0.051
1.253
12.149
8.486
4.375
0.000
12.311
2.567
9.890
4.948
0.034
0.000
0.000
0.100
23.581
0.126
0.424
0.000
0.000
32.072
35.954
3.081
0.028
0.144
0.193
0.020
0.816
0.061
0.130
0.028
0.000
0.000
1.024
3.600
0.000
0.006
0.000
0.001
0.000
0.000
0.000
1.466
10.808
0.051
0.373
2.075
0.124
0.003
0.287
0.306
2.856
0.329
0.000
0.000
0.000
0.869
53.175
36.343
5.331
12.537
3.779
2.544
4.642
4.789
2.264
8.848
0.016
0.000
0.000
0.134
1.011
0.109
0.019
0.000
0.057
2.497
0.462
0.386
0.822
3.877
13.321
0.233
0.018
3.484
9.429
1.304
0.283
0.443
2.482
1.281
1.496
0.000
0.000
0.000
0.000
0.000
1.299
0.412
0.011
0.000
0.011
0.838
0.025
0.146
2.725
0.399
0.000
0.000
0.000
0.000
0.000
0.005
0.455
6.005
1.290
0.000
0.051
1.981
0.115
0.549
0.000
0.007
0.134
0.109
0.140
3.175
5.099
0.000
0.319
0.738
2.797
12.743
0.000
0.000
0.000
0.000
0.000
0.000
0.000
0.000
0.000
0.000
0.009
0.000
0.109
0.000
0.000
0.163
0.000
1.742
1.522
0.055
0.000
0.000
0.000
0.000
0.000
0.167
0.078
4.474
0.101
0.000
0.000
0.011
0.010
0.132
18.863
6.636
0.181
0.095
0.014
0.000
0.000
0.000
0.000
0.000
0.185
6.992
0.000
0.000
0.000
0.000
0.000
0.000
0.000
0.000
0.056
0.090
0.000
0.085
0.942
0.342
0.000
0.000
0.230
0.000
0.313
0.000
0.932
0.024
0.000
0.223
5.407
0.618
0.000
0.000
6.773
1.948
0.000
0.000
0.036
0.000
0.022
2.720
0.325
0.188
0.000
0.000
0.000
0.000
0.000
0.000
0.000
0.000
0.000
0.130
0.105
0.804
0.000
0.000
0.000
0.000
2.867
7.517
0.272
0.000
0.040
0.203
0.305
0.000
0.144
0.042
0.202
3.057
0.000
0.000
0.000
0.000
0.000
0.166
0.515
6.343
4.825
0.299
0.233
0.584
0.000
0.000
0.317
0.000
0.000
0.000
0.076
2.306
3.767
3.687
0.081
0.109
0.000
0.000
0.000
0.000
0.000
0.000
4.012
2.129
0.727
1.026
0.155
5.190
0.000
0.000
0.000
0.802
11.507
0.677
8.456
11.467
14.776
0.000
0.635
1.357
0.000
0.000
0.485
0.000
0.000
0.000
0.000
0.000
0.357
7.044
1.092
7.716
0.069
0.560
6.324
1.475
1.103
0.225
0.000
0.000
0.000
0.000
0.000
2.617
7.011
0.090
0.000
0.047
0.022
3.194
5.221
3.355
5.557
0.159
11.316
7.059
0.155
3.342
1.957
0.285
8.564
0.021
0.000
0.000
4.562
16.054
5.171
4.738
0.000
14.281
14.922
1.186
2.789
4.708
0.165
0.000
5.759
0.496
0.008
0.647
4.757
0.416
3.688
2.417
0.023
1.155
9.963
4.631
0.208
1.335
0.000
0.000
0.004
0.003
6.915
4.380
16.279
0.292
0.000
0.251
0.000
0.000
0.031
0.035
0.068
0.000
0.011
0.000
0.158
0.734
0.571
7.502
0.000
0.000
0.051
1.283
0.000
0.000
0.000
0.000
0.000
0.000
18.205
6.323
0.642
0.000
0.000
0.975
1.996
0.115
0.500
0.864
0.418
0.000
0.000
0.000
0.000
0.000
0.000
0.000
4.212
4.459
6.708
0.692
0.101
0.535
11.822
7.893
3.769
0.869
0.842
0.000
0.013
0.000
0.000
0.000
0.012
0.000
0.052
0.455
0.000
0.000
0.001
0.000
0.527
1.983
0.000
33.520
13.990
0.014
0.260
0.937
0.266
6.081
1.980
0.071
0.384
1.849
0.299
1.860
31.151
0.089
0.000
0.000
0.000
0.000
0.068
1.868
3.165
0.000
0.000
0.001
0.000
0.001
0.000
0.013
10.248
12.287
25.996
6.668
0.000
0.274
5.141
0.083
1.358
1.408
0.276
0.000
0.000
0.012
0.557
18.158
1.291
0.193
0.000
0.000
0.932
0.042
0.000
0.000
0.000
0.000
0.282
0.853
0.000
0.000
3.720
0.143
0.801
1.748
0.320
0.303
0.534
0.587
3.011
5.701
0.000
0.000
0.098
0.117
2.447
3.116
2.846
0.000
0.000
0.000
14.173
19.022
5.305
0.000
0.000
0.000
2.823
0.019
0.000
0.000
0.000
0.518
0.366
0.005
0.000
0.289
0.000
0.000
0.299
2.175
6.598
0.268
0.021
0.564
0.000
0.506
0.348
1.641
0.000
0.000
0.000
0.000
0.000
0.000
0.000
0.000
0.000
0.000
0.367
0.224
0.000
0.017
0.001
1.725
0.009
0.027
0.000
0.000
0.000
0.026
0.002
0.000
0.000
0.000
0.000
0.065
13.405
0.341
1.343
5.954
0.580
0.000
0.000
0.000
0.000
0.014
0.005
0.000
1.903
6.710
0.000
0.000
0.491
0.000
0.000
0.008
0.409
0.000
0.000
0.408
8.479
0.152
0.000
0.000
0.037
0.000
0.000
0.005
0.097
0.013
0.114
2.346
7.241
2.099
0.017
0.000
0.000
0.000
0.000
0.000
0.000
0.000
0.000
0.000
0.000
0.000
0.000
0.007
0.000
0.002
0.021
0.000
0.458
1.798
0.644
0.000
0.000
0.000
0.000
0.008
0.057
0.184
0.047
1.208
9.821
1.294
0.029
0.641
0.345
0.134
3.512
2.161
0.508
0.107
0.927
6.098
0.450
0.000
0.061
1.615
9.678
0.000
0.000
0.000
0.000
3.555
0.013
0.000
0.000
0.000
0.000
0.310
3.543
0.016
0.000
0.000
0.000
0.000
0.000
0.014
0.285
0.134
12.734
3.444
1.205
2.991
0.193
4.735
0.608
0.001
9.553
7.458
25.107
0.193
1.375
3.426
25.533
2.822
0.466
17.623
3.187
10.756
0.180
3.393
2.517
11.638
0.048
0.000
0.000
0.212
21.165
20.700
2.973
0.090
0.105
0.009
1.381
3.120
1.240
0.414
1.127
1.583
23.512
1.603
1.391
0.000
0.000
0.000
0.130
0.703
0.000
10.140
5.370
0.037
5.961
0.000
0.000
0.266
2.787
0.153
1.719
0.655
1.202
6.730
1.844
2.877
0.276
9.804
10.909
1.658
0.004
1.192
1.209
0.358
1.264
0.010
0.000
1.943
2.374
0.000
3.283
5.460
0.000
0.000
0.002
0.000
0.000
2.369
5.922
0.000
0.000
0.000
0.034
0.026
7.260
2.874
10.795
0.000
11.035
0.033
0.004
0.000
0.130
0.000
0.000
0.000
0.142
10.572
2.130
0.481
0.182
0.000
0.050
0.243
1.830
1.828
1.119
2.520
3.876
0.001
2.178
7.891
27.771
2.379
0.099
0.000
0.000
0.000
0.000
0.000
0.000
0.000
0.000
0.000
0.012
0.000
0.000
0.000
0.000
0.994
4.939
2.159
2.432
5.550
0.000
0.000
0.022
0.000
0.000
0.651
0.460
0.744
0.062
2.773
5.943
0.065
0.000
0.000
0.000
0.017
0.000
0.329
5.498
0.114
0.757
0.000
0.000
0.000
0.000
0.000
0.000
0.000
0.013
0.641
0.148
0.286
0.000
0.000
0.000
0.381
0.002
0.244
0.000
0.000
0.000
0.000
0.000
0.000
0.000
0.000
0.002
0.000
0.000
0.000
0.012
0.000
0.036
0.015
1.415
0.931
1.678
0.450
0.000
0.000
0.000
0.000
0.231
2.118
0.000
0.106
1.034
1.521
0.145
3.780
0.000
5.868
0.839
1.229
0.028
0.620
0.125
0.066
0.247
0.365
1.298
0.054
0.655
0.829
0.042
0.000
0.000
0.066
0.000
0.000
0.501
0.164
0.000
0.000
0.101
0.000
0.000
0.000
0.076
0.000
0.197
0.577
0.310
0.660
0.023
2.366
0.811
0.021
0.008
0.036
0.000
0.955
0.533
0.000
1.085
2.929
6.711
2.846
1.249
1.174
0.059
0.000
2.988
0.010
0.000
0.000
0.000
0.000
0.000
0.082
0.505
0.165
0.141
0.000
0.000
0.005
0.000
0.000
0.001
0.269
0.000
0.317
0.464
0.260
0.349
1.356
12.517
2.748
12.739
0.000
0.000
0.000
0.000
0.658
5.814
13.017
0.344
0.132
1.670
0.762
3.772
0.100
0.000
0.000
0.000
0.839
0.569
0.597
0.000
0.000
0.000
0.000
0.000
0.000
0.000
0.000
0.000
0.000
0.001
1.420
0.005
0.059
0.334
0.000
0.009
7.487
2.117
0.006
3.621
11.321
1.662
0.184
6.406
14.569
0.456
0.334
0.639
0.000
0.000
0.000
0.000
0.000
0.000
0.203
0.423
2.038
1.036
17.294
11.749
1.430
8.443
0.433
0.000
0.026
0.000
0.250
0.023
0.004
1.509
19.269
29.996
5.220
0.349
4.036
8.808
3.598
20.490
21.750
3.212
0.078
0.489
0.007
1.601
9.980
11.945
17.254
1.321
0.705
1.272
0.041
0.029
0.334
0.516
1.958
13.294
7.764
8.394
0.004
0.090
0.391
0.000
0.280
5.375
26.873
0.010
0.212
0.205
1.745
0.368
1.878
0.000
0.000
0.000
0.000
0.016
2.041
0.086
0.387
1.857
0.000
0.000
0.002
0.682
0.101
0.000
0.118
0.630
2.866
1.244
0.097
0.011
0.000
0.000
0.000
0.048
2.212
7.114
0.103
6.092
13.634
0.000
6.963
15.912
2.240
0.000
0.000
0.042
0.086
0.000
0.000
0.027
1.094
0.040
0.000
0.000
0.010
0.011
0.000
0.000
0.000
0.000
0.013
1.054
7.559
10.791
0.000
0.000
0.000
0.000
0.463
1.074
0.000
0.000
0.000
0.143
0.696
16.662
1.027
0.005
0.754
7.289
0.363
0.004
0.000
0.746
7.395
6.663
0.863
0.000
0.000
0.000
0.294
2.820
0.092
0.224
3.975
24.589
21.673
4.926
0.854
0.001
0.005
0.000
0.000
0.254
1.942
0.498
0.015
0.007
2.008
2.423
0.079
0.021
0.032
0.080
0.000
0.000
0.000
0.000
0.000
2.085
9.720
12.348
0.119
0.000
0.068
0.000
2.135
0.373
1.696
8.607
0.110
0.000
0.100
2.066
0.000
0.000
0.000
0.000
0.000
0.181
0.001
0.000
0.000
0.000
0.000
8.244
2.037
0.938
0.000
0.000
0.000
0.000
0.000
0.000
0.000
0.000
0.000
0.090
3.445
0.395
1.139
1.005
0.000
0.000
0.000
0.075
0.430
1.584
0.944
0.110
0.000
0.010
0.037
1.905
2.064
0.496
0.001
0.340
0.000
0.499
0.027
0.234
0.847
1.774
0.828
2.024
0.000
0.001
0.004
4.146
0.395
0.007
0.009
0.016
0.000
0.001
0.068
0.124
5.125
1.518
0.000
0.000
0.000
0.252
1.627
0.097
0.234
0.000
0.000
0.044
0.000
0.000
0.000
1.183
0.249
0.000
0.000
0.000
2.045
0.930
0.000
0.000
0.000
0.000
0.000
0.045
1.257
0.000
0.000
0.004
0.429
0.008
0.000
0.000
0.047
1.288
0.000
0.000
2.187
8.508
0.944
0.000
0.000
0.000
0.000
0.000
0.000
0.000
0.067
0.000
0.000
0.000
0.000
0.000
0.000
0.000
0.000
0.000
9.617
2.429
0.024
0.080
0.419
1.980
3.240
16.205
1.956
10.111
5.163
0.006
0.000
0.155
3.400
0.036
0.000
1.805
4.059
2.291
0.149
0.187
3.228
1.162
1.695
0.035
0.000
0.000
0.000
0.000
0.000
0.000
0.000
0.000
0.000
0.000
0.276
3.807
13.225
11.134
9.468
2.376
0.176
18.929
28.057
20.360
24.166
0.980
4.471
16.241
3.450
0.181
0.983
1.009
1.170
2.408
3.361
1.058
0.000
0.000
0.000
0.000
0.000
0.409
2.094
0.565
0.941
0.000
1.920
27.767
4.550
6.351
2.307
1.076
8.505
1.759
0.318
0.000
0.000
0.020
0.001
0.000
0.000
1.068
3.122
1.232
13.351
5.967
0.001
0.000
1.167
7.511
4.955
7.838
3.840
2.673
6.316
4.944
1.107
3.138
1.121
0.525
11.040
9.083
3.976
0.000
0.824
2.654
0.285
5.532
28.471
0.014
0.629
2.149
0.000
0.461
1.505
16.448
0.000
2.592
13.077
0.053
0.744
1.305
0.898
2.097
0.000
0.000
19.621
0.078
0.003
0.266
0.758
0.119
6.859
6.648
4.365
14.356
31.073
0.030
0.820
4.313
0.000
7.223
1.122
0.540
0.000
0.396
17.717
1.626
0.000
0.000
0.000
0.000
0.000
2.034
4.943
0.000
0.914
3.963
12.660
4.474
1.130
1.025
2.963
1.262
0.663
2.009
10.098
2.558
1.368
0.077
0.000
0.010
0.169
1.934
0.164
0.011
0.000
0.229
0.499
7.744
27.907
0.750
0.000
0.000
0.000
0.000
0.000
0.000
0.000
0.000
0.390
5.839
9.409
0.000
0.000
0.000
0.000
0.002
0.122
0.304
0.047
0.021
0.404
1.012
0.005
0.001
0.001
0.000
0.000
0.000
0.000
0.000
0.000
1.515
10.060
0.000
0.000
0.001
0.000
0.000
0.000
0.000
0.000
0.000
0.000
0.000
0.000
0.000
0.000
0.000
0.000
0.000
0.000
0.000
4.591
0.967
0.000
0.094
0.637
0.382
0.000
0.000
0.000
0.000
0.000
0.000
0.000
0.000
0.000
0.000
0.000
0.000
0.000
0.000
0.000
0.040
0.091
0.460
0.083
0.088
0.784
0.115
0.000
0.000
0.476
0.613
0.000
0.112
0.231
0.717
0.000
0.118
2.026
0.000
0.000
0.195
0.230
0.000
0.000
0.000
0.303
0.531
1.552
0.000
0.000
0.000
2.292
0.654
0.212
2.503
0.009
0.000
0.000
0.149
0.669
1.053
1.453
0.000
0.000
0.097
0.009
0.000
0.000
0.000
0.000
0.000
0.000
0.000
0.000
0.000
0.211
0.295
0.000
0.088
0.000
0.000
0.000
4.237
1.010
0.791
1.221
0.621
3.027
6.859
0.072
0.069
0.000
0.000
0.000
0.306
0.637
5.512
1.982
8.209
0.575
0.603
0.000
0.000
0.000
0.000
0.000
0.000
0.019
0.656
10.456
13.126
0.000
0.000
0.000
0.000
0.008
6.967
0.000
0.000
0.000
0.000
0.000
0.000
0.000
0.027
7.199
2.786
0.144
0.678
0.008
0.000
0.000
0.000
0.000
0.531
5.720
0.286
1.867
4.679
0.000
0.062
0.768
0.321
4.730
0.003
0.308
0.001
0.267
0.779
1.401
0.001
0.658
9.932
0.595
0.000
0.000
0.000
0.000
0.000
0.000
0.179
0.000
1.407
3.299
0.000
0.000
0.000
0.000
0.000
2.692
36.429
0.049
1.015
4.488
1.059
0.659
0.235
1.438
7.424
0.000
0.000
0.000
0.277
2.599
2.600
0.032
0.017
0.004
0.000
4.151
14.809
0.177
2.141
0.167
0.951
0.174
0.899
9.730
2.891
0.000
0.000
0.000
0.005
0.435
0.004
0.000
2.654
21.916
5.782
19.774
1.328
5.214
3.065
6.146
1.481
2.763
2.310
0.219
2.023
9.352
0.236
1.894
1.361
0.309
0.154
2.427
0.112
0.000
6.731
3.120
6.703
13.216
23.841
1.654
0.142
5.637
0.000
0.031
0.000
0.245
0.000
1.382
2.193
1.863
0.000
0.000
0.051
0.060
8.840
19.506
0.718
0.024
0.000
0.000
0.623
3.053
0.000
0.002
0.071
0.628
2.322
0.717
1.494
3.502
0.054
0.094
0.793
1.337
5.479
12.416
2.518
7.650
0.012
0.000
1.844
6.480
0.260
0.007
0.345
0.748
1.658
0.012
0.353
0.378
2.066
11.097
2.702
1.044
0.626
0.280
0.059
2.559
6.065
1.101
1.684
0.194
0.043
0.000
0.163
1.180
0.091
0.386
0.000
0.006
0.415
0.347
0.612
3.427
6.616
0.001
0.250
0.000
0.004
0.075
0.000
0.000
0.070
0.783
0.067
0.036
2.609
0.761
0.167
0.000
0.000
0.000
0.000
0.119
0.541
6.738
1.944
0.711
0.000
0.000
0.000
0.000
0.000
0.000
0.224
0.472
4.825
6.533
5.375
0.448
0.166
4.926
5.378
22.568
10.062
0.420
0.000
0.000
13.971
22.228
2.662
0.043
0.000
0.119
5.941
7.907
1.314
0.000
0.160
0.232
0.151
1.380
1.800
0.001
0.000
0.039
0.000
0.000
0.000
0.169
0.699
3.671
0.010
0.000
0.000
0.000
0.174
0.000
0.506
1.507
0.066
0.318
0.295
0.083
0.000
0.046
0.146
0.001
1.453
0.572
3.924
0.896
0.001
0.583
0.000
0.000
0.000
0.127
0.000
0.296
3.183
4.775
0.044
0.671
0.026
0.022
0.628
0.000
0.000
0.022
0.000
0.014
0.000
0.000
0.000
0.129
0.012
1.055
1.377
0.464
0.000
0.835
0.000
0.000
0.000
0.001
0.002
0.019
0.000
0.407
0.216
0.000
0.000
11.140
3.372
0.276
0.000
0.569
0.717
0.151
0.004
0.561
4.706
3.483
0.090
0.000
2.030
0.164
0.009
0.000
0.000
0.000
0.000
0.000
0.000
0.000
1.301
0.781
6.992
10.924
6.652
0.000
0.000
0.000
0.000
0.000
0.000
0.000
0.000
0.000
0.001
0.000
0.000
0.000
4.975
4.283
0.001
0.000
0.000
0.000
0.000
0.452
0.205
1.264
0.000
0.000
0.000
0.000
0.000
0.000
0.000
0.169
0.023
3.676
0.070
0.763
0.000
0.236
2.454
4.725
38.794
8.182
0.105
2.419
6.601
16.937
1.181
1.061
1.390
1.035
0.179
0.000
0.022
1.292
2.203
12.255
51.112
4.500
0.045
0.000
0.050
0.081
0.397
7.504
3.245
2.495
0.000
0.000
0.842
9.908
10.452
0.659
0.266
0.236
0.000
0.005
0.033
0.070
0.895
3.147
0.000
0.000
0.025
6.385
25.291
12.370
13.340
0.908
4.696
11.001
1.066
0.000
0.223
0.000
0.000
3.114
5.150
0.028
0.077
0.500
0.403
0.728
0.881
5.651
9.792
6.333
10.069
16.836
59.436
7.876
3.928
0.777
19.142
0.707
1.655
4.276
0.064
0.000
0.000
0.033
0.016
0.008
0.497
1.876
0.042
0.000
0.510
1.266
0.010
0.000
0.375
0.683
0.000
0.000
0.000
0.000
0.001
0.000
0.491
1.805
7.592
2.674
13.978
2.016
0.650
0.513
0.059
2.542
0.000
1.272
0.000
3.269
24.610
0.011
0.168
0.623
7.462
0.000
0.000
0.000
0.010
0.000
0.030
1.035
0.792
0.000
0.000
0.000
0.000
0.000
1.313
4.775
2.135
15.149
0.773
0.001
0.000
0.000
0.000
0.000
0.000
0.597
4.807
0.089
3.173
15.419
0.280
1.126
2.118
0.000
0.020
0.000
1.286
14.971
8.377
1.681
2.891
0.000
0.000
0.000
0.525
1.750
0.248
0.163
0.010
1.937
1.916
3.831
1.827
4.919
0.463
0.000
0.000
0.000
0.000
0.000
0.015
0.000
0.146
0.192
0.000
0.000
0.066
0.000
0.268
2.257
19.051
3.744
0.208
6.156
3.278
2.589
0.780
0.017
0.050
0.070
0.029
0.000
0.548
4.150
4.125
2.233
0.391
0.044
0.000
0.021
0.183
0.652
0.000
0.000
0.000
0.000
0.000
0.000
0.229
0.801
0.000
0.000
0.363
0.352
9.285
0.022
0.002
0.000
0.078
0.117
0.388
0.000
0.000
0.000
0.000
7.833
12.669
4.436
13.269
5.088
1.965
0.000
0.000
0.000
0.053
0.000
3.567
0.547
0.000
0.000
0.000
0.000
0.000
0.000
0.000
0.000
0.000
0.000
0.000
0.000
0.000
0.000
0.000
0.528
6.781
0.279
0.000
0.657
0.000
0.101
0.000
0.000
0.000
0.000
0.000
0.000
0.000
0.012
0.000
0.000
0.000
0.000
0.000
0.000
0.000
0.000
0.073
0.103
0.032
0.148
0.000
0.000
0.000
0.000
0.001
0.000
0.000
0.001
0.000
0.000
0.000
0.025
0.995
0.013
0.000
0.000
0.000
0.000
0.000
0.000
0.000
0.000
0.483
2.728
0.000
0.000
0.000
0.000
0.000
0.031
0.000
0.000
6.321
4.157
0.215
0.000
0.144
4.539
6.542
0.282
0.000
0.000
0.000
0.000
0.000
0.010
0.101
0.645
0.002
7.697
12.309
1.196
0.062
0.000
0.073
0.016
11.025
0.000
0.000
0.057
2.268
0.082
1.258
0.000
0.000
0.000
0.000
0.000
0.000
0.974
0.995
0.084
0.018
0.064
4.758
0.191
0.000
0.000
0.000
0.000
0.000
0.000
9.810
19.459
1.883
0.213
2.343
0.206
0.000
6.321
6.090
0.080
0.000
0.000
3.043
0.015
0.051
0.036
0.000
2.900
7.143
2.507
0.364
0.467
0.000
0.000
1.774
3.227
1.519
1.040
5.714
12.321
0.169
0.089
10.231
1.102
0.458
5.095
0.000
0.020
0.000
0.000
0.000
0.000
0.000
0.000
0.000
0.000
0.050
0.000
0.020
0.210
0.305
0.000
0.000
0.035
2.526
0.000
0.011
0.000
1.836
2.114
0.000
0.008
1.399
0.000
1.296
2.046
3.682
0.001
0.553
0.000
36.001
8.086
3.546
3.691
34.112
16.073
0.850
0.237
0.000
0.000
0.000
0.000
0.000
0.000
0.014
0.000
0.000
0.000
17.348
75.351
0.027
31.280
28.278
0.000
0.000
0.000
0.000
0.000
0.000
12.646
1.647
0.002
11.635
7.513
0.000
2.220
3.171
0.953
0.096
12.199
1.630
0.130
0.070
6.812
0.244
0.018
12.385
0.000
0.000
0.323
1.153
0.026
2.404
1.247
24.050
0.086
0.000
7.509
6.922
23.289
0.002
0.000
0.000
7.926
0.035
0.000
0.001
0.000
0.000
0.000
0.000
22.677
1.437
0.274
7.864
15.773
1.736
0.000
0.046
2.686
0.000
0.002
1.307
18.290
0.000
0.000
0.000
0.000
0.000
0.000
0.000
0.000
7.728
0.001
0.000
0.114
5.577
6.111
0.809
5.178
0.000
0.291
5.378
0.947
0.983
0.144
0.000
23.280
11.405
6.048
9.478
0.101
0.000
0.448
0.008
8.229
0.090
0.033
0.003
0.000
0.058
5.379
1.389
0.111
7.334
0.217
0.000
0.000
0.295
0.293
0.000
0.535
3.325
1.834
0.000
0.000
0.000
0.000
0.015
0.229
0.608
0.000
0.000
0.000
0.602
0.401
0.136
0.003
0.700
0.000
0.000
0.000
0.000
0.000
0.011
1.371
0.000
0.006
0.000
0.010
0.000
0.000
0.000
0.000
0.000
0.000
0.000
0.000
0.453
0.000
0.000
0.000
0.000
0.000
0.000
0.000
0.000
0.000
0.000
0.000
0.157
0.000
3.688
1.167
1.407
0.222
0.000
0.016
0.000
0.000
0.000
0.000
0.992
0.477
0.000
0.000
0.000
0.000
0.000
0.113
0.173
0.010
0.000
0.000
0.094
0.050
0.000
0.000
0.000
0.039
0.000
0.000
0.000
0.142
0.000
0.004
0.000
0.000
0.003
0.003
0.038
0.000
0.858
0.033
0.016
0.089
1.729
0.001
0.000
3.590
0.000
0.000
0.007
0.000
0.023
0.000
0.000
0.179
0.000
0.011
0.000
0.000
0.000
0.000
0.627
0.003
0.000
0.004
0.042
0.000
0.000
0.000
0.000
0.000
0.000
0.017
0.000
1.555
0.271
0.000
0.000
2.276
1.079
0.000
0.000
0.000
0.000
2.217
0.000
0.000
0.000
0.000
0.284
0.003
0.009
0.955
0.157
0.011
0.013
0.000
0.028
2.268
4.300
0.094
0.000
0.000
1.328
4.246
0.000
1.627
0.272
0.000
0.000
0.000
0.000
0.000
0.000
0.000
0.000
0.000
0.000
32.702
15.551
0.342
16.040
6.900
7.452
0.000
0.000
0.000
0.021
0.000
0.754
0.049
0.000
0.000
0.000
0.000
0.000
0.036
12.630
8.882
0.536
0.000
20.303
7.643
5.864
0.528
0.000
2.459
0.482
0.011
0.000
0.000
18.247
7.372
0.000
2.997
0.301
0.000
0.000
0.000
0.036
3.168
0.003
0.337
2.366
0.000
0.000
0.127
0.873
0.368
3.758
8.435
0.608
6.126
21.889
2.199
1.070
0.038
0.000
0.000
0.548
8.808
5.875
0.000
0.000
0.034
9.003
65.375
21.074
18.573
8.386
1.799
4.346
11.945
0.000
0.000
0.000
34.132
4.634
0.011
0.000
12.200
0.000
0.041
22.277
2.078
3.170
0.000
0.055
1.332
0.016
0.173
0.000
0.078
6.673
0.053
1.537
0.000
0.000
0.000
0.021
0.030
0.000
1.769
3.531
7.683
0.704
0.660
4.801
0.478
0.169
0.916
1.705
0.026
0.000
0.202
5.380
0.000
0.000
0.000
0.000
0.000
0.000
0.000
0.105
0.000
0.888
0.011
1.129
1.467
1.755
0.693
0.000
4.843
4.267
0.000
0.000
0.000
0.003
0.000
0.000
0.000
0.000
0.000
0.000
0.000
1.641
19.087
32.479
0.248
0.107
0.000
0.000
0.000
3.104
9.901
0.003
0.172
3.181
0.569
0.127
0.130
0.248
0.376
0.161
1.174
0.724
0.000
0.000
0.000
0.000
0.000
0.000
0.000
0.000
0.000
0.000
0.000
15.930
0.000
0.000
0.000
0.000
0.000
0.000
0.000
0.000
0.027
0.438
0.019
1.021
0.691
0.092
0.011
8.258
2.641
2.653
4.037
0.050
0.000
0.072
5.512
0.736
0.000
0.000
0.000
0.000
0.000
0.030
1.048
0.120
0.000
0.014
0.341
0.270
2.029
0.000
0.000
0.000
0.145
5.539
9.937
0.000
0.000
0.000
0.000
0.000
0.000
0.000
0.000
0.008
0.014
0.062
0.000
0.000
0.000
0.000
0.000
0.000
0.000
0.000
0.000
0.000
3.282
0.250
0.697
0.000
0.000
0.000
0.000
0.296
0.000
0.000
0.000
0.207
0.651
0.863
0.764
0.029
0.000
0.000
0.000
0.004
0.070
0.000
0.000
0.000
0.000
0.000
0.000
0.258
0.000
1.606
0.000
0.000
0.000
0.000
0.000
0.006
0.093
0.148
1.990
0.101
0.808
9.782
2.742
0.001
0.000
0.000
0.000
1.249
2.658
0.448
0.000
0.891
1.760
0.084
0.015
4.529
0.004
0.627
1.549
0.000
0.000
0.000
0.085
0.000
0.000
1.978
4.611
0.154
0.167
1.926
0.000
0.000
0.000
0.000
0.000
0.085
2.400
0.386
0.027
2.186
1.331
3.057
2.147
0.070
0.896
0.115
0.998
0.000
0.078
0.288
0.003
0.000
3.113
1.123
0.000
0.000
0.000
0.000
0.000
0.000
0.201
7.196
0.178
7.194
0.614
0.037
0.000
0.000
0.000
0.000
0.000
0.005
0.076
0.014
0.041
0.000
0.000
0.000
0.000
0.000
0.004
0.050
0.088
0.000
6.028
3.688
0.000
24.478
0.027
0.000
0.101
2.651
0.185
0.090
0.928
0.918
0.174
0.000
0.000
0.000
0.004
0.089
0.042
0.000
0.019
0.020
0.032
0.000
2.377
7.952
0.000
0.000
2.180
18.972
0.143
0.003
0.964
0.283
1.838
2.594
3.421
4.231
0.366
6.741
0.001
1.914
7.725
11.770
4.982
0.254
0.000
0.000
5.160
3.628
0.000
2.622
5.674
0.022
1.633
9.242
1.819
2.798
1.639
4.677
0.232
0.110
0.000
0.000
0.013
0.049
3.882
7.445
0.051
0.043
1.817
2.720
0.000
0.000
0.067
0.003
2.380
9.560
1.119
7.543
18.796
0.873
0.862
0.000
31.629
0.362
8.558
0.000
0.000
1.274
0.000
0.000
0.640
0.309
0.000
1.161
0.010
0.000
0.000
0.000
0.000
0.086
9.315
5.345
8.009
0.075
11.280
0.480
0.010
0.000
0.052
6.127
2.650
4.952
1.657
2.446
0.002
0.000
0.186
0.000
0.325
0.832
0.116
0.033
0.119
0.000
2.516
0.232
1.924
0.618
6.805
0.560
0.087
0.113
9.923
0.919
0.953
0.000
0.000
0.000
24.293
52.006
0.000
0.000
0.000
0.000
4.922
0.011
0.001
3.738
9.511
23.716
0.014
0.000
0.000
0.000
13.963
7.824
3.122
8.636
0.022
0.000
0.000
0.000
0.000
0.128
22.157
5.998
0.000
0.000
0.000
0.000
0.001
0.083
0.011
0.000
0.009
0.022
1.956
1.256
1.322
2.875
0.000
0.574
0.019
1.622
0.000
1.074
8.137
7.135
0.016
0.001
0.037
0.889
6.576
8.515
2.161
0.444
1.618
0.056
0.000
0.000
0.000
0.000
0.000
0.025
0.000
0.000
0.000
0.000
0.000
0.007
0.002
0.078
0.000
0.067
9.151
0.000
0.000
0.000
0.000
0.020
0.349
1.521
0.504
0.191
0.010
0.000
0.207
0.006
0.369
0.053
2.296
0.766
0.000
0.186
7.229
0.000
0.225
0.048
0.000
0.000
0.000
0.000
0.000
0.000
1.246
1.036
0.017
0.000
0.000
0.000
0.013
0.700
0.000
0.000
0.544
5.208
0.717
8.124
0.000
0.000
0.000
0.000
0.000
0.000
0.405
3.994
0.000
5.604
3.364
0.000
0.000
0.000
0.000
0.000
2.463
1.904
2.241
9.059
0.017
0.000
0.002
0.227
0.000
0.054
4.147
0.000
0.000
0.000
0.000
0.000
0.000
0.000
0.000
0.000
0.000
0.101
0.022
0.185
0.000
0.224
6.494
0.000
0.000
0.000
0.000
0.103
4.266
1.843
0.249
0.000
3.142
1.168
0.000
0.000
0.217
0.000
0.000
0.000
0.000
0.000
0.000
0.126
0.000
0.000
2.180
0.330
0.286
0.000
0.001
0.000
0.181
0.003
0.000
0.000
0.000
0.000
0.000
0.000
0.001
0.000
0.000
0.000
0.000
0.000
2.276
22.060
0.110
0.045
0.003
0.000
0.000
10.635
0.000
0.000
0.000
1.936
21.289
4.979
0.523
0.000
0.167
2.124
0.061
0.006
0.500
7.285
0.000
0.000
0.048
0.000
0.000
1.994
1.659
0.119
0.001
0.011
0.088
0.029
0.000
0.000
0.047
3.381
0.000
1.048
2.166
5.205
0.320
0.005
6.838
2.454
2.736
0.088
0.000
4.577
14.278
0.339
1.113
0.261
0.208
0.000
13.133
31.461
2.773
5.128
1.224
1.882
0.025
0.681
1.622
0.000
1.166
22.357
5.709
5.955
24.232
0.015
4.366
4.025
16.823
0.712
26.266
2.662
0.000
0.000
0.000
0.000
6.539
15.177
0.000
0.000
3.086
0.000
0.000
0.222
1.833
0.000
42.140
1.864
0.132
3.269
0.212
0.493
0.291
0.021
2.200
0.001
0.000
0.000
0.518
1.923
0.000
0.000
4.917
0.010
0.284
0.000
0.067
0.000
0.000
0.002
2.208
0.002
22.639
0.000
7.816
0.118
0.000
0.000
0.017
0.013
2.626
7.984
0.000
0.000
0.000
0.000
21.339
4.061
0.013
0.456
0.000
0.006
0.000
0.062
9.717
0.632
2.917
4.213
0.152
0.000
0.000
0.000
0.000
23.575
0.014
0.001
0.000
0.000
0.029
0.990
0.000
0.258
7.870
0.788
17.991
0.000
0.013
0.000
0.026
0.017
0.136
45.002
0.005
0.332
0.092
0.239
0.306
5.835
4.353
0.000
0.017
0.000
0.183
6.302
15.148
0.000
0.117
0.008
0.000
0.000
0.000
0.046
1.197
74.669
5.836
0.006
0.000
0.000
0.000
0.000
0.000
5.963
0.207
0.000
0.000
4.204
0.063
0.000
0.000
0.032
0.019
0.118
0.248
0.000
0.001
0.000
0.000
0.000
3.066
0.519
0.095
0.046
0.000
0.316
0.040
0.000
0.125
0.000
0.269
0.000
0.000
0.000
3.145
8.585
2.989
4.856
0.341
0.460
0.429
0.000
0.066
0.000
0.391
0.039
0.033
0.058
0.018
8.482
20.450
0.272
0.626
0.049
0.000
0.680
0.008
0.000
0.000
0.000
0.000
0.007
0.002
0.005
0.008
5.109
4.867
1.716
0.056
0.000
0.009
0.000
0.000
0.000
0.563
0.168
0.000
0.000
0.000
0.001
0.000
9.010
2.204
0.000
0.000
0.000
0.355
0.258
0.000
0.018
0.547
0.855
0.000
0.000
0.000
0.000
0.000
0.000
0.000
0.453
0.000
0.226
3.385
0.000
0.000
0.000
0.019
0.000
0.000
0.413
0.000
0.154
0.101
0.000
6.615
0.405
1.261
0.003
0.000
0.000
0.000
0.000
0.341
2.747
0.768
0.021
0.049
0.000
0.000
0.000
0.000
0.000
0.000
0.000
0.022
1.461
0.154
0.025
1.290
0.000
0.116
0.000
0.000
2.026
0.052
0.127
1.742
2.949
0.329
5.910
0.000
0.036
0.272
0.107
0.809
0.000
0.000
0.137
0.001
0.000
0.000
0.000
0.000
0.000
0.028
0.000
0.000
0.000
0.000
0.000
0.000
0.371
8.704
1.039
1.081
6.724
0.000
0.000
0.000
0.000
0.000
0.000
0.000
0.163
6.258
0.264
0.324
0.127
0.015
0.000
0.000
3.535
1.193
1.179
0.406
0.000
0.000
0.003
0.000
0.000
0.275
17.727
20.636
10.707
5.432
4.212
0.005
0.000
0.000
0.000
0.000
1.837
7.801
17.788
1.608
8.429
2.478
0.534
0.315
0.093
0.102
0.515
0.161
0.121
0.010
0.000
0.007
1.200
1.801
0.000
0.000
0.002
4.377
0.027
1.132
2.909
0.019
0.000
0.106
6.970
0.000
0.000
0.691
7.591
0.066
0.615
0.000
0.000
0.064
0.026
3.404
9.841
0.003
0.000
0.226
0.000
0.000
3.385
4.645
0.007
7.640
1.444
0.000
0.041
6.185
0.006
5.182
0.000
0.000
0.000
0.000
2.028
0.855
0.000
0.000
0.000
0.000
3.742
0.000
2.227
0.138
0.000
0.221
1.147
1.232
0.273
0.196
0.003
0.751
4.620
0.000
0.401
14.606
7.786
0.000
15.138
0.320
0.003
0.269
0.455
0.000
0.000
0.000
0.105
5.367
0.054
0.000
9.710
6.442
0.000
0.000
0.462
0.422
16.357
0.000
0.000
0.000
18.431
0.064
10.697
0.000
0.000
0.000
0.000
0.000
0.000
1.069
1.018
3.345
0.525
0.000
0.000
0.000
0.028
0.010
0.000
0.006
0.000
0.000
0.000
0.137
2.277
3.517
2.605
4.017
0.141
0.005
15.485
11.069
2.745
0.089
0.119
0.812
2.276
1.298
2.934
0.000
0.039
0.000
14.448
0.000
0.000
0.000
0.084
0.139
0.007
5.780
0.225
0.472
0.000
0.000
0.560
12.569
1.117
0.045
0.043
0.309
0.000
0.061
0.011
0.000
0.000
0.000
0.001
0.000
0.000
0.000
0.000
0.001
0.000
0.000
0.000
0.000
0.000
1.546
0.135
0.000
0.000
0.000
1.621
0.000
0.000
0.000
0.000
0.011
0.000
0.000
0.000
0.000
0.000
0.000
0.000
0.000
0.005
2.672
7.758
0.000
0.000
0.000
0.000
0.676
0.036
0.164
0.000
0.000
0.000
0.000
0.000
0.606
0.432
0.000
0.259
0.010
0.000
0.000
0.000
0.000
0.001
2.503
0.000
0.000
0.000
0.000
0.000
0.067
0.453
3.910
21.875
3.957
0.025
0.000
0.000
2.119
0.000
0.000
0.000
0.000
0.000
0.000
0.857
0.000
0.000
0.007
0.000
0.000
0.000
0.019
0.000
0.044
0.473
0.033
0.000
0.000
0.000
0.311
0.009
0.672
0.000
0.010
0.043
0.354
0.124
0.000
0.000
0.252
0.471
0.000
0.000
0.000
0.000
0.000
0.000
0.000
0.000
0.000
0.008
0.000
0.000
0.172
0.000
0.000
0.000
3.548
22.844
2.146
0.563
0.001
2.587
5.061
0.547
1.302
0.012
0.026
2.066
0.000
0.000
0.000
0.000
0.000
0.000
0.000
0.006
0.821
0.000
0.000
0.260
0.000
0.000
0.990
0.000
0.000
7.740
3.016
0.000
3.457
4.150
16.323
8.963
14.763
5.186
5.569
9.782
0.000
0.000
0.000
0.000
0.000
0.000
1.292
0.147
0.000
0.000
0.000
0.001
1.913
0.000
0.000
0.192
5.104
5.054
28.929
0.000
0.000
0.000
0.000
0.000
0.000
0.000
0.056
0.000
0.213
0.000
9.153
2.674
0.671
0.296
0.000
0.000
0.000
0.490
0.000
0.006
0.562
0.115
0.000
0.000
7.872
0.000
0.078
8.954
1.693
0.849
1.073
0.000
0.876
1.183
6.730
11.563
10.619
0.024
17.594
6.519
3.133
0.797
0.090
1.495
1.770
0.000
0.000
5.222
0.134
0.000
0.000
0.022
11.401
0.454
2.038
4.672
0.000
0.002
0.005
0.007
0.000
0.000
0.000
0.943
0.000
0.000
0.000
0.030
5.977
10.601
3.294
0.000
0.000
0.000
0.000
0.298
5.097
0.116
1.063
0.016
5.118
0.281
4.531
0.286
0.000
0.000
0.000
0.000
0.031
2.444
0.004
0.000
0.091
15.434
0.000
0.000
0.000
0.000
0.000
0.402
0.000
0.000
0.018
0.000
0.016
0.000
0.786
0.000
17.827
0.335
0.081
10.047
0.684
0.014
0.000
0.098
3.211
6.931
1.467
0.231
0.073
0.255
0.000
0.000
1.245
23.540
0.000
0.000
0.000
0.054
0.000
0.000
0.384
0.000
0.000
30.180
0.038
1.597
0.000
0.039
0.000
0.016
0.110
0.000
0.000
0.000
4.165
23.674
1.827
24.929
0.902
0.000
0.000
13.606
0.195
11.894
1.031
3.978
6.106
14.425
0.000
6.942
0.000
3.589
3.055
0.090
34.754
5.701
0.846
0.009
0.132
0.008
0.000
0.634
19.525
3.503
12.233
36.663
0.050
0.994
1.683
0.009
0.005
0.000
0.000
0.000
0.000
0.000
0.000
0.004
0.024
0.000
0.000
0.000
1.534
0.181
0.000
0.000
0.614
0.199
0.007
0.000
0.000
1.775
0.019
0.000
0.000
0.021
1.192
0.000
0.000
0.000
0.000
0.000
0.000
0.000
0.053
0.000
0.000
0.001
0.000
16.110
0.022
1.112
8.584
0.148
0.548
0.000
0.000
0.000
0.000
0.000
0.000
0.000
0.000
0.000
0.000
0.000
0.000
0.000
0.000
1.691
1.252
1.931
0.017
0.580
1.008
0.000
0.000
0.003
0.017
0.000
0.000
0.000
0.000
0.000
0.000
0.000
0.006
0.000
0.000
1.514
0.000
0.000
0.075
0.000
0.000
0.000
0.000
0.000
0.000
0.000
0.000
0.000
0.000
0.000
0.000
0.000
0.000
0.000
0.000
0.000
0.000
0.000
0.000
0.249
0.724
0.035
0.000
0.000
0.383
0.173
0.001
0.000
0.000
5.280
0.000
0.573
0.185
0.885
0.017
0.000
0.000
0.000
0.000
0.000
0.000
0.000
0.000
0.127
1.228
0.000
0.000
0.016
0.001
0.619
0.006
0.000
0.000
0.174
0.000
0.006
0.000
5.833
0.000
0.000
0.000
0.018
3.540
0.023
0.000
0.930
3.827
1.183
0.196
0.630
0.000
0.000
0.000
0.267
0.000
0.339
4.824
0.010
0.189
0.000
0.000
4.476
12.443
0.271
0.000
0.000
20.319
4.777
0.002
0.000
0.000
0.000
0.000
0.000
0.000
0.000
0.093
11.250
0.000
0.223
9.670
24.031
6.108
0.000
0.000
0.000
0.055
9.312
5.133
0.000
0.000
0.008
1.895
0.112
0.000
0.000
15.717
0.000
0.015
3.949
0.062
2.557
0.096
0.502
0.000
3.504
0.000
0.000
0.000
0.000
0.418
4.313
0.000
0.000
0.000
18.116
2.032
3.009
1.536
4.219
1.595
4.768
34.351
1.572
0.123
2.059
0.944
8.004
23.692
3.972
0.791
3.274
0.677
0.000
0.000
0.008
0.663
0.019
1.120
0.063
0.033
0.419
0.000
0.055
21.412
1.744
0.000
0.002
1.741
0.000
0.000
0.000
0.002
0.050
1.693
0.000
3.418
15.628
19.552
0.749
0.030
3.168
3.363
4.739
2.566
0.000
18.344
4.656
0.417
0.000
0.832
0.981
0.014
0.000
0.086
4.086
0.036
0.151
0.410
0.000
0.152
3.164
0.000
0.000
1.103
0.000
0.244
0.000
0.343
5.063
6.884
0.766
0.002
0.000
0.000
0.000
0.000
0.000
0.000
0.000
0.145
0.000
0.000
0.076
7.196
9.377
0.153
0.000
0.000
0.000
5.613
4.319
0.000
0.031
0.819
1.904
1.370
0.199
0.000
6.307
12.415
0.109
13.267
6.122
0.000
0.000
0.000
0.000
0.000
0.000
0.000
10.150
3.221
2.300
11.174
9.191
0.110
6.413
0.025
0.000
0.080
0.000
0.142
0.999
25.547
25.129
8.947
0.000
8.544
8.599
7.051
4.212
3.322
0.001
0.000
0.087
0.000
0.000
0.153
0.000
4.105
5.595
1.628
2.644
1.081
1.044
0.000
0.000
0.000
0.000
0.000
0.000
0.000
0.000
5.139
7.388
13.136
0.898
0.000
0.220
0.427
0.850
0.985
0.490
0.000
0.033
0.326
0.000
0.000
0.000
0.000
0.000
0.000
0.012
0.003
0.000
0.000
0.000
0.000
0.348
0.000
0.000
0.000
0.000
0.000
0.500
0.047
2.458
1.246
0.000
0.177
0.000
0.049
4.559
11.771
0.029
0.519
0.027
0.000
2.023
1.866
0.162
3.975
1.630
0.000
0.000
0.000
0.000
0.000
6.137
2.740
0.002
0.000
0.181
5.238
0.000
0.050
0.000
0.000
0.016
0.000
0.676
0.576
0.296
0.165
0.000
0.000
0.006
0.228
0.223
0.109
0.000
0.000
0.000
0.000
0.000
0.000
0.000
0.000
0.590
0.007
0.000
0.000
0.000
0.000
0.000
0.000
0.000
0.000
0.000
0.676
8.722
2.695
0.350
0.014
0.000
0.000
0.000
0.018
1.542
0.000
0.000
2.859
0.000
0.020
0.000
0.000
1.690
9.457
0.000
0.000
0.000
0.000
0.000
0.000
1.938
0.000
0.000
0.000
0.000
9.129
0.000
0.000
0.000
0.000
0.000
0.000
0.000
0.000
0.541
4.105
0.000
33.147
21.469
19.299
1.864
0.031
0.000
0.244
0.000
6.303
15.285
0.929
0.091
0.000
0.000
0.000
0.000
0.000
0.000
0.000
0.000
0.000
0.000
0.000
0.000
0.000
0.000
0.014
0.168
0.535
0.087
0.229
0.000
0.836
0.556
0.089
8.464
0.000
0.074
10.073
0.092
0.026
0.000
0.000
0.880
4.713
0.056
0.000
0.000
0.108
0.004
0.151
3.134
0.601
0.000
16.060
0.000
0.000
0.000
0.003
0.581
0.000
0.018
0.000
0.000
0.000
0.404
0.000
0.397
1.690
0.003
3.245
0.000
0.000
0.000
0.000
0.008
6.813
8.121
3.755
0.057
0.000
0.000
0.163
8.510
0.000
9.525
5.932
0.095
10.631
0.138
0.002
13.261
0.059
4.670
0.162
0.000
9.312
3.908
0.000
0.140
0.045
0.000
0.000
2.895
0.000
0.074
0.000
0.000
0.000
0.177
0.004
0.030
1.220
11.387
45.670
0.000
0.263
0.001
0.000
0.000
18.730
7.637
2.856
10.194
0.113
0.144
3.474
0.442
1.137
4.394
6.963
9.199
0.266
2.544
1.686
0.000
0.000
0.193
1.720
1.039
0.591
0.000
0.000
0.000
0.000
0.126
20.624
1.782
0.113
0.840
13.740
9.031
0.001
0.000
0.000
0.056
0.000
0.000
3.037
0.000
0.000
0.000
0.000
0.000
0.000
0.000
0.000
0.000
0.000
0.202
2.998
0.005
0.348
5.447
0.304
0.007
0.000
0.000
0.000
0.000
0.000
0.000
0.341
3.419
0.001
0.091
0.217
2.503
0.548
4.169
0.009
0.000
4.607
34.507
5.440
2.904
0.294
8.571
9.202
0.000
0.000
1.939
0.010
0.471
1.569
0.000
8.723
1.658
1.138
0.000
0.000
0.958
16.307
12.858
0.000
0.875
7.893
3.625
0.000
0.000
4.778
15.692
9.986
0.113
1.420
0.125
1.999
0.379
0.000
0.000
0.292
2.267
0.000
0.000
0.000
0.000
9.605
1.937
0.000
0.000
0.000
0.000
0.000
0.000
0.306
1.687
1.541
0.816
0.006
0.000
0.000
0.081
0.000
0.000
0.000
0.000
0.100
0.039
0.024
0.000
0.082
3.236
0.000
0.000
0.000
0.855
4.137
0.000
0.003
0.000
0.002
0.000
0.701
0.021
0.000
0.000
9.606
13.106
7.711
5.045
0.151
0.000
0.012
0.004
0.000
0.000
0.000
0.000
0.000
0.000
0.000
0.000
0.000
0.000
0.000
0.000
0.000
0.000
0.000
0.000
0.000
0.000
0.000
0.000
0.000
0.334
6.140
8.407
4.450
0.828
0.000
0.000
0.000
0.000
0.000
0.035
0.586
0.040
0.000
2.187
0.627
0.969
3.014
0.926
0.056
0.000
0.000
0.000
0.011
0.398
0.000
0.000
0.000
0.000
0.000
0.000
0.000
0.545
0.000
0.000
0.000
0.000
0.000
0.000
0.000
0.000
0.000
0.000
0.000
0.057
0.000
0.058
4.272
7.798
8.599
3.784
0.124
0.262
0.557
0.022
0.000
0.004
0.000
0.000
0.000
0.000
0.000
0.000
0.000
0.185
0.162
0.000
0.000
0.000
0.007
0.001
0.623
1.510
0.060
0.000
0.000
0.000
0.000
0.000
0.000
0.028
6.171
0.433
0.313
0.000
0.000
0.000
0.000
0.000
0.000
0.000
0.001
2.492
9.331
0.230
0.000
0.023
1.644
6.264
7.954
0.908
0.000
0.325
1.023
2.567
2.771
15.323
0.020
0.000
24.591
7.195
6.038
8.516
0.016
0.000
0.000
0.000
0.000
0.000
0.000
0.168
2.298
4.083
0.000
0.370
0.000
0.000
0.000
0.006
0.037
0.133
0.000
0.000
17.869
0.213
4.332
4.353
2.461
10.027
0.666
5.697
8.981
1.720
0.319
4.088
9.992
0.004
5.396
0.000
0.002
1.730
2.323
1.022
4.475
3.315
13.181
1.606
1.074
0.000
0.000
0.000
0.000
0.000
22.891
1.265
0.931
0.571
0.000
0.013
1.642
4.717
0.333
0.000
3.180
22.007
0.008
0.000
26.869
0.000
0.764
0.246
0.071
0.814
3.237
2.891
0.047
5.427
31.481
0.000
0.002
4.081
0.000
15.496
0.000
0.000
0.269
0.043
0.002
6.657
0.134
0.000
10.337
0.000
26.859
4.175
0.663
0.000
0.000
9.037
3.565
22.654
1.210
0.000
0.000
12.062
0.000
0.000
0.000
0.000
0.000
0.000
18.121
0.000
13.912
3.552
0.562
0.000
2.882
26.487
0.351
0.007
1.939
9.807
0.000
0.000
0.317
0.902
17.357
1.147
0.164
0.000
0.000
0.000
0.000
1.075
16.717
0.940
0.277
0.004
0.025
0.008
0.905
0.341
0.619
0.000
0.000
0.000
0.000
0.000
0.000
0.000
0.215
0.000
0.000
0.000
0.000
0.000
0.000
0.000
0.000
0.000
0.000
0.008
0.000
0.864
16.675
15.675
26.163
32.586
4.553
0.818
0.000
0.000
0.000
0.000
0.047
0.000
0.000
0.000
0.000
0.000
0.000
0.000
3.247
0.076
0.358
5.464
0.265
0.001
0.000
0.000
0.000
0.000
0.362
1.131
1.192
0.060
4.223
0.000
0.000
0.000
0.555
10.053
2.377
0.000
0.000
2.511
0.000
0.373
0.000
0.000
0.271
0.457
0.526
0.281
0.000
0.000
0.000
0.000
0.000
0.000
0.000
0.135
8.175
1.172
0.000
1.930
0.012
0.000
0.012
0.000
0.000
5.808
18.230
2.913
0.000
0.066
0.128
0.078
0.017
0.495
0.385
0.378
0.000
1.779
0.443
0.106
1.319
3.834
0.064
0.428
0.000
0.000
0.220
0.000
0.570
0.000
0.147
0.000
0.000
0.812
0.002
1.051
0.074
2.612
2.281
0.000
0.000
0.000
0.090
0.000
0.179
0.000
0.000
0.000
0.000
0.000
0.112
0.005
0.000
0.000
0.000
0.000
0.000
0.000
7.763
2.134
0.000
0.537
0.000
0.002
0.593
0.000
0.000
0.000
0.000
0.000
0.000
0.168
3.191
0.033
0.005
0.000
0.000
1.804
0.021
0.001
0.000
0.398
0.000
0.570
0.000
2.301
0.853
1.709
17.907
4.802
0.000
0.000
0.000
0.000
0.000
0.000
0.000
2.873
0.394
3.108
1.227
0.018
0.044
0.125
0.000
0.000
5.526
2.678
0.000
0.584
0.010
0.226
3.795
1.743
0.000
0.000
0.854
0.487
1.285
12.442
0.015
0.000
0.565
5.776
5.978
0.012
10.124
11.931
0.002
0.053
0.000
12.676
4.807
0.070
0.511
8.666
1.031
0.042
0.000
0.435
1.695
2.012
0.000
0.000
0.000
0.000
0.013
16.120
23.637
14.578
0.023
0.000
0.744
0.018
14.027
0.005
7.268
17.034
0.057
0.081
1.367
0.126
0.000
0.000
0.052
0.000
0.007
0.405
0.294
0.005
0.002
1.898
12.472
13.928
0.303
10.275
0.780
0.156
2.036
15.171
14.295
0.378
0.000
0.003
1.716
1.088
0.000
0.000
0.000
5.524
0.000
0.000
10.455
0.000
0.640
0.000
3.094
1.523
16.147
0.000
0.000
6.557
8.045
7.356
0.200
0.320
1.444
12.858
0.000
1.566
18.254
7.773
0.179
0.000
26.537
0.004
0.011
1.759
9.763
0.309
22.778
0.793
0.000
0.000
0.000
42.157
0.000
0.055
0.194
0.949
0.006
13.705
2.500
0.341
0.009
13.269
0.000
1.489
0.044
3.247
0.282
4.421
0.264
0.000
0.007
0.000
0.004
0.001
0.000
4.238
0.955
3.117
0.370
0.013
0.284
0.036
0.000
0.000
0.000
0.000
0.000
0.000
0.000
0.093
0.229
0.000
0.000
0.932
4.754
0.407
7.172
1.512
0.065
0.000
0.000
0.059
0.054
0.000
0.026
2.673
0.000
0.000
0.000
0.000
0.000
0.002
0.000
8.603
2.305
1.070
2.807
3.208
5.810
0.065
0.000
0.000
0.000
0.000
0.000
0.000
0.000
0.094
1.991
3.996
0.568
1.487
0.170
0.034
0.000
0.003
0.408
0.134
0.051
0.000
0.000
0.000
0.001
0.000
0.000
0.028
0.000
0.000
0.000
0.000
0.000
1.707
1.488
0.006
0.000
0.738
2.707
0.032
0.000
0.000
0.000
0.000
1.388
1.147
0.059
0.000
0.000
0.304
0.000
0.000
0.000
0.000
0.000
0.010
0.000
0.000
0.000
0.000
0.000
0.000
0.883
0.174
0.000
0.000
0.000
0.000
0.000
0.000
0.020
0.009
0.372
0.000
0.000
0.000
0.000
0.736
1.203
1.182
0.565
0.009
0.000
0.000
0.000
0.000
0.000
0.000
0.000
0.000
0.948
0.295
0.000
0.260
0.576
0.000
0.031
0.000
1.019
0.000
0.000
0.148
2.012
1.540
0.374
0.035
0.285
2.907
0.000
0.552
0.000
0.000
0.000
0.000
0.000
0.000
0.000
0.000
0.000
0.000
0.000
0.000
0.000
0.000
0.022
0.580
0.005
0.029
0.000
0.000
0.074
5.027
0.191
0.000
0.099
0.000
0.379
2.061
0.000
10.259
1.809
0.107
0.620
0.026
0.000
0.136
0.000
0.003
0.051
0.000
0.000
2.362
0.727
0.000
0.000
0.000
0.000
0.000
0.635
15.722
2.559
0.907
1.194
0.623
0.000
0.061
0.595
0.000
0.287
3.872
0.016
0.000
0.077
2.670
0.000
0.000
0.000
0.000
0.339
0.000
0.000
0.000
0.000
0.010
10.206
6.176
40.355
0.136
9.326
1.919
0.000
3.177
11.789
0.029
0.054
0.764
0.101
0.000
1.056
0.005
0.245
10.444
10.313
4.318
2.520
0.400
9.187
1.268
0.505
2.182
0.000
0.000
0.008
0.000
0.000
0.000
0.000
0.002
0.361
10.848
23.004
2.690
0.012
6.757
43.627
11.160
0.010
35.119
26.543
5.060
0.199
0.000
0.000
0.000
0.001
0.172
0.000
0.169
3.545
1.115
0.000
0.000
21.031
0.004
0.185
12.789
6.100
0.000
1.188
25.590
10.594
89.962
19.603
3.085
0.015
2.342
0.000
0.000
0.000
0.264
0.000
0.000
0.915
0.189
18.194
0.000
15.860
12.571
9.142
0.000
0.500
0.000
0.062
0.000
0.092
9.289
0.101
0.007
0.556
2.585
6.426
0.000
4.392
0.000
0.000
0.341
34.220
5.392
6.290
0.000
1.233
0.193
0.000
0.083
0.969
0.816
24.139
0.365
0.016
0.000
2.996
5.255
0.088
0.000
0.000
0.036
0.000
0.001
5.630
0.221
0.000
1.634
0.000
0.000
0.098
2.570
1.616
0.006
2.692
0.000
0.153
0.753
0.004
0.080
0.000
0.000
0.000
0.000
0.489
0.229
3.280
0.015
0.000
0.079
0.000
0.620
0.000
0.000
0.000
0.040
1.232
0.472
0.762
1.099
2.104
1.935
0.120
0.003
0.000
0.000
0.000
0.000
0.000
0.000
0.002
0.000
0.000
0.000
0.020
0.213
0.000
0.046
1.205
0.061
0.800
0.000
0.000
0.000
0.036
0.636
0.600
1.998
4.830
0.587
0.000
0.046
5.769
2.629
4.435
3.926
0.000
0.638
0.716
0.000
0.000
0.000
0.000
0.003
0.000
0.011
5.846
1.477
0.089
0.062
1.433
11.659
0.078
0.000
0.000
0.000
0.000
0.000
0.000
0.000
0.000
0.000
0.044
4.592
0.000
0.000
0.174
0.000
0.000
0.129
0.000
0.000
0.000
0.000
0.000
0.000
0.015
0.002
0.247
5.790
6.880
0.000
0.000
0.268
0.006
2.393
12.027
0.000
0.000
0.113
0.000
0.000
0.000
0.000
0.006
0.000
0.021
0.000
1.729
0.628
0.000
0.049
0.000
0.043
0.347
0.000
0.000
0.000
0.000
0.000
0.021
0.001
7.043
2.405
0.089
0.002
0.000
0.026
0.003
1.530
0.039
0.000
0.000
0.000
0.000
0.000
0.343
0.000
0.047
1.810
2.237
0.000
0.098
0.000
0.323
0.378
0.036
0.680
0.019
1.889
0.000
0.038
0.978
15.810
0.000
0.000
2.258
0.000
0.000
0.000
0.004
0.000
0.000
0.000
0.785
0.995
0.000
0.000
0.000
0.000
0.000
0.000
0.000
0.000
0.416
11.662
1.891
0.000
0.000
6.609
15.371
0.037
0.000
0.000
3.421
2.381
5.403
0.000
6.829
0.157
0.000
0.000
0.000
0.000
0.020
0.125
0.000
0.000
0.000
0.062
3.630
0.013
0.000
0.000
0.000
0.000
0.000
0.957
6.605
5.127
0.000
0.000
4.271
15.426
3.127
0.034
9.113
0.369
0.000
5.533
18.123
0.432
0.018
3.643
4.339
0.000
0.106
0.077
0.000
0.000
0.885
1.792
0.000
0.000
0.000
2.427
1.433
0.000
0.001
0.151
4.610
0.143
0.097
0.007
0.030
0.360
0.127
0.000
0.000
27.553
3.659
21.922
18.596
8.003
6.526
0.001
3.020
0.000
0.037
0.020
0.333
10.971
5.307
0.372
0.781
0.000
1.497
23.370
5.908
0.104
0.000
2.334
9.438
0.054
0.153
0.036
0.000
0.018
0.000
0.000
1.643
0.000
7.687
68.474
2.039
11.047
3.472
0.000
0.014
0.382
2.108
14.421
0.000
0.000
0.000
0.000
0.000
0.121
0.357
1.407
0.361
3.420
3.454
0.004
0.041
4.127
11.506
12.934
0.104
0.000
0.000
0.021
0.939
0.248
1.461
0.657
0.010
6.026
4.554
0.408
0.399
0.000
0.164
0.000
0.000
0.000
0.000
0.000
3.202
0.398
5.785
0.507
0.363
0.000
0.011
0.061
0.392
0.000
0.000
0.000
0.000
0.000
0.001
0.000
0.018
0.000
0.000
0.037
0.012
1.541
16.836
0.173
0.019
5.941
0.486
3.781
0.006
0.000
0.000
0.000
0.000
0.000
0.240
28.400
8.532
0.001
0.020
0.000
0.000
27.332
0.000
0.000
0.298
0.809
7.686
0.931
0.001
0.033
0.000
0.013
0.002
0.955
3.020
9.172
0.000
0.000
0.000
17.816
12.234
7.209
13.131
1.197
0.000
0.000
0.000
0.003
12.270
4.098
0.003
29.650
10.229
0.106
4.928
0.996
0.520
7.345
0.003
0.587
0.000
0.000
0.000
0.000
0.000
0.001
1.931
1.978
0.274
0.000
0.000
0.001
1.682
0.135
0.000
0.054
0.719
0.056
0.154
0.036
0.000
0.000
0.000
0.000
2.558
0.349
0.000
0.000
0.000
0.001
0.000
0.000
0.000
0.015
0.000
0.225
0.000
0.000
0.000
1.827
12.972
6.139
9.871
0.000
0.000
0.047
0.895
0.602
0.000
0.169
0.347
0.670
0.496
0.277
2.304
0.004
0.000
2.555
0.051
1.375
2.465
0.118
2.141
0.603
0.052
0.000
0.001
0.000
0.350
0.000
0.000
0.000
0.484
0.035
0.000
0.000
0.000
0.000
0.000
0.019
0.359
0.226
5.007
0.043
0.864
0.005
4.183
0.000
0.171
0.023
1.098
0.000
0.435
0.611
3.002
0.038
0.000
0.000
0.150
0.134
0.287
0.019
0.000
0.000
0.000
0.000
0.000
0.000
0.000
0.000
0.000
0.350
2.170
0.452
0.000
0.376
2.984
4.324
0.000
0.128
15.741
0.404
0.000
0.000
0.000
0.000
0.000
0.000
0.000
0.000
0.000
1.321
0.000
0.000
0.714
0.000
0.000
0.000
0.000
0.000
0.000
0.000
0.129
0.000
0.004
6.188
2.721
0.000
0.587
2.515
0.000
0.000
0.000
0.019
1.910
11.065
0.005
0.000
0.159
8.937
0.169
0.016
4.948
0.009
0.045
0.807
0.000
0.000
0.014
0.929
9.552
0.149
0.000
0.000
1.943
7.724
0.111
0.829
0.096
0.000
0.000
0.061
9.448
8.460
0.045
6.876
15.605
13.900
3.543
4.752
0.567
0.278
0.000
0.392
0.032
6.026
17.517
16.496
2.067
2.926
13.109
7.272
0.392
0.001
0.043
0.000
0.014
0.585
13.752
0.000
0.000
0.000
0.022
0.000
1.477
4.841
0.008
0.000
0.000
34.961
33.686
9.247
1.540
0.000
0.000
9.155
9.126
0.794
0.000
0.000
0.000
28.079
0.147
1.356
14.641
19.025
1.223
0.000
16.467
10.999
1.455
0.088
0.492
0.004
0.984
0.000
1.319
1.727
6.853
3.248
1.445
0.539
0.000
0.012
0.453
5.091
3.213
3.218
0.210
0.000
49.157
1.768
1.034
1.751
3.596
0.008
0.000
0.000
0.072
0.144
0.004
8.558
0.000
0.000
7.933
0.074
1.891
1.055
0.070
0.387
0.000
0.000
0.496
0.291
5.169
0.000
0.000
0.045
0.000
0.000
7.260
25.248
0.000
0.009
0.000
0.000
0.000
5.939
15.780
11.297
0.531
18.236
1.767
0.071
28.366
5.539
0.000
2.372
0.119
5.978
12.109
1.848
6.840
2.777
0.000
35.459
7.929
0.000
0.000
0.000
0.000
12.188
0.474
0.230
0.062
0.104
0.000
0.000
0.000
0.008
0.016
1.306
4.780
0.000
0.000
0.038
0.000
0.000
0.000
0.023
5.749
0.008
0.004
1.734
3.889
4.051
0.002
0.040
0.000
0.000
0.000
0.000
0.000
0.000
5.163
1.896
0.000
0.000
0.842
0.000
0.000
0.000
0.074
0.057
2.666
0.000
0.000
0.000
0.268
5.190
0.250
0.229
0.000
0.000
0.000
0.129
4.247
0.432
7.323
0.599
1.934
0.344
3.161
12.901
0.318
0.309
0.030
0.000
0.000
0.000
0.000
0.591
0.005
0.000
0.000
0.000
0.468
0.247
0.140
0.190
1.385
0.290
0.000
0.000
0.000
0.000
0.000
0.000
0.000
0.040
3.090
0.060
0.000
0.000
0.000
0.000
0.012
2.462
7.680
0.212
0.000
0.024
0.194
0.020
1.945
1.876
0.397
0.000
0.770
0.000
0.000
0.000
0.000
0.000
0.494
0.035
0.000
0.444
0.000
0.000
0.000
0.000
2.019
0.000
0.000
0.133
0.000
0.000
0.000
0.008
0.336
0.061
0.093
0.253
0.004
0.000
0.000
0.000
0.006
0.133
0.000
0.000
0.000
0.000
0.000
0.000
0.000
0.003
0.248
0.000
0.002
0.000
0.000
0.033
0.142
7.498
0.000
0.066
0.001
0.002
0.000
0.000
0.000
0.019
0.461
0.021
0.000
0.000
0.057
0.000
0.000
0.000
0.000
0.321
0.017
5.618
1.777
0.000
0.000
0.000
0.000
0.000
0.000
0.000
0.000
0.004
0.034
0.000
0.077
0.838
0.000
0.000
0.085
1.879
0.000
0.014
0.072
0.576
0.079
0.000
0.000
0.908
3.393
1.432
0.000
0.000
0.000
0.021
0.138
2.277
0.368
1.348
0.107
0.724
0.117
0.078
2.123
0.000
0.000
0.000
0.000
0.343
12.025
2.129
0.567
0.819
0.000
2.913
2.691
0.000
0.000
0.013
0.001
0.000
1.523
0.806
1.119
0.415
0.000
0.799
9.002
3.869
0.000
4.241
22.600
4.733
0.841
5.071
7.885
2.877
28.518
16.655
0.546
0.037
0.000
0.000
0.478
1.636
20.912
9.538
0.019
0.279
0.227
0.680
0.000
0.000
0.019
6.556
6.944
0.000
0.469
16.682
5.176
0.284
0.438
0.000
0.000
0.000
0.259
0.935
1.113
11.889
0.480
0.076
9.877
1.810
6.080
0.798
0.025
0.739
0.179
5.433
3.277
2.352
0.702
0.004
0.000
0.000
0.000
4.935
13.346
0.315
0.179
0.000
0.846
0.537
7.285
35.959
4.499
4.245
5.333
1.826
1.596
0.059
0.000
0.000
0.151
2.984
11.875
1.259
0.013
0.160
8.206
0.479
0.000
0.000
0.000
0.126
0.354
0.000
0.000
4.061
29.113
5.874
14.217
1.878
0.000
0.472
8.003
0.000
0.176
2.894
0.127
0.457
19.789
1.621
0.010
1.054
11.484
1.009
0.113
0.000
0.402
0.000
0.000
0.000
0.000
0.000
0.005
0.000
0.121
9.239
25.064
5.900
1.721
0.472
0.501
0.000
0.000
0.000
0.000
0.006
0.902
0.225
1.278
0.000
0.000
0.000
0.176
9.519
13.746
7.803
0.459
0.000
0.025
0.617
0.000
0.000
0.000
0.000
0.000
0.000
0.000
0.486
14.256
0.000
0.035
0.000
0.104
0.866
0.000
0.000
0.000
0.000
0.000
0.001
0.033
0.148
0.000
6.104
12.834
3.133
3.330
1.426
12.068
10.615
0.554
0.709
0.205
0.133
0.040
0.002
0.403
0.861
0.074
0.000
0.002
0.022
0.036
0.531
0.065
0.000
0.043
0.412
14.794
35.543
19.682
0.106
0.000
0.054
6.557
0.770
0.000
0.000
0.000
0.000
0.000
0.000
8.366
5.000
0.000
0.000
0.000
0.004
0.000
0.000
0.000
0.975
8.952
0.253
0.999
1.148
0.322
4.132
5.169
0.122
0.009
0.000
0.000
0.000
0.000
0.074
0.001
2.131
2.911
0.137
0.000
0.000
0.020
0.000
0.000
0.000
0.000
0.000
0.006
1.591
0.321
0.051
0.000
0.002
0.739
0.000
0.077
1.274
0.000
0.000
0.000
0.000
0.498
0.000
0.001
0.000
0.008
4.048
6.607
0.000
0.247
0.033
1.617
0.000
0.000
0.023
1.490
0.515
0.108
0.000
0.100
1.917
0.062
0.000
0.000
0.000
0.000
0.000
2.009
0.023
0.000
0.000
0.288
9.807
0.000
0.004
0.357
0.545
0.000
0.000
0.000
0.000
0.264
0.000
0.000
0.000
0.002
2.400
0.000
0.000
0.851
0.311
3.098
0.000
0.063
1.332
2.527
8.422
13.185
3.302
0.773
0.059
0.000
0.000
0.000
0.000
0.000
0.000
4.187
2.209
0.000
0.000
7.337
3.723
2.335
0.373
0.000
0.003
0.000
1.693
3.442
1.372
0.312
0.000
0.000
0.000
0.535
0.000
0.000
0.000
0.000
0.157
3.846
2.945
0.000
0.000
0.036
21.464
36.295
4.920
0.046
0.556
0.023
0.000
0.000
0.000
0.000
0.000
0.000
0.202
1.650
0.000
0.003
3.355
2.754
2.411
0.145
0.035
0.000
0.002
0.001
0.000
0.000
0.000
0.011
0.000
1.503
5.367
5.200
10.531
0.292
9.241
2.378
0.134
13.468
4.892
0.788
0.066
11.758
1.935
0.850
0.751
0.000
0.120
0.070
2.108
0.392
6.508
0.126
16.402
2.662
0.000
6.496
0.000
13.885
0.002
0.105
1.717
0.000
0.000
26.722
0.000
0.000
0.000
1.417
0.404
0.000
0.000
0.000
0.143
2.232
0.819
15.008
2.483
37.361
30.248
98.759
0.189
3.080
4.281
0.000
7.133
0.297
0.000
0.000
11.073
0.204
0.000
20.507
0.000
0.000
7.435
8.085
0.000
0.000
0.142
0.247
1.606
0.747
14.137
0.013
0.000
0.000
0.000
0.001
18.889
38.107
0.351
4.849
1.144
0.241
1.604
5.990
1.066
13.316
3.405
3.232
0.023
0.015
0.006
0.000
0.004
0.461
0.401
13.513
2.314
0.000
0.000
0.000
0.000
0.000
17.686
2.588
0.643
28.362
0.005
0.201
0.000
0.000
0.174
0.000
0.000
5.420
8.147
0.165
0.011
0.041
0.576
6.773
0.491
2.412
15.229
3.779
0.069
2.943
0.000
0.004
0.000
0.000
0.000
0.382
8.817
0.199
10.989
0.000
0.006
0.000
0.002
1.489
0.000
0.000
0.000
0.037
2.229
2.164
0.753
0.000
0.000
0.000
0.000
0.000
0.236
11.900
3.743
0.039
0.000
0.086
0.001
0.282
0.000
0.002
0.000
0.000
0.000
0.000
0.000
0.000
0.000
0.000
0.000
0.000
0.000
0.268
0.048
0.000
9.249
27.407
0.000
0.099
0.081
7.381
0.641
0.436
0.000
0.000
12.715
7.529
0.520
1.048
0.000
0.000
1.939
1.486
1.886
0.936
0.292
0.000
0.042
1.416
1.717
1.045
0.000
0.017
0.758
3.197
0.068
0.000
0.000
0.000
0.238
0.000
0.000
0.173
18.474
0.243
0.000
0.303
0.000
0.001
0.001
2.171
4.141
0.000
0.000
0.000
0.000
0.010
1.598
2.024
5.306
0.819
0.000
0.000
0.000
0.000
0.000
0.027
0.000
0.656
0.982
0.248
0.043
0.057
0.000
0.048
0.000
0.000
0.000
0.383
4.952
0.692
0.000
0.000
0.000
0.317
0.003
2.048
2.479
0.000
0.008
0.000
0.734
0.000
0.000
0.000
0.000
0.000
0.000
0.000
0.386
16.062
1.387
5.340
0.023
0.000
1.900
0.002
0.642
1.843
0.000
0.000
0.000
0.000
0.067
5.006
0.097
0.000
0.000
0.000
0.000
1.215
0.000
0.000
0.000
2.033
0.020
0.000
0.000
0.000
0.000
0.001
1.567
0.000
0.044
0.124
0.000
0.000
0.000
0.000
0.001
0.000
2.762
0.000
0.007
0.000
0.000
0.000
0.839
11.964
0.000
0.019
0.000
0.000
0.487
2.632
0.035
23.942
10.589
14.079
2.177
0.000
0.391
0.443
1.059
12.806
3.471
0.115
0.000
0.000
13.562
9.771
0.002
4.056
0.000
0.000
0.000
0.040
0.464
0.000
0.000
0.000
0.000
0.000
0.113
7.829
6.974
23.175
0.005
0.635
19.044
2.339
2.285
1.012
0.000
2.222
0.238
0.453
4.888
0.545
0.048
0.000
0.000
1.216
0.000
0.000
0.000
0.000
3.008
0.000
0.304
2.437
8.940
1.669
40.674
0.000
0.129
0.953
14.930
1.776
0.399
0.000
1.964
0.198
1.213
2.426
1.612
0.272
6.496
8.170
7.676
7.957
0.000
0.000
0.000
2.165
6.565
0.013
0.232
0.636
6.349
0.000
15.849
1.013
0.098
0.000
0.000
0.119
30.096
8.264
0.797
0.000
18.636
1.505
0.000
0.036
3.837
0.000
0.031
0.000
0.000
0.000
0.016
0.493
29.039
18.919
2.329
2.118
0.886
0.008
0.012
7.647
4.040
0.009
4.049
18.247
0.230
1.041
48.852
4.663
2.131
0.000
0.004
3.167
0.000
4.286
0.000
21.876
16.618
0.969
0.000
0.000
0.000
0.000
4.934
0.437
0.013
5.860
0.003
0.000
0.000
0.000
0.000
0.302
0.000
0.000
0.000
0.088
18.396
1.042
0.000
0.362
14.827
0.073
31.220
8.686
17.756
10.993
14.605
2.142
0.006
0.311
0.000
6.530
18.899
34.632
1.766
0.030
0.000
0.243
0.000
0.000
0.000
0.000
0.001
0.000
0.000
12.863
0.757
0.000
0.000
0.000
0.000
0.011
6.679
0.002
0.018
0.017
0.007
8.116
1.791
0.000
0.211
0.094
0.183
3.663
0.011
4.532
1.698
0.014
0.000
0.000
1.542
0.005
0.321
0.000
0.000
0.021
0.267
0.000
0.026
0.201
0.000
0.000
0.000
0.071
1.056
0.031
0.247
0.000
0.000
0.000
0.000
0.000
0.000
0.000
0.000
0.033
3.600
0.000
0.000
0.000
0.035
0.000
3.211
0.000
2.361
0.041
0.060
2.135
0.006
0.000
0.303
0.000
3.906
0.000
0.119
0.383
0.015
0.000
0.000
1.560
0.797
0.001
0.000
0.000
0.000
0.000
0.000
0.000
0.000
0.000
0.000
0.083
0.167
2.620
1.743
0.000
0.456
1.215
0.379
0.000
0.000
0.000
0.000
0.000
0.000
0.000
0.000
0.000
0.000
0.000
0.000
0.000
0.000
0.134
0.003
0.000
0.709
2.619
0.000
0.000
0.763
0.000
0.000
0.000
0.000
0.000
0.004
0.000
0.000
0.000
0.000
0.134
1.553
4.465
0.040
0.000
11.075
0.027
11.655
0.000
0.000
0.000
0.000
0.000
0.000
0.002
7.503
13.361
0.000
0.000
0.000
0.000
0.179
0.000
0.000
0.000
0.000
0.000
0.000
0.000
0.000
0.367
0.759
0.007
0.000
0.017
0.001
1.784
10.372
0.039
0.000
1.300
13.339
0.179
0.002
2.444
0.580
0.000
0.204
0.000
0.007
0.469
0.000
0.008
2.289
0.000
0.294
4.190
7.108
0.000
0.000
0.000
0.000
0.000
0.000
0.000
0.003
0.021
0.000
0.000
0.224
0.000
3.191
1.991
0.002
0.000
0.000
0.000
0.142
0.000
0.360
3.520
2.693
0.193
0.000
0.008
0.044
0.881
0.099
0.000
0.001
0.386
0.012
0.092
0.519
0.000
19.352
2.487
0.032
0.266
1.255
1.835
16.763
2.196
0.000
7.685
16.763
0.019
0.000
15.756
0.065
0.000
0.887
0.279
4.016
17.527
0.039
0.008
0.488
2.828
48.875
23.955
0.289
0.965
0.000
0.000
0.000
0.089
0.334
1.954
1.101
0.000
2.623
17.996
5.380
19.657
4.600
2.738
5.041
0.000
0.008
0.000
17.071
0.018
0.604
44.703
0.102
0.000
0.000
0.919
0.000
0.000
0.011
9.450
4.859
0.000
0.125
0.202
4.493
0.852
0.169
0.000
1.955
2.130
0.099
3.590
1.249
0.407
18.142
2.699
0.000
0.004
0.000
0.000
0.000
0.000
0.000
0.000
1.175
4.987
0.024
0.000
0.000
0.000
14.451
0.836
0.999
0.000
14.781
4.367
1.321
3.103
6.645
0.097
0.000
2.207
11.031
4.707
6.272
6.440
11.516
0.000
0.195
0.032
0.000
0.075
0.086
0.000
0.003
0.000
20.802
0.018
0.264
0.651
0.013
1.735
14.896
0.124
0.136
0.162
6.545
0.693
1.528
0.315
0.296
0.406
0.081
1.359
1.138
1.566
10.359
2.192
0.175
6.915
8.305
38.025
10.981
0.047
0.000
0.000
0.000
0.000
0.000
0.000
0.000
0.348
0.016
0.000
0.000
0.000
0.678
15.402
7.207
12.189
0.073
0.888
0.000
0.000
0.000
0.000
0.004
1.299
9.117
3.375
0.000
0.131
0.104
2.380
0.116
0.000
0.001
0.000
0.001
0.000
0.000
2.032
0.011
0.305
0.000
0.000
0.581
0.000
0.000
0.000
0.001
2.414
0.024
0.000
0.031
0.000
0.000
0.000
0.000
0.000
0.000
0.000
0.000
0.000
0.000
0.000
0.136
0.000
0.000
0.000
0.000
0.000
0.830
0.000
0.154
0.321
0.000
0.000
0.000
9.718
17.617
0.000
0.000
8.100
0.115
0.000
0.024
0.000
0.000
0.000
2.466
0.000
0.000
0.000
0.000
0.000
0.000
0.000
0.000
0.000
0.000
0.000
0.000
0.000
0.011
3.459
0.011
1.046
0.000
0.000
0.043
4.476
0.222
0.000
0.000
0.000
0.000
0.000
0.237
0.041
1.588
5.471
6.349
0.054
0.000
2.924
4.594
2.730
0.000
0.859
0.000
0.000
0.000
0.000
0.794
8.350
0.000
0.428
0.086
0.002
0.000
3.422
0.000
0.000
4.457
0.000
0.000
0.000
0.000
0.000
0.000
0.000
13.102
0.492
0.000
1.150
23.717
1.093
0.000
0.460
0.012
0.000
0.000
0.000
0.000
0.000
0.000
0.000
0.000
0.071
0.000
0.000
0.000
0.000
0.034
0.001
0.679
0.000
0.001
0.552
9.090
3.776
0.189
0.000
0.880
18.105
4.524
0.000
0.000
0.038
0.183
8.238
0.617
0.000
1.279
6.641
0.798
0.003
0.226
0.000
0.000
0.000
8.828
0.726
1.395
1.264
0.502
4.926
1.599
0.062
0.000
2.261
21.143
3.527
0.000
0.000
0.000
0.000
0.425
4.576
0.000
19.806
8.561
12.508
0.000
13.627
11.256
0.360
3.191
0.000
0.106
0.154
0.000
0.000
0.000
0.162
0.000
0.000
0.000
9.658
0.030
0.000
0.000
0.086
0.420
0.091
6.475
0.000
7.092
2.914
1.687
4.362
0.000
0.892
0.001
3.225
0.073
0.735
23.260
8.046
0.978
0.116
16.596
0.000
21.120
16.191
1.368
0.002
3.377
2.777
1.454
0.000
0.000
2.698
2.739
2.263
0.000
0.000
0.026
31.112
2.144
0.096
4.538
0.300
8.923
1.713
0.001
0.000
0.000
0.000
5.848
0.716
0.092
35.674
0.001
0.000
0.000
0.001
1.467
2.053
0.535
12.032
5.932
0.166
0.000
0.003
0.391
0.254
2.246
6.968
0.000
2.506
0.325
10.995
0.296
2.459
15.734
0.000
0.000
0.000
0.005
4.781
18.153
2.874
0.041
0.000
0.000
0.000
0.350
21.485
0.006
2.423
7.007
0.070
1.655
0.055
25.652
1.578
9.164
15.613
0.423
0.151
0.003
2.831
21.722
1.427
0.000
3.897
6.945
0.000
0.000
0.003
0.672
3.409
0.447
1.138
58.636
5.248
1.034
11.414
0.059
24.012
3.266
0.935
0.000
0.000
1.809
11.838
2.366
3.235
0.151
0.003
0.648
0.000
0.000
0.000
0.000
1.330
45.855
0.941
0.000
0.000
0.000
0.000
0.063
0.000
0.000
0.000
0.000
0.000
0.002
0.032
0.040
0.000
0.000
0.000
0.001
0.489
0.000
0.020
1.014
0.139
0.000
0.000
1.741
0.005
2.051
0.150
4.066
0.040
0.000
0.031
0.174
0.001
8.015
0.169
0.000
3.140
19.720
2.522
0.000
0.000
0.000
0.000
0.000
0.000
6.845
0.679
0.000
3.775
0.409
1.710
0.000
0.000
0.000
0.000
0.000
0.000
0.000
0.000
0.000
0.000
0.000
1.205
0.489
0.398
28.211
4.798
3.523
0.050
0.383
0.029
0.006
0.000
0.000
0.000
0.000
0.000
0.099
0.000
0.000
0.000
2.509
0.641
3.965
0.079
11.091
0.355
1.410
0.000
0.000
0.581
2.432
0.000
0.000
0.000
0.000
0.000
0.000
0.647
0.000
0.000
0.000
0.000
0.000
0.051
0.410
0.036
0.000
0.004
0.000
0.000
0.235
0.000
0.000
0.000
0.162
0.588
0.000
0.000
0.000
0.000
0.000
0.000
0.000
0.000
0.000
0.000
0.000
0.000
0.000
0.000
0.000
0.000
0.785
0.000
0.000
0.000
0.000
0.134
0.417
3.595
0.000
0.000
0.071
0.015
0.165
1.481
0.098
0.000
0.847
0.128
0.000
0.011
0.000
0.000
0.000
22.795
1.729
0.000
0.000
5.587
7.976
0.015
0.003
0.055
9.696
0.802
0.234
0.069
0.000
0.000
0.000
0.203
0.053
0.000
0.000
0.000
0.066
0.000
0.469
0.000
0.000
0.005
0.228
0.047
5.295
2.500
5.685
0.000
0.000
2.312
0.000
0.006
0.307
0.000
0.000
0.000
0.004
7.325
0.000
0.002
0.000
3.175
0.000
0.000
1.319
0.008
0.000
0.000
0.000
0.000
0.000
4.423
0.225
3.555
5.312
0.073
0.000
0.000
0.000
0.060
3.484
2.048
0.319
0.163
0.111
8.223
0.000
0.142
11.314
0.164
1.187
0.000
0.000
0.190
0.001
0.000
1.459
6.898
0.225
5.984
1.985
0.000
2.024
0.038
0.037
0.000
0.000
7.701
40.653
2.523
0.307
0.000
0.999
0.000
0.009
0.059
13.942
37.799
0.000
0.000
0.755
0.000
11.683
1.710
0.000
1.494
71.439
3.502
0.000
16.858
0.425
0.000
0.033
1.794
3.833
0.297
0.000
0.000
0.000
0.000
0.258
0.101
0.000
0.000
0.000
0.000
0.015
10.755
7.381
7.775
0.000
0.002
19.190
34.572
22.542
0.000
0.000
0.000
0.001
0.090
0.001
0.186
15.253
1.719
0.012
0.004
1.087
6.284
2.582
0.000
17.345
1.195
0.190
1.647
0.000
0.057
0.000
0.000
0.000
0.002
0.112
0.000
9.853
0.369
0.000
0.000
0.000
0.000
0.000
0.000
0.000
0.000
0.000
0.014
17.285
0.144
0.076
1.360
1.630
1.025
4.621
3.615
0.217
0.111
0.338
0.000
0.010
0.000
0.000
0.000
0.000
0.000
27.463
0.483
1.041
2.933
0.068
1.424
2.352
0.001
0.862
11.671
4.192
6.902
0.002
0.170
0.006
0.000
0.000
0.115
0.014
0.000
0.000
0.000
0.000
0.000
0.000
0.000
0.000
0.000
2.999
17.061
15.403
0.040
0.012
0.000
0.692
0.531
1.014
0.000
0.000
0.442
0.000
4.292
0.465
0.181
0.756
0.004
0.000
0.000
0.000
0.000
0.000
0.000
0.000
0.000
0.000
0.045
0.000
0.000
0.000
0.000
0.000
0.000
0.001
1.061
0.052
0.028
0.000
0.026
0.864
0.022
2.228
0.036
0.208
7.064
0.000
0.000
0.002
0.720
0.852
6.058
0.009
