19810101
0.163
0.000
0.000
0.000
0.000
0.891
0.000
0.000
0.000
0.000
0.000
0.000
0.000
0.000
0.000
0.000
0.000
0.000
0.000
0.000
0.000
0.000
0.000
0.000
0.000
0.801
0.000
0.000
0.000
0.000
0.304
5.056
0.011
0.000
0.000
0.000
0.459
3.227
1.958
0.122
0.000
0.000
0.000
0.000
0.000
0.000
0.000
0.000
0.048
0.000
0.000
0.000
0.196
0.000
0.000
0.000
0.000
1.167
7.585
0.000
0.000
0.001
0.000
0.000
0.000
0.000
0.000
0.000
0.004
0.028
0.000
0.000
0.000
0.000
0.000
0.000
0.000
0.000
0.000
0.000
0.000
0.000
0.000
0.589
0.980
0.000
0.061
9.499
1.974
2.198
2.876
0.000
2.708
3.362
0.000
0.000
0.000
0.000
0.000
3.421
0.000
0.004
7.720
0.000
0.000
0.032
0.000
1.163
3.805
0.000
2.040
5.246
5.137
0.000
0.302
0.202
6.370
2.413
7.137
1.246
0.868
0.138
0.595
0.000
0.312
0.000
0.000
0.000
2.672
0.000
0.000
0.000
0.000
0.000
0.000
0.000
0.517
0.000
0.000
0.000
0.000
0.109
3.669
19.428
4.375
2.553
0.000
3.852
0.344
0.000
0.096
6.349
5.414
8.712
0.000
4.517
0.106
0.679
0.238
0.766
3.443
0.881
1.803
16.907
20.987
6.006
1.317
0.002
0.054
1.812
6.552
1.775
19.342
0.341
12.805
0.027
0.004
0.071
6.299
7.459
0.000
0.000
0.000
0.311
0.000
0.000
0.000
0.000
0.000
0.000
0.000
13.502
1.588
3.812
24.147
8.912
0.208
0.300
0.000
0.165
2.851
2.018
3.316
19.427
7.515
12.810
0.000
0.000
0.000
0.000
0.000
21.625
2.724
12.202
1.476
8.036
1.584
14.988
8.076
0.213
0.080
0.019
0.152
0.000
0.000
0.000
0.000
0.000
0.000
0.000
0.000
0.000
0.370
0.399
1.943
11.521
16.974
6.286
0.025
0.000
0.210
0.000
0.114
6.440
0.000
0.000
0.000
0.000
1.365
13.214
0.000
4.486
0.000
0.000
0.000
0.000
0.221
0.000
0.000
0.000
0.000
0.000
0.000
0.523
0.000
0.094
0.016
0.783
3.594
0.500
0.690
1.551
3.032
1.768
0.188
1.578
21.182
10.448
10.456
0.000
0.000
0.600
4.246
0.086
5.444
10.791
7.266
0.013
0.000
12.890
3.736
1.785
0.061
1.749
1.544
0.161
1.452
0.811
0.000
0.000
0.000
0.000
0.320
0.293
0.000
0.000
0.000
0.000
0.000
0.000
0.000
0.000
0.000
0.000
0.000
0.000
0.000
0.000
0.185
2.096
0.000
0.000
0.955
0.000
0.000
0.000
0.360
0.551
3.376
7.283
0.001
0.000
0.000
0.053
0.000
0.000
0.082
0.147
0.000
0.000
0.561
0.000
0.000
0.000
0.830
4.034
0.000
0.000
0.000
0.000
0.000
0.000
0.000
0.129
2.420
0.000
0.012
0.044
0.000
0.580
0.275
0.660
0.084
1.518
6.194
0.000
0.147
6.076
0.000
0.000
0.000
0.000
0.000
0.000
0.073
0.006
0.000
0.000
0.000
4.238
0.019
0.196
1.808
0.006
0.500
4.921
2.187
10.520
0.252
4.548
0.000
0.000
0.000
0.131
0.143
0.000
2.851
2.904
0.000
0.000
0.000
0.182
0.132
0.000
0.000
0.000
0.000
0.000
0.474
0.677
0.000
0.005
1.947
2.185
0.000
0.000
0.000
0.003
0.154
2.673
0.000
0.000
0.000
0.000
0.000
0.000
0.000
0.000
0.000
0.000
0.000
1.888
0.951
0.000
0.000
1.233
2.938
0.000
1.632
1.259
0.010
3.699
0.000
7.649
2.056
0.034
0.000
0.000
1.442
0.000
0.000
0.426
1.727
5.314
3.179
0.000
2.034
22.030
0.002
3.734
0.000
0.000
0.146
0.236
0.000
0.000
0.116
4.072
0.533
4.052
1.435
0.000
0.000
0.000
0.000
0.000
0.000
0.000
0.000
0.000
0.000
0.000
0.000
0.000
3.158
0.086
0.000
0.083
1.077
4.081
0.000
0.000
0.000
2.917
11.969
0.036
2.575
9.090
14.993
2.579
12.418
8.931
23.577
2.200
0.000
0.000
0.000
0.000
0.000
0.000
0.000
0.000
0.000
9.887
1.004
0.269
0.000
0.000
0.000
0.000
0.000
6.921
4.113
0.000
0.329
0.315
0.053
0.049
0.000
0.000
4.444
0.903
0.263
0.000
1.760
3.001
1.027
1.229
0.666
33.636
0.000
0.000
0.044
9.354
15.736
0.000
0.000
0.853
1.214
0.000
0.253
15.857
7.198
0.037
20.958
0.000
0.000
0.000
2.444
1.078
5.699
5.725
0.054
0.000
7.259
2.631
0.173
0.000
0.482
2.681
1.052
1.866
0.481
0.224
6.062
0.064
0.330
0.000
0.000
0.669
0.000
0.000
1.981
8.891
5.878
0.166
0.000
0.000
0.010
0.017
0.000
0.000
1.553
17.592
0.011
0.056
0.000
4.444
6.908
0.098
0.887
0.000
4.801
1.588
0.495
0.105
0.098
3.691
4.700
0.175
0.000
0.000
3.680
0.000
0.000
0.000
0.000
0.000
0.078
15.824
7.108
0.347
18.061
2.678
2.711
0.000
0.049
0.081
0.000
0.000
0.031
0.096
0.000
0.000
0.495
4.270
3.747
0.000
2.015
23.777
0.339
1.496
0.809
34.827
12.116
0.139
12.367
11.748
6.087
2.791
0.446
0.298
0.722
0.035
1.421
0.101
0.362
0.174
0.001
0.000
0.000
0.002
0.000
0.000
0.000
0.340
1.175
0.123
0.000
0.000
1.135
5.541
0.126
0.000
0.000
0.000
0.000
0.002
6.701
0.420
2.317
0.171
0.031
0.000
0.000
0.000
0.000
1.159
10.837
1.696
0.022
0.000
0.000
0.000
0.000
0.000
0.000
0.001
0.000
0.091
0.524
0.000
0.000
0.000
0.000
0.000
0.000
0.000
0.000
0.000
0.000
0.000
0.050
0.076
0.000
0.312
1.442
1.785
0.455
0.000
0.000
0.060
0.000
0.298
0.000
0.422
1.777
0.000
0.081
1.401
0.000
0.000
0.061
0.677
0.000
4.773
2.619
0.295
0.035
4.139
0.274
0.002
0.000
0.000
0.012
0.000
0.000
0.000
0.003
0.000
0.000
0.000
0.000
0.000
0.000
0.000
0.000
0.000
0.955
0.449
0.000
0.000
0.000
0.000
0.000
0.000
0.000
0.000
0.000
0.000
0.513
0.365
0.000
0.000
0.000
0.000
0.000
0.000
0.000
0.000
0.590
0.000
0.000
0.046
0.137
0.000
0.000
0.000
0.016
0.600
0.000
0.135
0.000
6.723
7.828
16.454
4.361
0.893
0.000
0.000
0.000
0.000
0.390
0.000
0.026
1.162
2.430
0.000
0.000
0.000
0.000
0.000
0.000
0.069
0.005
0.069
0.000
0.787
1.514
2.857
0.103
0.382
0.000
0.000
0.000
0.865
2.290
0.000
0.000
0.000
0.000
0.000
6.123
1.261
0.000
0.015
0.000
0.000
0.000
0.000
0.000
0.000
0.000
0.000
0.000
0.000
0.240
0.756
0.099
0.000
0.000
0.000
0.000
0.000
0.065
0.000
0.000
0.000
0.306
5.034
2.149
7.602
9.698
0.000
0.105
0.013
0.008
0.000
0.608
2.681
1.158
0.000
0.039
0.097
0.000
0.000
11.784
1.846
4.203
0.536
0.584
0.031
0.000
1.537
1.147
0.434
0.000
0.000
0.384
0.015
3.419
9.934
2.493
5.208
46.119
11.183
0.283
0.000
0.000
0.000
0.114
7.159
5.258
0.000
21.850
9.156
7.311
4.672
0.000
5.735
26.440
0.000
1.747
14.361
11.501
4.122
0.000
0.000
0.000
0.000
0.000
0.000
0.000
0.000
0.000
0.000
6.814
10.403
11.796
4.691
3.869
0.015
0.000
0.000
0.000
0.000
0.000
0.000
0.000
0.000
10.128
17.983
0.000
0.167
1.511
0.000
0.000
0.000
0.000
0.452
0.802
4.121
0.000
0.000
1.915
0.030
0.130
8.068
5.438
0.000
0.962
0.951
0.182
0.000
0.006
0.000
0.062
0.485
0.536
0.403
3.909
2.152
0.000
0.000
0.512
0.000
1.588
4.393
0.213
0.000
0.000
0.000
13.342
0.070
10.358
0.453
0.010
7.710
5.381
0.148
0.216
0.073
0.217
2.525
0.066
0.000
0.000
0.000
0.000
0.000
0.165
2.289
6.542
7.733
3.157
2.882
0.202
1.070
0.586
1.181
0.000
0.000
4.986
2.403
0.001
2.899
0.603
3.645
1.278
0.000
4.223
6.870
2.261
0.000
0.000
0.000
1.034
0.046
0.000
0.611
0.000
0.000
0.000
0.082
0.038
0.000
0.000
0.000
0.000
0.000
0.000
0.000
2.767
0.000
0.000
0.037
2.138
0.328
0.000
0.000
0.050
0.042
3.980
18.344
5.642
0.000
2.148
2.010
0.310
0.072
0.072
8.997
4.710
0.703
0.135
0.000
0.000
0.000
0.000
0.000
0.000
0.000
0.000
1.638
4.557
1.463
2.646
3.720
0.791
0.000
0.000
0.000
0.000
0.002
3.000
0.087
0.000
0.000
0.023
0.000
0.575
0.000
0.000
0.000
0.000
0.000
0.000
0.000
0.000
0.000
0.000
0.000
0.000
0.260
0.015
1.288
2.565
1.192
0.000
0.000
0.000
0.000
0.000
0.000
0.000
0.000
0.000
0.000
0.053
0.155
4.824
0.000
2.361
0.000
0.170
0.000
0.000
0.000
1.960
0.003
0.703
0.000
0.000
0.000
0.000
0.000
0.000
1.683
0.758
0.000
3.859
1.940
4.416
0.000
0.018
0.000
0.000
0.000
0.000
0.005
0.000
0.043
0.000
0.000
0.000
0.000
0.000
0.000
3.528
7.272
0.000
0.054
1.326
0.000
0.367
0.000
0.589
3.440
0.110
0.367
0.000
0.000
0.000
0.000
0.000
0.000
0.000
0.000
0.000
0.000
0.000
0.017
0.000
0.000
0.000
0.000
0.000
0.000
0.000
0.000
0.000
0.000
0.000
0.000
0.000
0.396
8.844
9.243
1.842
0.081
0.000
0.000
0.000
0.226
0.731
0.443
0.000
0.000
0.000
0.005
0.810
6.313
10.050
3.201
0.000
0.451
0.000
0.000
0.000
0.492
0.174
14.657
24.252
0.000
0.000
0.030
0.000
1.129
2.364
0.159
0.000
1.708
0.000
0.000
0.000
0.160
3.587
0.409
0.454
0.000
0.000
0.000
0.000
0.000
0.000
0.000
0.003
3.886
2.835
0.000
6.240
23.341
12.975
10.542
17.037
0.113
34.754
1.232
4.254
0.967
0.123
1.884
1.049
0.814
4.206
3.286
3.980
4.683
10.687
8.621
0.000
0.000
0.324
0.000
0.207
0.000
0.000
0.788
7.745
9.195
0.482
4.172
0.022
0.000
0.546
4.248
0.784
0.000
0.000
0.000
0.000
0.005
5.319
2.966
0.000
0.000
0.000
0.059
6.451
0.159
0.000
0.834
2.164
0.829
0.000
0.000
0.002
2.218
0.337
0.000
0.000
3.752
2.755
0.264
5.847
2.065
0.000
0.000
0.000
0.000
0.000
0.114
0.134
0.000
0.000
0.000
0.000
5.625
16.953
0.000
0.000
2.217
1.783
3.730
1.128
0.203
0.431
0.582
0.335
3.954
1.614
0.103
0.174
0.000
0.310
2.023
3.463
1.109
0.198
0.068
7.530
0.639
0.000
0.000
0.000
0.000
0.000
0.000
0.000
0.000
0.072
1.392
21.722
1.526
0.041
0.119
0.000
0.000
0.000
0.000
0.000
0.000
0.000
0.000
0.582
5.090
0.337
0.000
0.049
0.000
0.000
0.000
27.840
55.750
18.960
9.728
9.090
36.903
2.680
1.482
0.170
0.274
0.000
0.000
0.000
0.804
0.880
0.175
1.294
0.183
2.112
0.000
0.153
0.120
0.149
0.000
0.000
0.000
0.000
0.000
0.000
0.000
0.000
0.000
0.026
0.000
0.000
0.000
0.000
0.000
0.000
0.000
0.000
0.000
0.012
0.542
0.000
0.531
0.000
0.000
0.025
0.197
0.000
0.000
0.000
0.000
0.000
0.000
0.000
0.000
0.000
0.000
0.000
0.000
0.000
10.112
5.928
1.362
0.000
0.000
0.000
0.014
0.088
0.000
0.000
0.000
0.042
0.603
0.016
0.014
1.149
0.000
0.000
0.000
0.000
0.000
0.060
1.051
0.000
0.061
0.000
0.106
0.000
0.007
0.004
0.000
0.000
0.102
1.900
0.000
0.000
0.002
0.000
0.022
0.606
0.791
0.000
0.000
0.000
0.000
0.002
0.000
0.000
0.000
0.000
0.000
0.000
0.160
0.000
0.000
1.664
3.161
0.820
0.000
0.000
0.192
0.000
0.000
0.000
0.010
0.024
0.000
0.000
0.000
0.000
0.000
0.060
0.019
0.000
0.000
0.000
0.000
2.135
33.784
5.953
0.000
0.000
0.000
0.000
0.000
0.000
0.078
2.271
0.000
0.000
0.000
0.000
0.000
0.000
0.000
0.000
0.000
0.212
4.458
0.021
0.000
0.000
0.334
7.087
0.000
0.000
0.000
0.000
0.000
0.000
0.000
0.000
0.000
0.000
0.000
0.000
0.000
0.150
1.150
0.232
0.000
0.000
0.000
0.000
0.000
0.341
12.419
31.264
29.710
3.649
1.259
0.000
0.000
0.000
0.000
5.132
0.000
0.000
0.000
0.005
0.078
2.805
3.863
0.000
0.999
1.093
26.349
30.950
8.251
1.965
10.193
5.046
0.000
0.000
0.000
0.000
0.000
0.558
2.998
0.000
0.268
0.031
0.064
0.752
5.193
16.433
41.049
0.208
0.000
0.000
0.214
0.000
0.000
10.791
0.000
0.000
1.054
24.835
11.760
0.000
2.607
8.666
0.000
3.482
3.856
0.273
0.000
5.914
13.880
0.340
0.000
6.502
26.664
6.574
2.518
0.000
0.000
0.000
0.007
0.000
0.224
0.134
0.000
0.000
0.004
1.801
0.000
0.038
0.000
0.000
0.000
0.018
0.284
18.193
55.057
0.109
0.000
3.852
0.000
3.568
41.010
6.871
1.030
20.414
0.208
0.355
1.280
1.729
0.000
0.000
0.000
1.589
5.900
0.003
0.000
0.021
0.547
1.947
8.770
39.337
5.481
0.000
0.014
1.730
1.957
0.272
0.015
0.000
0.000
1.545
7.957
3.150
0.000
0.000
0.707
1.800
8.694
0.000
0.223
0.102
15.861
7.761
0.004
0.390
3.359
0.000
3.393
11.130
0.320
0.000
0.000
0.000
0.000
0.000
0.009
6.430
0.000
1.899
2.023
0.000
1.340
0.288
0.082
0.000
0.000
0.000
0.000
0.000
5.818
1.217
0.000
0.013
0.127
2.341
0.026
0.313
7.880
0.015
0.000
0.000
15.347
0.106
0.657
0.000
0.000
0.000
0.000
0.000
0.000
0.000
0.000
1.508
0.000
0.015
0.000
0.000
0.000
0.014
0.000
0.000
0.000
0.000
0.000
0.000
0.001
4.011
0.000
0.000
0.000
0.000
0.000
0.634
0.000
3.193
0.000
1.891
0.843
3.915
13.997
0.633
0.000
3.383
0.914
0.055
1.981
8.262
0.000
0.015
0.030
4.637
8.245
4.362
0.053
1.471
0.000
0.000
0.000
0.007
0.000
0.001
0.000
0.000
0.000
0.018
0.370
0.143
0.000
0.000
0.000
0.003
0.000
0.000
0.027
0.001
0.000
1.953
0.000
0.000
0.000
0.000
0.000
0.000
0.149
1.581
0.000
0.000
0.000
0.000
0.000
0.000
0.000
0.000
0.000
0.000
0.000
0.000
0.000
0.299
5.633
0.000
0.000
0.458
3.146
0.000
1.520
0.951
0.000
0.000
0.050
1.464
0.000
0.012
3.091
0.000
0.602
0.000
0.000
0.000
0.000
0.000
0.000
0.000
0.000
0.000
0.058
1.148
0.030
0.020
0.000
0.007
0.867
9.155
0.000
0.045
0.000
0.000
0.015
0.540
1.068
0.000
0.000
0.000
0.000
0.000
0.100
0.000
0.000
0.000
0.110
6.439
0.000
0.000
0.935
7.186
0.000
0.000
0.000
0.042
0.761
0.000
0.000
0.000
0.000
0.000
0.000
0.000
0.000
0.000
0.000
0.000
0.466
0.369
1.522
4.319
2.443
3.530
0.904
0.146
0.000
0.000
0.000
0.084
0.774
1.709
18.040
6.125
0.000
0.000
8.042
8.418
0.393
0.041
0.257
0.000
0.051
1.665
7.987
4.843
16.256
15.184
12.935
0.207
0.500
0.000
0.000
0.206
0.264
0.788
11.623
11.908
3.107
0.063
4.255
0.691
2.870
10.509
0.021
0.000
0.000
0.000
0.000
0.000
0.000
0.944
4.722
2.753
0.839
0.079
0.000
0.000
0.000
0.023
0.010
0.000
1.068
3.459
0.001
0.000
6.987
0.000
2.638
15.640
17.705
0.010
1.616
0.390
6.510
2.907
0.098
10.246
0.068
0.795
6.072
13.191
1.611
0.000
0.000
0.063
0.358
0.000
0.000
1.682
0.428
1.885
2.239
17.320
2.480
0.000
0.000
5.407
0.520
0.629
15.049
12.389
4.307
0.169
10.073
1.671
0.469
3.244
5.512
0.451
0.485
0.772
0.601
6.139
0.772
0.621
17.407
0.000
0.836
5.803
0.000
0.367
0.000
0.000
0.270
7.955
8.708
13.157
0.345
1.911
0.366
0.000
0.000
2.823
10.646
0.026
0.000
0.000
0.000
1.397
9.594
3.133
19.525
5.533
3.156
1.462
1.667
0.047
0.000
0.000
0.000
2.147
14.021
9.819
13.961
2.037
0.000
0.000
0.000
0.000
2.710
1.991
6.372
2.521
2.305
1.617
10.605
8.579
7.702
2.010
11.656
12.821
11.966
11.730
0.000
0.883
4.889
0.000
0.170
1.243
0.537
0.000
0.000
0.288
0.073
0.000
0.000
0.000
0.135
0.139
0.000
0.705
1.588
0.223
1.011
0.024
0.000
0.000
0.000
0.000
0.000
0.000
0.000
0.000
0.000
0.025
0.000
0.000
0.000
0.285
0.340
0.678
0.278
0.000
0.000
0.001
0.000
0.848
1.682
3.063
15.211
2.630
1.615
0.000
1.107
0.000
0.000
1.793
0.000
0.526
0.206
0.069
3.790
0.000
0.489
0.174
0.113
0.000
0.000
0.000
0.000
0.000
0.000
0.000
0.029
1.217
0.020
0.000
0.000
0.000
0.000
0.000
0.000
0.877
0.000
0.000
0.000
0.000
0.000
0.000
0.000
0.000
0.000
0.000
0.000
0.000
0.000
0.000
0.000
0.000
0.000
0.000
0.000
0.139
0.000
0.000
0.000
0.000
0.000
0.871
0.227
0.000
0.000
0.000
0.000
0.000
0.000
0.000
0.000
0.000
0.000
0.000
1.340
1.240
0.085
0.000
0.000
0.000
0.000
0.000
0.000
0.000
2.884
3.161
0.000
1.181
1.387
0.000
0.000
0.000
0.000
0.000
0.000
0.000
0.000
0.000
0.000
0.000
0.000
0.000
1.076
0.000
0.000
0.000
0.000
1.333
0.752
0.382
1.564
0.342
0.000
0.001
0.839
4.527
0.798
0.000
0.000
0.000
0.000
0.000
0.000
0.000
0.000
0.000
0.000
0.043
0.000
0.000
0.364
0.000
0.000
0.219
0.002
0.034
1.094
16.701
9.796
0.000
0.000
0.000
0.000
0.000
0.000
0.000
0.051
0.000
0.000
0.000
0.000
0.000
0.000
0.000
0.000
0.874
1.373
0.000
0.000
0.029
0.000
0.000
0.000
0.000
0.000
4.184
0.015
0.000
0.000
0.000
0.114
0.154
0.005
0.000
0.000
0.000
2.016
0.151
0.155
0.000
0.000
0.000
0.000
0.000
0.000
0.397
0.261
0.000
4.565
2.808
0.348
1.194
2.200
15.745
0.797
2.625
30.336
14.027
0.363
0.727
7.979
14.969
0.169
0.000
0.978
1.262
0.469
0.013
0.611
1.078
0.000
0.000
0.000
0.000
0.000
0.000
0.489
3.475
0.000
0.000
0.000
0.000
0.395
5.480
0.000
0.000
0.000
0.000
0.187
9.661
0.000
0.001
0.056
0.000
0.946
4.679
0.135
2.667
2.214
0.151
0.000
3.507
1.756
0.004
0.000
0.762
1.880
17.161
1.373
0.653
0.168
0.202
0.151
4.611
3.665
13.771
19.889
3.293
0.883
9.272
0.945
2.778
9.332
0.389
0.000
0.000
0.000
0.012
0.251
0.159
11.231
0.000
0.157
0.081
0.000
0.000
0.090
0.000
0.000
1.626
0.073
0.603
16.555
7.165
6.821
3.239
0.136
3.312
0.025
1.396
0.369
0.060
0.020
0.327
0.019
0.015
0.080
1.255
0.031
0.000
0.000
0.000
1.945
16.124
1.177
0.108
0.192
0.066
0.501
0.278
3.170
2.221
0.000
0.000
0.000
1.231
15.512
17.037
5.126
1.651
0.000
0.000
0.000
0.000
0.000
0.068
0.000
1.132
0.000
0.000
0.560
0.000
0.000
2.711
0.655
0.000
0.000
0.000
0.000
0.000
0.000
0.000
0.000
0.171
2.526
3.169
0.130
0.033
1.552
0.094
2.106
1.954
1.665
0.011
0.113
0.000
0.000
0.000
0.000
0.000
0.000
0.116
0.587
1.030
0.000
0.000
0.000
0.000
0.000
0.000
0.000
0.000
0.000
0.000
0.162
12.422
4.187
0.000
0.000
0.000
0.000
0.000
0.000
0.000
0.000
0.000
0.000
0.000
1.802
0.000
0.000
0.067
4.175
0.000
0.000
7.359
4.807
0.659
0.000
0.000
0.034
1.026
0.000
0.350
0.000
0.000
0.000
0.042
0.000
0.003
0.000
0.000
0.000
0.355
0.000
0.000
0.000
0.000
0.000
0.050
2.610
0.000
0.000
0.000
0.000
0.000
0.000
0.000
0.000
0.000
0.000
0.162
9.279
1.772
0.000
0.000
0.000
0.000
0.000
2.018
4.360
0.000
0.000
0.988
2.556
2.017
0.000
0.000
0.000
0.000
0.172
1.540
0.057
0.000
0.000
0.000
0.000
0.006
0.405
0.315
0.585
0.002
0.000
0.000
0.000
0.000
0.000
0.000
0.000
0.000
0.315
0.000
0.000
0.000
0.000
0.000
0.000
0.000
0.000
0.000
0.000
0.000
0.000
0.000
0.000
0.000
0.000
0.304
7.686
11.389
0.000
0.457
5.484
0.601
0.337
0.000
0.000
0.000
0.000
0.591
0.077
0.017
0.000
0.000
2.412
13.854
0.626
0.000
0.210
1.155
0.000
0.086
0.042
2.786
3.762
0.269
0.000
0.003
0.000
0.205
0.669
0.073
0.013
0.000
0.000
0.000
0.000
0.000
0.000
0.000
0.000
0.000
0.000
0.000
0.000
0.000
0.000
0.000
0.082
0.000
0.000
0.000
0.049
0.000
0.000
0.000
0.000
0.000
2.851
7.771
4.024
0.055
0.516
3.874
3.124
0.151
0.349
1.564
0.000
0.000
0.264
0.538
3.199
4.764
1.534
0.000
0.000
1.005
9.594
5.309
0.019
0.000
0.004
0.000
0.776
0.398
0.000
0.000
0.000
0.000
0.000
0.000
0.000
0.000
0.017
1.973
10.981
0.049
0.459
0.888
0.063
0.064
0.000
17.114
3.681
1.824
1.875
0.000
0.000
0.000
0.597
0.000
0.000
0.132
0.000
0.000
0.000
0.000
0.587
1.431
0.063
0.195
0.013
0.000
8.899
14.015
0.000
0.000
0.000
0.000
0.000
0.379
2.483
0.501
0.000
0.899
5.593
0.000
0.000
0.000
0.166
5.809
1.424
22.347
0.588
42.244
10.511
6.499
2.241
0.000
2.351
1.964
0.000
0.085
6.691
12.152
18.071
21.841
0.000
0.000
0.000
0.004
0.000
0.036
5.415
11.523
4.491
0.000
0.003
0.000
0.007
0.000
0.000
0.000
0.000
12.200
0.891
3.068
0.000
0.000
0.000
0.000
0.000
0.000
0.000
0.155
0.398
0.000
0.000
0.120
20.601
1.107
0.014
11.195
3.434
0.012
0.007
0.000
0.000
0.000
0.000
0.000
3.281
14.412
0.041
0.577
0.000
0.452
0.006
0.000
0.000
0.000
0.000
0.000
0.000
0.000
0.000
0.000
0.000
0.000
1.601
3.702
3.371
1.324
2.011
2.866
0.000
0.506
0.000
0.000
0.000
1.605
2.667
0.006
0.000
0.000
0.000
0.000
0.000
0.000
0.071
0.000
0.020
1.692
0.928
0.000
0.023
9.955
1.329
0.025
0.422
7.711
1.795
0.050
5.318
0.000
0.015
0.000
0.000
0.000
0.000
0.102
11.592
1.565
0.000
0.000
0.000
0.000
0.000
0.000
0.000
0.000
0.000
0.000
0.000
0.000
0.000
0.012
0.360
5.125
0.000
0.567
0.166
0.000
0.000
0.000
0.026
0.000
2.366
0.000
0.000
0.244
11.494
0.000
0.000
0.000
0.000
0.000
0.000
1.771
0.000
0.000
0.000
19.214
5.984
0.781
0.000
3.259
4.312
0.000
0.000
0.339
0.327
0.035
0.226
0.000
0.000
0.000
0.000
0.000
0.000
1.625
0.000
0.000
0.000
0.000
0.000
0.000
1.482
0.859
0.000
0.000
0.000
0.000
0.002
0.797
0.000
0.000
0.000
0.000
1.184
0.000
0.007
0.022
0.612
0.040
0.000
0.000
0.000
0.000
0.000
0.000
0.000
0.000
0.001
2.526
0.000
0.000
4.057
6.637
0.000
0.000
0.000
1.078
0.001
0.000
0.000
0.000
1.199
8.664
7.969
0.287
0.000
0.000
0.000
0.092
0.000
0.000
0.000
0.181
1.253
0.000
0.100
1.481
0.238
4.456
0.000
0.121
2.432
7.186
6.001
0.000
0.000
0.000
1.917
0.000
0.000
0.047
0.000
0.000
0.029
0.000
0.000
0.063
0.000
0.000
0.000
0.000
0.584
0.000
0.000
10.056
1.472
1.113
1.913
4.047
4.477
0.648
0.000
0.000
6.713
3.786
0.000
0.071
11.362
1.405
0.000
0.000
0.000
0.000
0.000
0.000
0.000
0.000
9.828
2.171
0.290
0.000
3.230
3.447
9.674
7.680
1.293
0.000
1.124
8.678
7.105
0.475
0.000
0.000
0.000
0.000
0.174
0.000
0.027
0.351
0.625
0.000
1.581
12.435
1.823
2.332
0.000
0.000
0.000
0.000
0.028
0.141
15.758
19.166
0.008
0.000
12.734
7.143
0.083
0.000
2.072
0.092
0.039
1.203
3.134
0.000
0.000
0.000
0.000
1.728
0.234
0.000
0.000
0.057
0.132
0.000
0.000
0.000
0.130
2.069
0.405
0.000
0.000
0.000
0.000
0.000
0.000
0.000
0.000
0.069
23.935
0.000
0.000
0.000
0.003
0.016
1.282
0.000
0.000
0.000
0.000
0.000
0.000
0.070
9.777
6.561
6.030
0.000
0.000
0.000
0.000
9.436
0.865
3.638
3.644
0.000
0.000
0.000
11.675
4.174
3.946
0.098
2.421
53.268
2.443
0.000
8.526
27.903
1.335
0.000
0.000
0.002
0.000
0.000
8.149
1.074
0.000
0.000
0.000
0.000
0.000
0.000
0.877
8.330
31.250
1.533
0.000
1.056
0.000
0.000
0.000
0.000
0.000
0.000
2.619
5.860
0.000
0.511
0.873
0.386
0.000
0.000
1.753
1.714
0.000
0.000
0.000
0.000
0.000
0.032
0.000
0.000
0.000
0.000
0.000
0.000
0.000
0.000
0.000
0.000
0.002
0.000
13.066
0.183
0.000
0.000
0.120
0.000
1.801
3.113
0.497
0.000
1.332
2.714
0.260
0.000
0.000
0.021
1.692
0.092
0.079
1.355
0.036
0.000
0.000
0.042
9.106
0.000
0.000
0.000
0.000
6.369
1.880
0.000
0.000
0.000
0.198
0.000
0.000
0.000
0.000
0.000
0.000
0.000
0.000
0.000
0.015
0.000
0.000
0.133
0.000
0.002
0.000
0.000
0.000
0.000
0.000
0.000
0.015
0.014
0.425
3.338
0.000
0.000
0.000
0.049
0.000
0.000
0.000
0.000
0.000
0.000
0.000
0.000
0.000
0.000
0.000
0.025
0.000
0.000
0.000
0.000
3.643
0.000
0.000
0.000
0.000
0.000
0.344
0.329
0.000
0.038
1.389
0.000
0.383
0.000
0.522
1.811
0.000
0.002
0.000
0.000
0.000
0.000
0.000
0.000
0.000
0.001
0.000
0.000
0.000
0.024
7.492
0.144
0.000
0.000
0.097
0.000
0.000
2.239
1.811
0.000
0.227
0.000
0.000
0.000
0.000
0.000
0.000
0.000
0.000
0.000
3.951
0.322
0.000
2.587
26.085
0.384
3.395
1.529
13.755
0.000
0.126
0.000
0.000
0.729
0.000
0.000
0.000
0.000
0.000
0.000
2.267
0.221
0.000
0.000
4.403
0.618
0.000
0.000
0.007
0.000
0.000
0.000
0.000
0.000
0.000
0.000
0.000
0.000
0.027
1.182
0.000
0.000
0.000
0.000
0.000
0.000
0.551
0.812
2.211
4.148
2.171
12.928
4.559
3.482
0.000
0.000
0.000
0.000
0.000
0.000
0.796
0.101
0.000
0.000
0.000
0.000
0.178
7.818
0.355
3.847
1.757
0.011
1.130
0.440
0.110
3.835
7.050
0.000
0.000
11.930
3.053
0.000
0.168
0.000
0.000
2.306
12.990
25.045
2.890
5.845
0.823
0.125
1.847
0.159
0.000
19.637
3.674
0.000
0.031
5.078
5.342
5.449
3.684
4.328
3.817
2.427
1.857
0.435
0.038
0.007
0.353
5.822
7.907
3.142
0.000
0.000
0.003
0.000
0.000
0.000
0.000
1.606
9.312
0.000
0.000
26.517
3.170
0.000
0.000
0.006
1.567
6.338
0.045
0.619
0.023
0.012
0.260
0.147
0.000
0.069
6.708
0.400
0.000
0.001
0.000
0.000
0.000
0.007
1.842
0.331
0.000
0.000
0.000
0.000
0.000
0.000
0.101
5.253
0.000
0.000
0.000
0.000
0.139
8.442
0.667
0.417
0.248
0.000
10.268
0.928
1.128
15.199
0.000
0.000
0.000
0.000
0.176
2.779
0.406
7.657
1.570
0.592
0.573
10.283
0.001
0.845
0.000
0.014
0.063
0.000
0.806
0.000
0.000
0.000
5.567
5.590
4.037
7.708
0.404
0.022
0.000
0.000
0.212
0.000
0.000
0.001
0.000
0.179
0.000
38.039
0.819
0.000
0.083
0.000
0.000
0.000
0.000
0.303
0.241
0.000
0.000
0.004
2.153
14.051
11.823
0.000
1.766
0.606
0.059
0.000
0.000
0.004
0.000
0.067
0.002
0.000
0.000
0.000
0.000
0.000
0.000
0.000
0.000
0.000
0.000
0.000
0.031
0.019
0.000
0.000
0.000
0.000
0.000
0.138
0.000
0.000
0.000
0.436
1.177
0.000
0.000
0.000
0.000
0.143
1.066
1.562
0.000
0.000
0.000
0.000
0.000
0.000
0.000
0.000
0.000
0.000
0.000
0.000
0.000
0.257
0.014
0.000
0.000
0.000
0.000
0.000
0.428
10.985
0.885
1.200
0.000
0.012
0.176
0.000
0.518
0.001
0.009
0.000
0.268
0.000
0.000
0.000
0.000
0.000
0.000
0.027
0.048
0.135
0.000
3.123
0.040
0.000
0.210
0.000
0.000
0.000
0.000
0.000
0.000
0.000
0.141
0.477
0.000
0.000
0.437
0.222
2.872
0.000
0.000
0.000
0.000
0.000
0.000
0.000
0.000
0.000
0.000
0.000
0.000
0.000
0.000
0.000
0.376
4.636
0.000
0.000
0.000
0.282
8.660
0.000
0.000
0.000
2.981
6.211
0.900
0.000
0.037
0.000
0.831
1.233
0.000
0.411
0.438
0.029
0.000
0.000
0.000
0.000
0.000
0.473
0.171
0.000
0.000
0.000
0.347
0.000
0.000
0.041
5.695
0.386
20.850
1.679
1.910
0.000
0.000
0.000
0.000
0.023
1.033
0.000
0.000
0.000
1.828
0.000
0.000
0.000
0.000
0.056
0.006
0.000
0.040
8.520
15.796
12.850
5.693
0.000
0.000
0.000
0.000
0.000
8.762
0.178
0.000
0.000
0.451
9.227
1.404
12.547
23.901
1.321
0.000
2.500
11.087
0.053
0.881
0.823
0.010
0.000
0.000
0.000
0.018
6.257
0.000
0.127
1.745
0.000
0.000
0.000
0.000
0.000
0.887
14.444
8.452
0.000
0.000
0.232
2.259
9.800
0.486
11.391
2.851
0.000
0.132
0.000
0.024
0.000
0.000
0.000
4.445
8.187
0.000
4.080
0.799
6.123
13.686
0.000
0.000
0.000
0.160
24.014
10.616
0.782
0.000
0.000
0.000
0.600
6.809
1.169
21.995
16.624
20.188
0.169
1.172
2.621
0.672
0.059
0.000
0.000
2.291
0.861
5.274
14.501
1.989
0.000
0.000
0.151
1.225
4.314
6.033
0.314
0.842
2.545
0.000
0.000
0.000
0.000
2.298
5.543
0.000
0.000
0.000
0.000
0.576
12.391
1.142
0.029
0.000
0.112
0.252
0.000
0.543
0.015
0.000
0.000
0.000
0.027
3.295
1.490
0.000
0.000
0.000
0.000
0.000
0.127
5.678
12.151
0.000
0.094
0.159
0.114
0.000
0.000
0.000
0.125
22.214
0.000
0.000
0.000
0.012
33.358
12.683
0.000
0.041
0.121
0.000
14.874
11.402
0.874
0.589
3.371
0.086
0.000
0.000
0.071
0.074
0.000
0.183
0.170
0.000
0.000
0.021
0.624
0.057
0.068
0.000
0.016
0.066
0.166
0.050
0.013
0.000
0.000
0.000
0.000
0.062
0.802
0.000
0.089
0.000
0.000
0.014
0.121
0.059
0.000
0.000
0.096
0.000
0.000
0.000
1.787
14.495
0.010
0.338
6.612
3.878
1.139
0.000
2.466
0.614
0.000
0.000
0.195
3.909
0.230
3.647
0.000
0.000
0.000
0.000
0.060
2.356
0.219
0.000
0.000
0.000
0.000
0.000
0.000
0.019
0.022
0.000
0.010
3.717
0.000
0.293
1.208
0.018
4.448
0.260
0.017
0.148
0.069
0.000
0.000
0.000
0.116
0.553
0.000
0.000
0.098
0.017
0.009
1.972
0.004
0.000
0.000
0.000
0.000
0.000
0.000
0.000
0.000
0.000
0.020
0.000
0.000
0.000
0.000
0.000
0.987
0.000
8.968
0.885
0.000
0.000
0.000
0.000
0.002
0.003
0.000
0.945
0.000
0.032
0.000
0.000
0.000
0.000
0.000
2.046
0.014
0.217
0.000
0.000
0.000
0.000
0.000
0.000
0.000
0.000
0.000
0.000
0.000
0.000
0.000
0.000
0.000
0.000
0.244
0.000
1.850
0.406
0.053
0.412
3.533
2.568
0.000
0.099
0.053
1.823
0.000
0.000
0.000
0.000
0.000
0.000
0.000
0.000
0.000
4.181
13.039
14.627
0.986
0.217
0.000
2.557
0.000
2.576
0.082
0.000
0.000
0.000
0.000
0.000
0.000
0.033
0.000
0.000
0.000
0.000
0.000
0.000
1.868
0.372
0.000
0.000
0.000
0.000
0.000
0.000
0.001
0.000
3.674
0.526
0.303
5.584
3.811
0.475
0.004
0.000
0.006
0.022
0.000
0.695
20.336
4.675
7.666
2.881
0.107
0.023
0.000
0.000
0.000
0.000
0.000
0.000
0.000
0.000
0.019
0.001
0.000
0.000
0.000
0.000
0.000
1.178
3.437
2.204
0.033
0.000
0.000
2.663
4.367
0.051
0.000
0.000
0.182
2.840
0.749
1.376
13.420
0.926
0.456
0.000
0.000
0.000
0.000
0.000
0.000
0.080
3.853
0.000
4.315
0.011
0.250
0.000
0.000
0.000
0.000
0.147
11.138
1.628
14.615
24.724
7.947
11.157
2.034
0.033
11.850
0.540
0.593
0.015
0.000
0.000
0.000
0.000
12.501
27.818
3.746
2.992
0.006
0.085
0.000
0.089
1.528
0.971
15.826
1.782
7.770
1.222
4.465
11.804
3.663
4.616
0.310
0.012
0.567
0.400
3.211
0.324
0.000
0.139
0.003
0.017
0.005
0.000
0.000
0.000
0.034
0.020
0.000
0.000
0.000
0.000
39.764
0.291
0.019
0.010
0.193
2.489
0.000
0.062
0.000
0.000
0.637
1.108
0.000
0.428
7.365
0.486
0.327
5.698
5.243
1.320
0.075
0.098
7.784
8.307
0.065
2.423
20.992
0.033
0.487
6.664
2.554
10.606
3.626
0.006
1.855
0.000
0.000
0.000
0.000
0.000
0.068
0.676
1.478
0.003
0.000
0.001
0.000
0.000
0.000
0.000
0.049
0.000
0.010
0.000
0.000
0.000
0.000
0.000
0.000
0.000
0.000
0.000
0.219
0.162
0.000
0.000
0.000
0.000
0.000
0.089
4.677
0.000
0.000
0.141
0.799
0.000
0.000
0.000
0.000
0.000
0.000
0.000
0.000
0.000
0.000
2.254
0.175
15.510
5.812
1.925
0.000
0.000
0.026
0.000
2.221
0.337
0.013
0.000
0.000
0.014
0.000
0.000
0.000
0.000
3.932
6.478
0.081
0.000
0.000
0.000
0.000
0.000
0.000
0.000
0.000
0.000
0.000
0.014
0.000
0.000
0.000
0.000
0.000
0.000
0.000
0.000
0.000
0.000
0.003
7.825
2.882
0.079
0.000
0.152
1.510
0.000
0.336
0.000
0.033
0.000
1.360
0.000
0.000
0.253
3.167
0.103
0.434
0.000
0.342
0.830
1.872
0.000
0.004
0.000
0.000
0.000
0.000
0.000
8.356
4.718
1.227
0.000
0.000
0.000
0.000
0.000
0.000
1.189
1.341
9.468
1.958
0.000
1.133
0.076
0.689
0.000
0.000
0.000
0.000
0.000
0.000
0.000
0.000
0.000
0.000
0.000
0.000
0.000
0.000
1.461
0.024
0.019
0.000
0.000
0.000
0.000
0.000
0.000
1.289
1.679
0.000
0.000
0.000
0.000
0.000
0.000
0.000
0.000
0.000
0.000
0.000
0.000
0.000
0.000
0.000
10.045
0.000
0.312
0.000
0.000
0.000
0.954
0.000
0.000
0.000
0.000
0.000
0.000
0.000
0.000
0.000
0.000
0.000
0.000
0.000
12.110
14.819
0.000
0.000
0.000
0.000
0.000
0.102
0.945
5.023
1.037
0.000
10.340
1.796
0.000
0.000
0.000
0.000
0.031
0.000
0.000
0.000
0.000
0.000
0.000
34.941
2.515
0.072
0.201
0.013
2.265
0.069
2.005
11.501
0.000
0.000
0.000
0.005
3.465
19.568
3.695
0.109
0.039
0.000
0.000
0.734
0.000
0.000
0.000
0.000
0.000
0.000
0.252
1.488
19.331
51.793
2.629
2.452
10.634
0.540
0.132
30.167
14.554
0.179
0.000
0.000
0.000
0.000
6.864
4.332
7.195
1.569
0.006
0.001
0.000
10.353
4.843
0.256
18.609
1.435
1.583
4.200
4.171
0.000
0.667
7.110
21.271
1.392
0.587
0.003
0.000
1.645
5.616
1.585
4.544
0.641
19.170
0.086
1.004
2.184
8.430
16.187
0.850
4.694
0.010
9.402
2.215
0.834
14.630
3.638
0.000
0.000
0.000
0.000
1.506
4.061
0.619
19.600
3.228
0.115
1.000
0.180
0.000
0.000
0.000
0.602
0.639
0.228
1.748
2.047
0.000
0.508
13.645
0.000
1.217
4.594
0.000
11.758
6.563
0.015
0.000
38.861
0.000
0.001
0.000
4.020
16.878
0.058
0.000
3.991
12.298
0.000
1.927
13.258
0.001
0.000
0.229
0.000
0.080
0.046
0.720
0.131
0.048
2.663
0.024
0.000
0.000
7.420
11.066
0.171
0.000
0.000
0.093
0.205
12.984
0.213
0.493
0.000
0.000
0.000
0.209
0.767
3.117
0.178
0.000
0.000
0.000
0.000
0.000
0.000
0.000
0.000
1.000
0.000
0.000
0.000
0.000
0.000
0.000
0.000
0.716
0.045
0.107
0.276
3.289
1.257
0.267
0.000
0.000
0.000
0.104
0.000
0.383
0.299
0.000
0.005
0.011
0.000
0.000
1.758
10.100
0.009
0.000
0.000
0.066
0.007
0.000
0.000
15.526
0.242
1.231
0.000
0.000
0.000
0.000
0.000
0.000
0.231
3.366
0.015
12.954
1.880
3.196
1.197
0.000
0.000
0.000
0.134
0.000
0.000
0.000
2.696
0.000
0.000
0.000
0.030
0.000
0.000
0.000
0.404
0.521
0.000
2.293
5.199
0.000
1.341
1.456
0.862
1.107
0.000
0.000
0.000
0.014
0.000
0.342
0.011
0.022
2.906
0.812
0.395
0.581
0.003
5.081
1.394
0.000
0.147
0.165
0.000
0.011
0.000
0.000
0.000
3.042
1.144
0.371
0.000
0.000
0.000
0.000
0.000
0.000
0.296
0.658
0.607
3.274
0.000
0.000
0.000
0.000
0.002
0.000
0.000
0.000
0.010
0.000
0.981
2.552
0.214
0.662
4.836
0.000
0.000
0.000
0.434
0.000
0.000
0.470
0.000
0.000
0.000
0.000
0.001
4.088
0.291
0.000
0.000
0.000
0.651
0.000
0.000
0.000
0.000
0.000
0.000
0.000
0.000
0.000
0.000
0.000
0.000
0.000
0.000
0.000
2.268
0.000
1.870
7.189
0.000
0.730
8.019
0.000
1.099
0.919
0.708
0.011
0.000
0.000
0.000
0.000
0.000
0.051
0.000
0.000
0.000
0.231
3.031
0.988
0.000
0.000
0.000
0.000
14.266
0.001
0.000
0.000
0.000
0.000
0.000
0.000
0.000
0.191
8.038
26.230
7.998
0.185
13.336
0.000
0.000
0.074
0.016
7.351
0.000
0.000
0.000
0.000
0.000
0.000
0.000
0.000
0.087
16.121
0.446
0.000
0.030
0.000
0.000
0.000
0.000
0.023
0.113
9.769
0.722
1.011
0.000
0.000
4.151
0.000
0.000
0.000
0.000
0.000
0.000
6.973
0.003
0.000
0.000
0.159
0.793
2.806
1.124
0.933
0.321
2.119
5.302
22.574
1.004
0.000
30.790
0.000
1.234
0.113
0.060
0.234
9.349
0.000
3.686
5.091
0.000
0.570
0.000
0.116
2.971
2.685
0.000
16.696
16.012
2.647
0.000
0.085
0.000
0.409
3.254
0.020
0.032
0.000
3.572
7.378
9.178
7.514
0.566
0.000
0.596
0.001
0.148
0.084
0.000
0.000
1.066
2.024
0.000
0.004
2.173
0.080
0.000
0.053
11.103
2.146
0.053
0.236
0.000
2.234
6.049
0.004
0.000
0.000
0.000
0.000
10.835
0.148
0.000
0.000
5.866
0.289
3.199
5.823
0.095
0.016
0.022
2.174
0.674
0.159
0.908
1.076
5.085
5.599
0.078
0.000
0.000
0.000
0.000
0.285
3.077
5.881
14.506
6.595
0.060
0.138
0.000
0.001
0.113
0.661
2.246
0.101
0.000
0.000
0.000
0.000
0.084
0.000
0.069
0.537
1.448
27.036
1.584
0.000
0.426
9.217
1.916
1.082
0.329
0.000
0.000
0.000
0.217
0.456
17.516
10.840
18.196
4.252
0.219
0.000
1.508
2.882
0.355
0.005
0.000
0.001
0.000
0.082
0.000
0.000
0.000
0.000
0.000
0.000
0.000
0.000
0.000
0.000
0.000
0.000
0.000
0.072
3.342
1.376
0.000
0.000
0.000
5.578
0.000
0.242
7.167
0.000
0.000
0.000
0.000
0.000
0.871
6.715
0.402
0.000
0.000
0.000
0.000
0.016
0.409
0.000
0.000
0.829
2.616
0.000
0.000
0.000
0.000
0.000
2.513
0.932
0.000
0.000
0.000
0.000
0.000
0.000
0.000
0.000
0.000
0.000
0.000
0.000
0.000
0.556
0.008
0.000
0.015
0.028
0.000
0.000
0.000
0.000
0.000
0.000
1.079
0.031
1.003
14.292
0.003
0.000
0.048
1.866
3.662
0.260
0.005
0.000
0.000
0.000
0.000
0.000
0.000
0.000
0.000
0.000
0.000
0.000
0.000
0.000
0.005
0.000
0.000
0.000
0.008
0.000
0.288
1.464
0.000
0.000
0.000
0.000
7.506
0.000
0.000
0.000
0.000
0.744
0.019
0.000
0.007
0.000
0.045
1.199
0.722
0.000
0.000
0.000
0.006
0.000
8.505
3.678
1.648
0.000
0.000
0.000
0.000
0.000
0.000
0.000
0.000
0.000
0.000
0.608
0.000
2.324
0.000
0.000
0.005
0.000
0.833
9.704
20.142
2.490
0.003
0.000
0.000
0.060
0.000
0.000
0.000
0.144
0.000
0.000
0.000
0.000
0.000
2.855
10.222
5.089
0.000
1.683
2.026
0.047
0.560
6.688
0.702
0.000
0.090
0.154
3.422
0.004
0.000
0.000
0.000
0.000
0.000
0.000
0.000
0.000
0.113
1.164
0.205
2.081
0.944
13.387
2.316
0.000
0.000
7.099
21.818
0.523
0.000
0.000
0.000
1.170
1.943
0.259
0.310
0.000
0.000
4.439
0.788
4.733
3.528
0.000
0.000
0.000
0.000
0.033
0.000
0.000
0.992
2.563
1.981
4.952
0.811
10.586
3.154
0.088
0.000
0.000
0.000
0.000
0.000
0.000
0.000
0.000
0.173
1.339
4.364
0.000
0.000
4.264
1.467
2.031
6.325
0.075
0.112
8.465
35.930
9.780
13.890
4.701
1.073
0.485
0.000
0.432
0.000
12.019
6.845
10.874
0.002
0.318
3.608
1.601
1.095
1.086
0.488
0.392
0.030
2.827
0.159
0.006
0.069
0.324
0.000
0.000
8.289
0.000
0.000
0.000
0.000
0.000
0.835
51.597
0.649
5.054
0.000
6.063
4.252
10.083
1.500
0.092
0.000
0.000
1.074
7.563
0.138
0.000
0.000
0.000
34.368
23.143
2.058
0.028
0.071
0.008
1.939
0.001
0.316
0.125
0.057
0.024
0.317
2.907
1.474
0.000
0.000
0.000
0.000
0.021
0.000
0.024
2.804
7.247
0.074
0.008
0.531
0.027
0.141
1.675
0.763
0.462
0.000
0.000
0.000
0.425
5.085
33.789
33.495
6.486
9.236
1.082
11.472
1.666
1.937
1.127
14.266
0.021
0.000
0.041
0.069
1.360
0.002
0.496
0.070
0.031
4.374
1.785
0.000
0.000
0.145
14.568
0.000
0.000
0.038
3.886
0.783
0.560
0.918
1.651
0.576
2.018
0.033
0.003
0.000
0.000
0.010
2.069
2.010
0.000
0.000
0.196
0.166
0.000
0.000
1.457
0.000
0.000
0.091
0.000
0.000
0.000
0.000
0.137
5.002
0.992
0.005
0.000
0.764
0.000
0.062
0.000
0.051
0.014
0.000
0.000
4.341
3.580
0.000
0.308
1.106
1.701
6.444
0.000
0.000
0.112
0.000
0.000
0.000
0.000
0.000
0.000
0.000
0.000
0.000
0.129
0.000
0.000
0.000
0.035
2.330
0.945
0.000
0.000
0.000
0.000
0.000
0.000
0.000
0.006
2.736
0.504
0.000
0.002
0.000
0.018
0.013
13.520
1.738
0.000
0.034
0.000
0.000
0.000
0.000
0.000
0.000
0.160
5.925
0.000
0.000
0.000
0.000
0.000
0.000
0.000
0.048
0.000
0.174
0.000
0.036
0.643
0.054
0.000
0.000
0.000
0.000
0.000
0.027
1.268
0.107
0.000
0.000
5.460
0.000
0.000
0.000
9.160
1.577
0.000
0.283
0.000
0.000
0.075
2.183
0.018
0.000
0.000
0.000
0.000
0.000
0.000
0.000
0.000
0.000
0.221
0.199
0.214
0.043
0.000
0.000
0.000
0.000
7.319
3.672
0.000
0.000
0.196
0.604
0.415
0.000
0.000
0.000
0.000
3.372
0.000
0.000
0.000
0.000
0.000
0.000
2.442
6.452
0.008
0.000
0.000
0.000
0.000
0.360
2.896
0.000
0.000
0.000
0.356
1.355
4.301
1.569
0.000
0.000
0.000
0.000
0.000
0.000
0.000
0.390
4.533
0.709
0.203
1.836
1.110
1.271
0.000
0.000
0.000
5.540
10.010
0.289
15.124
13.863
6.192
0.061
0.165
0.002
0.000
0.000
0.000
0.000
0.000
0.000
0.000
0.000
1.039
3.457
0.043
0.861
1.322
1.370
7.725
8.445
0.000
0.000
0.000
0.000
0.000
0.000
0.000
5.339
2.782
0.000
0.053
0.000
0.000
3.735
4.176
3.439
3.077
3.250
3.099
0.000
1.811
2.785
3.030
0.034
3.439
0.000
0.000
0.000
4.455
1.345
3.202
1.953
0.119
14.119
6.030
0.333
2.232
2.083
0.000
0.000
0.039
0.002
0.000
0.934
11.820
0.709
2.920
1.353
0.000
0.790
3.401
10.187
0.820
0.693
0.000
0.000
0.319
2.212
17.404
2.631
17.071
0.008
0.000
0.000
0.000
0.000
0.376
0.000
0.000
0.000
0.000
0.000
0.012
0.264
0.148
5.797
0.000
0.000
0.529
0.402
0.000
0.000
0.000
0.000
0.000
0.000
16.573
1.903
5.459
0.000
0.000
16.939
4.928
0.664
0.001
0.000
0.077
0.000
0.000
0.000
0.000
0.000
0.000
0.000
6.791
7.821
5.474
0.016
0.000
0.067
11.416
7.866
6.816
0.675
0.412
0.000
0.000
0.000
0.000
0.000
0.000
0.000
0.000
0.113
0.134
0.000
0.000
0.000
0.000
0.086
0.000
32.119
17.148
0.000
0.000
0.000
0.000
0.000
0.000
0.000
4.053
9.891
0.240
5.853
35.624
0.000
0.000
0.000
0.000
0.000
0.205
1.767
0.673
0.000
0.000
0.000
0.000
0.279
0.592
0.000
1.362
5.626
17.347
3.429
0.000
0.033
5.012
0.000
1.739
0.668
0.211
0.000
0.000
0.000
0.000
17.403
0.909
0.000
0.000
0.000
0.000
0.000
0.000
0.000
0.000
0.000
1.474
1.313
0.000
0.000
1.025
0.028
2.014
2.114
0.002
0.000
0.684
0.000
2.820
3.712
0.000
0.000
0.000
0.000
2.096
3.012
0.355
0.002
0.000
0.000
13.348
23.725
0.000
0.000
0.000
0.038
1.708
0.000
0.000
0.000
0.000
1.129
0.030
0.000
0.016
0.623
0.000
0.000
0.321
2.634
6.358
0.000
0.000
0.625
0.000
0.000
0.000
1.344
0.000
0.000
0.000
0.417
0.012
0.000
0.000
0.000
0.000
0.000
0.256
1.177
0.000
0.000
0.214
1.113
0.000
0.000
0.000
0.000
0.000
0.000
0.000
0.000
0.000
0.000
0.000
0.226
9.310
0.000
5.332
4.588
0.917
0.000
0.000
0.000
0.000
0.073
0.153
0.000
2.413
5.590
0.000
0.000
0.000
0.000
0.000
0.000
0.000
0.000
0.000
2.021
6.622
0.000
0.000
0.000
0.000
0.000
0.000
0.002
0.004
0.000
0.063
2.442
20.760
1.845
0.012
0.000
0.000
0.000
0.000
0.000
0.073
0.000
0.000
0.000
0.000
0.000
0.000
0.000
0.000
0.000
0.000
0.000
0.019
2.140
0.002
0.152
0.003
0.088
0.000
0.003
0.000
0.446
0.000
3.443
8.478
0.871
0.000
0.573
0.182
0.014
2.377
0.251
0.283
0.004
0.944
1.242
0.013
0.000
0.060
13.112
9.357
0.000
0.000
0.000
0.184
1.153
0.013
0.000
0.000
0.091
0.257
0.001
0.449
0.000
0.000
0.000
0.000
0.000
0.000
0.000
0.014
0.000
17.258
0.599
2.469
3.642
1.430
9.295
0.000
3.882
20.389
7.073
7.369
0.002
0.000
8.367
14.394
5.458
2.611
17.779
3.310
8.675
0.144
0.108
1.044
9.493
0.000
0.000
1.810
12.522
12.834
10.354
0.262
0.000
0.000
0.475
3.623
2.417
0.745
0.000
0.000
0.458
6.024
0.052
0.009
0.000
0.000
0.000
0.072
0.215
1.921
11.759
0.423
5.263
8.833
2.954
0.000
0.885
0.963
0.012
0.957
0.212
0.493
2.671
1.370
3.538
0.017
5.939
5.859
0.000
0.199
4.344
3.688
2.290
1.487
0.000
0.000
2.329
0.659
0.002
12.488
0.081
0.000
0.000
0.000
0.000
0.000
8.123
1.006
0.000
0.000
0.001
1.976
0.070
7.744
2.425
4.239
0.000
0.249
0.000
0.000
0.000
0.004
0.000
0.000
0.000
0.000
13.461
0.000
0.434
0.000
0.000
0.136
1.050
3.950
0.432
0.001
0.080
16.477
0.000
17.648
8.638
29.307
0.814
0.000
0.000
0.000
0.000
0.000
0.000
0.000
0.000
0.000
0.002
0.000
0.000
0.000
0.000
0.015
0.007
5.776
2.282
2.239
4.720
0.000
0.000
0.000
0.000
0.080
0.481
0.122
0.912
0.000
2.440
6.380
0.000
0.000
0.068
0.000
0.000
0.000
1.690
4.535
0.000
0.000
0.000
0.000
0.000
0.000
0.000
0.000
0.000
0.000
0.423
0.019
1.105
0.000
0.000
0.000
0.225
0.000
0.000
0.000
0.000
0.000
0.000
0.000
0.000
0.000
0.000
0.000
0.000
0.000
0.000
0.000
0.000
0.000
0.000
0.044
0.723
3.895
0.009
0.000
0.000
0.000
0.008
0.038
3.242
0.000
0.000
0.104
0.435
0.001
3.437
0.012
4.511
0.040
0.760
0.000
0.000
0.000
0.000
0.002
0.000
1.264
0.000
1.541
0.145
0.001
0.000
0.000
0.000
0.000
0.000
0.167
0.000
0.000
0.000
0.000
0.000
0.000
0.000
0.000
0.000
0.000
0.466
0.000
1.114
2.019
1.602
1.672
0.105
0.505
0.018
0.000
0.234
0.000
0.096
3.700
0.750
8.593
4.064
1.624
0.024
0.008
0.000
2.376
0.000
0.000
0.000
0.000
0.000
0.000
0.000
0.000
0.187
0.953
0.000
0.000
0.000
0.000
0.000
0.037
0.006
0.000
0.247
0.001
0.000
0.000
0.228
13.046
0.155
6.242
0.032
1.257
0.000
0.000
0.961
3.059
7.547
0.000
0.000
0.029
0.000
5.381
0.221
0.000
0.000
0.000
0.005
0.000
0.359
0.000
0.000
0.000
0.000
0.000
0.000
0.000
0.000
0.000
0.000
0.018
0.621
0.014
0.000
0.000
0.000
1.795
15.163
5.165
0.073
4.468
7.098
3.706
0.071
13.180
35.788
0.085
0.000
0.000
0.000
0.000
0.000
0.000
0.000
0.000
0.000
0.394
1.585
1.194
18.900
2.903
2.584
19.157
0.059
0.000
0.027
0.024
0.183
0.000
0.000
0.429
26.892
8.169
2.411
1.374
1.504
9.372
1.832
13.661
18.223
8.304
0.840
0.483
0.437
4.634
10.511
4.433
27.876
7.784
0.387
0.865
0.000
0.000
5.681
0.000
3.153
10.279
24.105
2.644
0.151
0.055
0.289
0.131
0.000
17.546
27.333
0.000
1.823
0.866
2.161
0.302
0.336
0.000
0.046
0.000
0.000
0.480
0.785
0.000
0.083
0.203
0.000
0.000
0.000
0.060
0.000
0.000
0.001
0.000
0.068
0.000
0.000
0.000
0.000
0.000
0.002
0.000
1.782
3.154
0.007
4.678
6.788
0.000
9.146
7.253
0.017
0.004
0.000
0.063
0.889
0.000
0.000
1.329
6.985
0.002
0.050
0.000
0.000
0.011
0.000
0.000
0.000
0.000
0.000
0.000
11.960
16.954
0.000
0.000
0.000
0.158
0.000
0.000
0.000
0.000
0.000
0.000
0.253
13.998
0.082
0.000
0.000
10.858
0.003
0.034
0.048
0.000
19.189
10.159
1.100
0.000
0.000
0.000
0.385
6.247
0.000
0.000
6.340
42.024
48.620
8.096
0.210
0.000
0.028
0.392
0.000
0.713
3.395
1.032
0.148
0.032
0.677
1.500
0.219
0.000
0.000
0.000
0.000
0.000
0.000
0.000
0.000
0.000
7.818
10.519
1.143
0.020
0.043
0.000
2.560
0.000
0.079
12.329
0.000
0.013
0.000
0.076
0.000
0.000
0.000
0.000
0.000
0.000
0.000
0.000
0.000
0.000
0.000
5.065
0.029
0.501
0.000
0.000
0.000
0.000
0.000
0.000
0.000
0.000
0.156
0.166
1.873
0.466
0.517
0.716
0.000
0.000
0.000
0.000
0.000
1.618
0.531
0.000
0.000
0.234
0.020
3.710
3.028
0.075
0.000
0.495
0.000
0.071
0.000
0.464
0.870
3.265
1.148
3.159
0.000
0.000
1.009
7.431
0.000
0.000
0.000
2.518
0.000
0.000
0.003
0.000
7.086
0.052
0.000
0.000
0.000
0.017
0.996
0.014
0.777
0.000
0.000
0.000
0.000
0.000
0.001
0.091
0.002
0.000
0.000
0.000
1.925
0.608
0.000
0.000
0.000
0.000
0.000
0.000
0.026
0.000
0.000
0.000
0.097
0.000
0.000
0.000
0.076
1.069
0.000
0.000
1.594
8.299
0.227
0.000
0.000
0.000
0.000
0.000
0.000
0.000
0.036
0.000
0.000
0.000
0.000
0.000
0.000
0.000
0.000
0.002
19.716
2.951
0.000
0.000
3.861
2.163
0.046
17.116
0.000
10.415
2.342
0.000
0.016
0.268
1.620
0.000
0.146
2.631
0.002
1.947
0.147
0.000
2.208
0.537
1.635
0.038
0.000
0.000
0.000
0.000
0.000
0.000
0.000
0.000
0.000
0.000
0.240
3.551
17.276
12.335
10.642
1.299
0.987
15.544
24.119
4.517
17.112
0.702
3.123
8.740
0.432
0.014
0.001
0.514
0.144
0.714
0.409
0.219
0.000
0.000
0.000
0.000
0.000
0.265
9.328
0.314
0.088
0.000
0.001
28.158
9.763
2.898
2.853
4.537
8.708
0.000
0.000
0.000
0.000
0.000
0.000
0.000
0.000
0.139
0.214
4.662
7.448
36.365
0.016
0.000
0.739
0.007
3.685
5.358
2.213
1.418
1.882
1.224
4.231
5.573
0.364
0.000
17.260
2.995
0.180
0.000
0.000
1.151
0.000
15.494
47.899
0.172
2.023
9.252
0.000
0.000
0.391
16.267
0.000
1.364
4.513
0.006
0.792
0.225
0.000
0.038
0.000
0.724
2.996
0.000
0.000
0.000
0.000
1.856
14.907
2.945
9.617
12.422
23.666
1.808
0.013
0.243
0.044
2.338
0.000
0.000
0.632
1.133
16.981
0.049
0.000
0.000
0.000
0.000
0.000
4.668
8.674
0.003
7.065
5.847
34.793
5.694
0.183
0.049
0.228
0.174
0.008
4.836
8.973
2.434
3.138
0.181
0.000
0.000
0.000
0.427
0.190
0.000
0.000
0.000
0.000
0.896
14.071
0.780
0.033
0.026
0.000
0.000
0.000
0.000
0.000
0.000
0.000
0.947
8.643
0.000
0.703
0.000
0.000
0.000
0.126
0.299
0.101
0.000
1.046
1.508
0.000
0.000
0.000
0.000
0.000
0.000
0.000
0.000
0.000
0.000
0.763
0.000
0.000
0.000
0.000
0.000
0.000
0.000
0.000
0.000
0.000
0.000
0.000
0.000
0.000
0.000
0.000
0.000
0.000
0.000
0.921
0.000
0.000
0.000
0.000
0.000
0.000
0.000
0.000
0.000
0.000
0.000
0.000
0.000
0.000
0.000
0.000
0.000
0.000
0.000
0.006
0.000
0.000
0.000
0.054
0.000
3.045
0.000
0.000
0.000
0.999
0.794
0.000
0.001
0.100
0.896
0.000
0.272
0.687
0.000
0.000
0.004
0.853
0.000
0.000
0.000
0.297
0.059
1.500
0.000
0.000
0.000
0.102
4.428
0.147
3.525
0.000
0.000
0.000
0.000
0.052
0.789
1.029
0.000
0.259
0.000
0.000
0.000
0.000
0.000
0.000
0.000
0.000
0.000
0.000
0.000
0.067
0.039
0.000
0.000
0.000
0.000
0.002
4.946
0.977
0.719
0.447
0.549
0.815
9.156
0.437
0.000
0.000
0.000
0.000
0.000
0.043
4.109
0.865
6.373
0.003
0.316
0.000
0.000
0.000
0.000
0.000
0.000
0.110
0.511
7.368
12.618
0.000
0.000
0.000
0.000
0.016
10.260
0.000
0.000
0.000
0.000
0.000
0.000
0.000
0.001
6.889
3.857
0.101
0.067
0.115
0.000
0.000
0.000
0.000
0.155
3.442
0.007
2.081
3.103
0.000
0.000
0.085
0.272
7.120
0.000
0.740
0.011
0.081
0.168
0.605
0.004
1.259
11.096
0.005
0.000
0.000
0.000
0.000
0.000
0.001
1.116
0.000
1.441
3.672
0.119
0.000
0.000
0.000
0.000
4.739
24.460
0.022
1.482
11.854
4.718
5.058
0.000
0.848
6.789
0.000
0.000
0.000
0.103
2.119
0.118
0.005
0.000
0.070
0.273
5.950
11.799
0.052
4.053
1.258
0.517
0.321
1.007
16.024
2.292
0.000
0.000
0.072
0.016
1.396
0.000
0.123
12.040
21.680
6.239
18.132
5.467
3.855
2.128
6.425
0.830
5.455
1.001
0.002
5.187
6.386
0.134
1.700
0.796
0.017
0.297
1.525
0.002
0.000
13.036
0.689
25.114
5.785
24.215
3.589
2.188
11.493
1.063
0.000
0.000
0.393
0.000
2.171
1.641
0.496
0.000
0.000
0.000
0.001
6.010
16.491
0.000
0.000
0.000
0.000
0.000
1.373
0.000
0.000
0.000
0.293
0.175
0.593
0.000
0.010
0.000
0.000
1.810
0.810
4.012
1.413
1.517
9.580
0.125
0.000
0.065
3.173
0.024
0.112
0.000
1.183
4.062
0.129
0.884
0.829
0.242
6.196
0.030
1.199
0.854
0.000
0.000
3.179
8.768
0.378
0.126
0.034
0.007
0.000
0.838
1.886
0.000
0.000
0.000
0.045
0.991
0.115
0.311
6.574
15.860
0.002
0.000
0.000
0.000
0.000
0.000
0.000
0.116
0.296
0.016
0.000
3.922
0.585
0.063
0.000
0.000
0.005
0.265
0.000
0.843
5.118
0.854
0.498
0.000
0.000
0.000
0.000
0.024
0.000
0.000
0.000
4.374
3.764
8.440
0.007
0.741
3.732
0.385
30.003
10.931
1.008
0.000
0.000
11.209
19.588
2.037
0.088
0.000
0.000
7.912
6.043
0.149
0.000
0.044
0.024
0.205
1.171
0.908
0.000
0.000
0.000
0.000
0.000
0.000
0.028
0.166
6.948
0.000
0.000
0.000
0.000
0.000
0.000
0.131
1.609
0.000
1.038
0.887
0.000
0.000
0.000
0.000
0.000
1.922
0.028
4.325
0.487
0.019
0.217
0.000
0.000
0.000
0.000
0.000
0.000
5.762
4.834
0.000
0.109
0.000
0.000
0.739
0.000
0.000
0.003
0.000
0.465
0.000
0.000
0.000
0.000
0.000
1.279
1.364
0.182
0.021
0.013
0.000
0.000
0.000
0.000
0.000
0.000
0.000
0.000
0.000
0.000
0.000
9.830
6.126
0.000
0.000
0.183
0.560
0.017
0.000
0.013
3.987
3.853
0.000
0.002
2.724
0.000
0.366
0.000
0.000
0.000
0.000
0.000
0.000
0.000
0.024
0.020
2.127
16.497
2.585
0.000
0.000
0.000
0.000
0.000
0.000
0.000
0.000
0.000
0.000
0.000
0.003
0.000
2.352
3.799
0.000
0.000
0.000
0.000
0.000
0.063
0.000
0.000
0.000
0.000
0.000
0.000
0.000
0.000
0.000
0.022
0.000
1.552
0.000
0.052
0.000
0.016
0.649
0.548
44.601
8.446
0.000
0.000
0.476
17.668
0.019
0.423
0.097
0.039
0.000
0.000
0.000
0.291
0.058
0.575
30.569
0.005
0.000
0.000
0.000
0.000
0.182
4.285
0.016
0.055
0.000
0.000
0.693
6.081
7.009
2.355
0.000
0.001
0.000
0.000
0.000
0.000
0.000
0.036
0.107
0.000
0.095
2.077
15.767
4.683
13.609
6.620
0.750
10.847
1.746
0.123
0.000
0.000
0.121
5.131
3.909
0.098
0.067
0.537
0.977
0.860
1.247
5.867
6.170
9.331
11.805
19.093
39.260
5.631
3.852
1.593
18.588
0.011
3.594
6.667
0.218
0.000
0.013
0.061
1.313
1.425
0.014
10.244
0.116
0.969
1.259
0.422
0.000
0.003
1.946
3.235
0.000
0.000
0.000
0.000
0.000
0.000
0.000
1.414
2.491
1.698
9.080
6.914
2.465
4.839
0.399
2.464
0.000
0.000
0.002
13.385
18.185
0.000
1.856
0.719
0.000
0.000
0.000
0.000
0.000
0.000
0.000
1.686
5.554
0.000
0.000
0.000
0.000
0.035
0.770
0.286
3.382
4.827
0.000
0.357
0.000
0.000
0.000
0.000
0.000
2.193
2.685
0.000
2.044
21.925
1.221
1.362
2.864
0.000
0.000
0.000
4.827
17.981
7.262
0.001
0.341
0.000
0.000
0.000
1.378
6.761
0.447
0.861
0.510
0.090
0.101
5.967
0.622
4.540
0.092
0.000
0.000
0.000
0.000
0.000
0.000
0.000
0.000
0.000
0.000
0.000
0.000
0.000
0.653
3.673
20.655
4.826
0.940
8.433
0.100
2.483
0.697
0.000
0.313
0.000
0.000
0.000
0.030
0.751
4.197
1.500
0.090
0.000
0.000
0.001
0.000
0.412
0.000
0.000
0.000
0.000
0.000
0.000
0.004
0.737
0.000
0.000
0.000
0.000
0.633
0.000
0.000
0.000
0.000
0.000
0.009
0.000
0.000
0.000
0.000
5.481
15.821
0.508
11.453
4.768
1.982
0.007
0.647
0.000
0.024
0.000
2.732
0.187
0.000
0.000
0.000
0.000
0.000
0.000
0.000
0.000
0.000
0.000
0.000
0.000
0.000
0.000
0.000
0.000
5.425
0.000
0.000
0.000
0.000
0.065
0.000
0.005
0.000
0.029
0.000
0.000
0.000
0.000
0.000
0.000
0.000
0.000
0.000
0.000
0.000
0.000
0.017
0.009
0.013
0.074
0.000
0.000
0.000
0.000
0.000
0.000
0.000
0.000
0.000
0.000
0.434
0.725
0.858
0.000
0.003
0.000
0.000
0.000
0.000
0.000
0.000
0.000
0.000
0.865
0.000
0.260
0.000
0.000
0.000
0.000
0.000
0.000
1.633
2.366
0.156
0.000
0.000
1.998
1.523
0.087
0.000
0.000
0.000
0.000
0.000
0.849
0.576
1.569
0.000
5.999
5.385
0.440
0.000
0.000
0.002
0.000
2.538
0.000
0.000
1.420
0.459
0.052
1.477
0.000
0.000
0.000
0.000
0.000
0.000
1.229
0.099
0.173
0.005
0.147
8.653
0.008
0.000
0.000
0.000
0.000
0.000
0.000
4.921
11.532
0.000
0.276
1.956
0.000
0.000
13.573
6.014
0.017
0.000
0.278
2.090
0.296
0.158
0.000
0.000
3.835
5.188
2.826
0.282
0.000
0.000
0.257
3.811
0.079
0.792
0.000
19.359
17.758
0.802
0.000
9.889
0.359
0.258
3.442
0.000
0.000
0.000
0.000
0.000
0.003
0.004
0.231
0.000
0.000
0.000
0.000
0.000
2.048
1.527
0.022
0.000
0.040
1.581
0.004
0.000
0.000
1.422
0.007
0.000
0.184
0.389
0.149
0.009
3.117
0.021
0.000
0.021
0.000
21.698
8.176
2.214
0.173
36.305
15.364
18.090
0.196
0.000
0.000
0.000
0.000
0.000
0.000
0.000
0.000
0.000
0.000
0.000
80.923
0.000
26.445
24.910
0.000
0.000
0.000
0.000
0.000
0.000
6.086
0.843
0.035
2.694
5.532
0.000
3.536
3.597
4.713
4.226
3.354
2.706
0.000
8.854
3.159
0.460
0.729
8.095
0.000
0.000
0.000
0.458
0.012
10.525
0.000
13.344
0.000
0.000
7.298
3.224
11.925
0.000
0.000
0.000
4.959
0.000
0.026
0.000
0.007
0.000
1.791
0.000
22.688
0.269
0.000
9.613
6.006
9.097
0.000
1.101
0.000
0.000
0.000
0.344
13.793
0.000
0.000
0.000
0.000
0.000
0.000
0.000
0.000
3.197
0.000
0.028
0.052
6.348
1.261
0.283
0.206
0.000
0.073
0.754
0.232
0.036
0.030
0.000
20.736
7.135
9.357
1.760
0.319
0.000
1.399
0.000
3.483
0.000
0.030
0.000
0.000
3.700
3.675
0.287
0.000
3.862
0.000
0.000
0.000
0.000
0.222
0.153
1.118
2.416
1.178
0.000
0.000
0.000
0.000
0.051
0.487
0.004
0.000
0.000
0.000
2.192
0.655
0.000
0.016
0.063
0.073
0.000
0.000
0.000
0.000
0.183
0.525
0.000
0.000
0.000
0.015
0.000
0.000
0.000
0.000
0.092
0.000
0.000
0.000
0.729
0.000
0.000
0.000
0.000
0.000
0.000
0.000
0.000
0.000
0.000
0.000
0.000
0.270
2.324
2.718
1.248
0.312
0.187
0.010
0.046
0.000
0.000
0.000
0.782
0.000
0.047
0.001
0.000
0.000
0.000
0.003
0.000
0.000
0.000
0.000
0.116
0.446
0.000
0.000
0.205
0.152
0.000
0.047
0.000
0.632
0.022
0.000
0.000
0.000
0.000
0.075
0.118
0.432
0.749
0.031
0.000
0.113
2.502
0.010
0.132
0.814
0.000
0.000
0.072
0.000
0.004
0.000
0.004
0.670
0.000
0.000
0.000
0.000
0.000
0.000
2.378
0.206
0.000
0.002
0.077
0.000
0.000
0.000
0.000
0.000
0.000
0.000
0.000
1.070
0.627
0.000
0.000
2.268
0.953
0.000
0.224
0.189
0.359
3.021
0.000
0.000
0.000
0.000
2.807
0.216
0.004
1.797
0.000
0.000
0.000
0.000
0.000
1.707
0.107
0.000
0.000
0.000
1.540
2.422
0.000
0.243
0.208
0.000
0.000
0.000
0.000
0.000
0.000
0.000
0.000
0.000
0.000
24.276
16.927
0.000
14.123
1.359
2.128
0.000
0.000
0.000
0.149
0.192
0.915
0.000
0.000
0.000
0.000
0.000
0.000
0.128
11.837
13.328
0.640
0.000
25.787
2.679
2.213
0.000
0.000
5.019
0.005
0.000
0.000
0.088
16.542
0.098
0.000
2.048
1.880
0.000
0.000
0.000
0.088
2.754
0.000
0.031
0.041
0.000
0.000
0.238
0.000
0.492
3.020
13.390
0.675
4.016
14.524
0.392
4.852
0.010
0.000
0.000
0.000
16.262
0.022
0.000
0.000
0.000
19.644
21.789
17.432
18.028
1.523
4.127
5.788
3.817
0.000
0.000
0.000
30.109
3.305
0.000
0.000
10.861
0.001
0.202
36.407
1.660
6.640
0.040
0.164
0.675
0.000
0.000
0.000
0.062
4.207
0.269
1.931
0.133
0.000
0.000
0.394
0.002
0.000
0.000
2.746
4.264
0.338
0.523
1.706
0.092
2.186
0.579
2.009
0.038
0.000
0.024
1.030
0.000
0.000
0.000
0.000
0.000
0.043
0.000
0.334
0.018
0.899
0.162
0.017
0.059
0.370
0.132
0.059
5.589
0.268
0.148
0.000
0.000
1.141
0.013
0.011
0.000
0.000
0.000
0.000
0.000
2.326
11.537
4.689
0.016
0.002
0.165
0.000
0.150
1.251
3.096
0.000
2.875
8.276
0.523
0.073
0.450
0.043
0.052
0.000
1.396
1.427
0.000
0.000
0.000
0.000
0.000
0.000
0.000
0.000
0.000
0.000
0.057
12.659
0.000
0.000
0.000
0.000
0.000
0.000
0.000
0.000
0.052
1.071
0.000
0.902
0.000
0.054
0.156
9.482
0.444
1.030
0.474
0.000
0.000
0.000
6.006
0.007
0.000
0.000
0.000
0.000
0.000
0.000
0.640
0.000
0.158
0.004
0.006
0.595
0.191
0.000
0.000
0.000
0.000
2.166
3.520
0.033
0.000
0.000
0.000
0.000
0.000
0.000
0.000
0.000
0.000
1.983
0.000
0.000
0.000
0.000
0.002
0.000
0.000
0.008
0.000
0.001
3.332
0.016
2.144
0.000
0.000
0.000
0.000
0.000
0.000
0.000
0.008
1.145
0.448
0.409
1.098
0.577
0.000
0.000
0.020
0.000
0.044
0.000
0.000
0.000
0.000
0.092
0.000
0.248
0.050
0.794
0.000
0.000
0.000
0.000
0.000
0.292
0.131
0.068
2.391
0.019
2.641
13.925
0.455
0.051
0.000
0.000
0.071
1.460
0.178
0.000
0.000
2.279
2.535
0.000
0.000
1.026
0.068
1.266
2.765
0.000
0.000
0.000
0.000
0.000
0.000
3.041
4.483
0.001
0.000
0.111
0.000
0.000
0.040
0.000
0.000
0.000
3.620
0.131
0.029
4.686
0.557
2.079
2.944
0.000
0.006
0.000
1.200
0.000
0.349
1.083
0.000
0.384
1.582
3.491
0.000
0.000
0.000
0.000
0.000
0.000
0.000
9.980
0.000
6.188
0.346
0.000
0.000
0.000
0.000
0.000
0.000
0.000
0.000
0.000
0.000
0.000
0.000
0.000
0.000
0.000
0.001
0.026
0.000
0.003
4.405
5.458
0.000
21.614
0.000
0.000
0.000
1.081
0.021
0.000
0.115
0.110
0.032
0.000
0.056
0.000
0.033
0.315
0.063
0.000
0.000
0.000
0.024
0.084
33.068
0.624
0.000
0.023
3.145
23.382
0.002
0.000
2.167
0.266
0.648
0.384
3.653
16.301
0.014
3.579
0.000
2.568
19.870
14.288
7.706
0.557
0.000
0.000
3.422
0.496
0.411
0.036
5.381
0.201
2.187
0.032
5.868
0.259
3.527
3.024
0.011
0.002
0.000
0.056
0.121
0.114
4.334
4.773
0.001
0.000
1.971
1.608
0.000
0.000
0.000
2.156
1.255
16.988
0.351
6.239
31.010
0.086
0.266
0.000
26.462
1.318
12.777
0.000
0.000
5.532
0.000
0.000
0.634
0.000
0.000
1.932
0.000
0.000
0.000
0.000
0.000
0.067
6.962
16.284
3.795
0.005
13.357
0.647
0.000
0.000
0.000
16.756
0.082
3.448
0.992
0.354
0.000
0.006
1.124
0.000
0.000
0.189
0.060
0.019
0.000
0.000
3.625
0.326
0.340
0.113
1.312
0.367
0.000
0.002
9.618
2.486
0.026
0.007
0.000
0.000
40.950
17.446
0.000
0.068
0.021
0.000
0.166
0.000
0.000
0.812
11.923
34.968
0.000
0.000
0.000
10.234
38.470
3.311
5.550
11.258
0.000
0.000
0.000
0.000
0.000
0.129
24.146
6.971
0.009
0.000
0.000
0.000
0.066
0.027
0.000
0.000
0.099
0.000
0.393
0.149
2.278
2.519
0.000
0.061
0.888
0.271
0.006
0.814
14.191
6.194
0.080
0.000
0.000
0.703
6.039
5.356
0.623
0.000
1.625
0.000
0.000
0.000
0.000
0.000
0.000
0.000
0.001
0.000
0.000
0.000
0.000
0.000
0.000
0.000
0.000
0.394
6.272
0.000
0.110
0.000
0.069
0.000
0.316
1.793
0.000
0.000
0.000
0.000
0.064
0.000
1.018
0.000
2.057
0.882
0.000
0.001
4.196
0.000
0.051
0.133
0.000
0.000
0.000
0.000
0.000
0.000
0.053
0.553
0.000
0.027
0.000
0.000
0.000
1.433
0.000
0.000
0.070
2.532
0.064
8.125
0.000
0.087
0.000
0.000
0.000
0.000
0.025
6.232
0.000
4.985
1.728
0.000
0.000
0.000
0.000
0.000
1.170
1.140
2.082
6.536
0.000
0.000
0.000
0.000
0.000
0.068
2.021
0.000
0.000
0.000
0.000
0.000
0.000
0.000
0.000
0.000
0.000
0.140
0.000
0.007
0.000
0.399
2.485
0.000
0.000
0.000
0.000
0.000
4.685
1.648
0.120
0.001
2.167
0.000
0.000
0.000
0.147
0.000
0.000
0.000
0.000
0.000
0.000
0.000
0.000
0.000
0.799
0.488
1.327
0.000
0.000
0.177
0.660
0.000
0.000
0.000
0.000
0.000
0.000
0.000
0.000
0.000
0.000
0.000
0.000
0.000
1.082
12.622
0.000
0.000
0.000
0.004
0.000
0.048
0.000
0.000
0.000
5.945
18.500
22.455
1.777
0.000
0.000
0.000
0.000
0.000
0.000
2.622
0.000
0.000
0.077
0.000
0.031
0.622
0.148
0.010
0.001
0.003
0.114
0.004
0.000
0.000
0.000
0.051
0.253
3.099
6.118
8.480
0.072
0.046
8.447
4.037
0.742
0.017
0.164
5.837
2.502
0.000
2.228
1.130
0.082
0.000
19.829
30.814
1.304
4.059
0.946
2.519
0.000
0.260
0.036
0.243
2.087
15.506
2.710
8.391
20.379
0.000
10.375
1.578
13.719
1.776
24.835
3.356
0.000
0.000
0.000
0.000
3.863
21.094
0.002
0.000
2.500
0.003
0.000
2.430
2.121
0.848
31.128
2.259
0.003
4.143
0.000
0.037
0.000
0.089
0.000
0.030
0.000
0.000
6.814
0.019
0.000
0.000
2.996
0.049
0.423
0.019
0.000
0.047
0.000
0.009
3.602
1.052
19.001
0.000
9.821
0.000
0.000
0.005
0.000
0.000
9.604
0.997
0.000
0.000
0.000
1.135
28.450
4.336
0.000
0.283
0.000
0.000
0.000
0.000
33.062
0.540
2.700
7.654
0.028
0.000
0.000
0.000
0.001
33.105
0.000
0.000
0.000
0.000
0.005
0.419
0.000
0.042
14.985
0.425
18.504
0.000
0.000
0.000
0.000
0.000
5.466
32.279
0.000
1.346
0.161
4.913
0.011
2.691
0.000
0.000
0.000
0.000
5.794
5.421
6.000
0.001
0.000
0.000
0.000
0.000
0.000
0.000
0.000
54.461
3.741
0.000
0.000
0.000
0.000
0.000
0.000
5.580
0.013
0.000
0.000
0.684
0.000
0.000
0.000
0.001
0.005
0.031
0.001
0.000
0.000
0.000
0.000
0.160
1.256
0.204
0.251
0.066
0.000
0.914
0.000
0.000
0.000
0.020
0.424
0.000
0.000
0.000
6.965
0.067
11.045
4.025
0.000
0.595
0.294
0.010
0.000
0.000
0.000
0.000
0.071
0.000
0.000
7.256
14.658
0.011
0.206
0.000
0.161
0.609
0.209
0.000
0.171
0.082
0.079
0.034
0.107
0.366
0.000
3.204
4.409
2.687
0.326
0.000
0.000
0.000
0.000
0.000
0.000
0.000
0.000
0.000
0.000
0.039
0.000
10.058
2.744
0.005
0.114
0.000
0.033
0.010
0.000
0.000
1.815
1.656
0.000
0.000
0.000
0.000
0.000
0.000
0.000
0.694
0.000
0.003
0.974
0.000
0.000
0.240
1.537
0.109
0.060
0.000
0.000
0.000
0.021
0.053
4.366
0.036
3.033
0.000
0.000
0.000
0.108
0.180
0.011
2.727
0.376
0.029
0.000
0.000
0.000
0.000
0.000
0.000
0.000
0.022
0.366
0.933
0.058
0.656
0.313
0.000
0.038
0.000
0.000
2.671
0.115
0.000
1.369
0.988
0.019
5.008
0.000
0.000
0.095
0.375
0.009
0.000
0.000
0.000
0.000
0.000
0.000
0.000
0.000
0.000
0.000
0.026
0.000
0.000
0.000
0.000
0.000
2.097
14.664
2.267
2.796
3.086
0.000
0.000
0.000
0.000
0.000
0.000
0.000
0.000
0.000
0.000
0.031
0.329
0.000
0.000
0.074
2.047
2.149
1.284
2.909
0.000
0.000
0.000
0.000
0.000
0.403
12.831
15.058
7.647
4.081
4.574
0.102
0.001
0.002
0.000
0.166
7.365
17.531
16.860
0.548
5.081
1.932
0.001
0.103
0.000
0.000
0.116
0.052
0.931
0.003
0.000
7.191
2.273
0.000
0.000
0.000
0.000
0.007
0.067
0.761
2.712
0.000
0.335
1.983
9.156
0.000
0.000
3.868
12.283
0.627
0.153
0.000
0.000
0.277
1.130
3.545
4.307
0.088
0.000
0.208
0.033
0.050
5.779
9.083
0.211
3.698
0.000
0.000
0.219
6.959
0.000
5.931
0.000
0.000
0.000
0.000
0.851
0.000
0.000
0.000
0.000
0.001
1.553
0.000
0.126
0.982
0.000
4.123
1.481
1.443
0.000
0.059
0.001
3.631
6.044
0.015
0.000
21.445
2.023
0.021
2.051
0.282
0.448
0.045
1.813
0.024
0.000
0.000
1.964
27.321
0.171
0.000
13.084
4.702
0.000
0.505
0.012
0.130
2.836
0.001
0.012
0.000
17.611
0.000
12.341
0.000
0.000
0.000
0.000
0.000
0.000
3.309
30.962
5.228
0.109
0.000
0.000
0.000
0.000
0.000
0.000
0.000
0.009
0.000
0.000
0.000
11.390
16.092
5.075
7.770
0.000
0.000
17.792
6.889
2.377
0.000
0.001
0.012
0.691
0.403
0.818
0.000
0.000
0.000
15.619
0.000
0.000
0.000
0.000
0.000
0.232
4.829
0.541
0.002
0.000
0.000
0.429
12.496
1.539
0.000
0.000
0.047
0.000
0.000
0.000
0.000
0.000
0.000
0.000
0.000
0.000
0.000
0.001
0.016
0.000
0.000
0.000
0.000
0.000
0.114
0.016
0.003
0.000
0.000
0.000
0.057
0.000
0.000
0.000
0.000
0.000
0.000
0.000
0.000
0.000
0.000
0.000
0.000
0.028
2.092
7.919
0.000
0.000
0.136
0.051
1.421
0.000
0.133
0.000
0.000
0.000
0.000
0.000
0.132
0.172
0.043
0.014
0.000
0.000
0.000
0.000
0.000
0.011
2.126
0.000
0.000
0.000
0.000
0.000
0.000
1.629
5.087
17.764
0.000
0.002
0.000
0.000
0.214
0.000
0.043
0.000
0.000
0.000
0.000
1.574
0.000
0.000
0.000
0.000
0.000
0.000
0.132
0.000
0.000
0.204
0.000
0.000
0.000
0.000
0.075
0.004
0.539
0.015
0.000
0.003
0.114
0.000
0.000
0.079
0.998
0.143
0.000
0.000
0.000
0.000
0.000
0.000
0.000
0.000
0.000
0.000
0.000
0.000
0.000
0.000
0.000
0.000
9.140
19.838
4.156
0.427
0.017
3.351
2.781
0.229
0.000
0.000
0.975
2.163
0.000
0.000
0.000
0.000
0.000
0.000
0.000
0.232
0.968
0.000
0.000
0.000
0.000
0.002
0.249
0.000
0.000
6.119
0.543
0.459
2.783
3.474
14.163
5.721
22.554
3.341
3.557
7.915
0.000
0.000
0.000
0.000
0.000
0.001
0.766
0.000
0.000
0.000
0.000
0.000
0.110
0.000
0.000
0.201
12.646
23.932
8.399
0.249
0.000
0.000
0.000
0.000
0.208
0.000
0.029
0.000
0.000
0.031
7.335
5.359
0.563
0.087
0.000
0.000
0.000
3.397
0.000
0.000
0.006
0.014
0.000
0.000
13.715
0.014
0.000
28.546
4.862
0.112
0.066
1.016
0.640
0.605
13.087
21.098
8.236
0.059
21.379
5.374
0.248
0.097
0.305
2.307
1.580
0.000
0.050
11.027
0.108
0.042
1.092
1.173
4.816
3.479
1.475
0.161
0.000
0.000
0.000
0.000
0.000
0.000
0.087
0.000
0.000
0.000
0.000
0.049
3.230
1.183
7.780
0.000
0.000
0.000
0.000
0.473
6.546
0.907
0.628
0.016
1.917
0.043
4.845
0.000
0.000
0.000
0.000
0.000
0.009
0.339
0.006
1.610
0.402
6.210
0.000
0.000
0.000
0.000
0.000
0.868
0.000
0.000
0.135
0.023
0.828
0.009
0.119
0.002
13.565
0.090
0.001
0.743
0.748
0.035
0.000
0.002
2.742
3.370
0.574
0.456
0.028
0.645
0.011
0.128
0.007
21.907
0.000
0.000
0.315
0.037
0.000
0.000
0.004
0.023
0.000
9.776
0.011
4.700
0.168
0.286
0.000
0.132
0.222
0.000
0.000
0.286
3.706
8.082
8.111
25.818
0.000
0.000
0.004
3.562
0.195
2.106
0.000
4.432
4.501
5.679
0.000
0.162
0.005
3.970
1.088
0.727
26.279
2.773
0.024
0.029
0.098
0.000
0.000
0.237
17.910
1.391
11.523
23.100
0.163
3.048
0.856
0.000
0.000
0.000
0.000
0.000
0.000
0.000
0.000
0.038
0.000
0.000
0.000
0.000
0.383
0.000
0.000
0.000
0.054
0.175
0.014
0.000
0.012
0.351
0.051
0.000
0.000
0.000
1.186
0.000
0.000
0.000
0.000
0.086
0.000
0.005
0.459
0.009
0.003
0.065
0.061
14.974
0.000
0.930
7.624
0.912
0.000
0.000
0.000
0.000
0.000
0.000
0.000
0.000
0.000
0.180
0.000
0.000
0.000
0.000
0.000
2.808
0.086
0.890
0.155
0.000
0.013
0.000
0.544
0.098
0.041
0.000
0.000
0.000
0.000
0.000
0.000
0.000
0.004
0.000
0.000
0.000
0.064
0.504
0.022
0.000
0.000
0.000
0.000
0.000
0.000
0.000
0.000
0.000
0.000
0.000
0.000
0.000
0.000
0.001
0.000
0.000
0.000
0.000
0.000
0.000
0.677
0.000
0.000
0.000
0.346
0.105
0.008
0.003
0.113
4.751
0.433
0.568
0.001
0.010
0.000
0.000
0.000
0.171
0.000
0.000
0.000
0.000
0.167
0.042
1.159
0.067
0.000
0.022
0.000
0.512
0.000
0.000
0.027
1.424
0.000
0.000
0.000
1.088
0.000
0.000
0.000
0.061
1.286
0.004
0.000
3.271
6.178
0.227
0.095
0.077
0.000
0.000
0.000
0.000
0.000
0.184
1.672
0.151
1.078
0.000
0.020
11.619
19.361
0.000
0.000
0.062
14.219
1.440
0.000
0.000
0.000
0.000
0.000
0.000
0.000
0.000
0.021
0.299
0.000
0.493
4.409
23.672
4.834
0.000
0.000
0.000
0.000
5.278
2.130
0.000
0.000
0.001
3.226
0.000
0.000
0.000
15.899
0.000
0.450
1.118
0.677
1.536
0.000
0.000
0.005
1.482
0.000
0.000
0.000
0.091
0.109
0.294
0.000
0.000
0.258
9.120
0.133
2.399
0.948
4.052
12.738
1.483
30.930
4.150
0.006
7.018
2.520
7.466
27.470
1.151
0.460
5.080
0.000
0.000
0.000
0.099
1.159
0.009
0.022
0.038
0.078
6.710
0.083
0.812
10.155
9.483
0.000
0.000
1.951
0.000
0.000
0.000
0.115
0.006
3.918
0.031
11.389
14.639
8.084
1.943
0.000
0.108
3.917
4.556
0.160
0.060
5.494
1.578
0.000
0.000
4.136
1.823
0.000
0.000
0.033
6.482
0.036
0.429
0.193
0.000
0.000
0.001
0.196
0.004
0.000
0.015
2.075
0.000
0.004
8.829
0.024
0.001
0.000
0.000
0.000
0.000
0.000
0.000
0.000
0.000
0.000
0.000
0.000
0.000
10.526
0.143
0.000
0.000
0.000
0.000
12.785
1.231
0.000
0.045
0.128
2.111
0.096
0.404
0.000
16.401
3.247
0.231
5.606
1.854
0.000
0.000
0.000
0.000
0.046
0.000
0.020
6.136
1.894
7.379
2.449
0.842
0.000
1.112
0.000
0.000
0.000
0.000
0.005
1.330
24.957
46.618
0.339
0.029
12.684
21.160
8.429
13.215
0.335
0.000
0.000
0.000
0.014
0.000
0.052
0.012
6.888
8.994
1.782
4.359
1.126
0.417
0.004
0.000
0.000
0.000
0.000
0.000
0.000
0.018
1.998
1.270
14.479
1.889
0.004
0.015
0.012
1.424
1.181
0.000
0.133
0.006
0.083
0.008
0.000
0.000
0.000
0.000
0.000
0.003
0.000
0.000
0.000
0.000
0.000
0.167
0.000
0.000
0.000
0.018
0.008
0.431
0.122
1.680
1.230
0.000
0.251
0.000
0.000
4.045
13.433
0.000
0.002
0.000
0.000
1.639
2.617
0.034
2.518
1.001
0.000
0.000
0.856
0.000
0.000
7.594
3.928
0.000
0.000
0.628
5.413
0.103
0.000
0.000
0.000
0.000
0.000
0.000
0.390
0.719
0.308
0.000
0.000
0.176
0.000
0.004
0.000
0.014
0.000
0.000
0.000
0.000
0.000
0.000
0.000
1.229
0.000
0.000
0.000
0.000
0.000
0.000
0.000
0.000
0.000
0.000
1.186
7.483
2.513
0.042
0.047
0.000
0.000
0.000
0.000
1.422
0.000
0.024
4.305
0.000
0.078
0.000
0.000
1.391
8.856
0.000
0.000
0.000
0.000
0.000
0.000
1.652
0.000
0.065
0.000
0.217
8.376
0.000
0.000
0.000
0.000
0.000
0.000
0.000
0.000
0.957
2.545
0.000
33.093
8.572
16.251
2.628
0.537
0.046
0.000
0.000
9.320
14.511
0.029
0.000
0.000
0.000
0.000
0.000
0.000
0.000
0.000
0.000
0.000
0.000
0.000
0.000
0.000
0.000
0.000
0.000
0.004
0.000
0.002
0.000
0.000
0.916
0.000
4.335
0.019
0.000
11.203
0.019
0.000
0.000
0.000
0.989
0.829
0.000
0.000
0.011
0.000
0.090
4.692
6.319
4.143
0.001
0.019
0.000
0.000
0.000
0.021
0.543
0.000
0.002
0.000
0.066
2.195
0.014
0.000
0.449
0.811
0.102
1.180
0.000
0.000
0.000
0.000
0.000
5.256
2.950
0.752
0.000
0.000
0.000
1.614
2.158
0.030
9.355
18.934
5.676
16.086
7.010
0.000
25.731
0.010
6.678
0.310
0.000
19.740
5.548
0.000
0.000
0.000
0.000
0.026
3.267
0.000
0.227
0.000
0.000
0.002
0.275
0.051
0.189
0.003
9.664
49.757
0.000
0.000
0.000
0.000
0.077
14.273
0.670
0.497
5.458
0.000
0.320
2.685
0.274
0.076
1.101
4.895
8.646
0.004
1.620
4.675
0.000
0.000
0.861
3.472
0.269
0.014
0.000
0.000
0.000
0.000
2.049
22.139
0.823
0.064
0.052
12.304
4.987
0.064
0.000
0.003
0.007
0.000
0.000
0.148
0.000
0.000
0.000
0.000
0.000
0.000
0.001
0.000
0.000
0.008
0.005
7.135
0.000
1.530
4.066
0.487
0.000
0.052
0.000
0.000
0.000
0.000
0.000
0.341
6.529
0.013
0.000
0.000
0.322
0.005
4.706
0.000
0.000
4.619
23.581
4.892
1.452
0.492
9.188
4.916
0.020
0.000
1.186
0.003
0.252
0.900
0.138
8.696
4.080
1.901
0.218
0.000
4.839
15.628
10.456
0.000
0.312
9.956
4.231
0.000
0.000
7.757
22.069
11.012
0.032
0.496
0.004
1.429
0.012
0.000
0.000
0.158
0.987
0.003
0.028
0.000
1.798
7.725
0.758
0.007
0.000
0.000
0.008
0.000
0.000
0.000
1.734
2.386
2.736
0.398
0.000
0.000
0.000
0.150
0.000
0.003
0.018
0.449
0.131
0.000
0.181
0.120
1.350
0.027
0.000
0.000
0.007
2.474
0.023
0.000
0.000
0.000
0.004
1.391
0.035
0.000
0.000
8.188
9.665
6.533
4.189
0.043
0.000
0.000
0.000
0.024
0.000
0.000
0.000
0.000
0.000
0.041
0.000
0.000
0.000
0.000
0.000
0.000
0.000
0.000
0.000
0.000
0.000
0.000
0.000
0.125
0.136
8.200
9.056
1.267
0.022
0.000
0.003
0.000
0.000
0.000
0.000
1.243
0.140
0.170
2.640
1.371
1.229
3.780
0.997
0.000
0.000
0.042
0.000
0.000
0.000
0.000
0.000
0.000
0.000
0.000
0.000
0.000
0.611
0.000
0.000
0.000
0.000
0.000
0.000
0.000
0.000
0.000
0.000
0.000
0.262
0.000
0.202
2.513
6.169
9.002
4.358
0.014
0.255
0.149
0.000
0.000
0.254
0.000
0.000
0.000
0.000
0.084
0.000
0.000
0.000
0.158
0.000
0.000
0.000
0.000
0.011
0.363
1.240
0.178
0.000
0.000
0.000
0.000
0.000
0.000
0.000
8.078
0.848
0.167
0.000
0.000
0.000
0.000
0.000
0.000
0.000
0.000
0.811
4.677
0.005
0.000
0.000
0.091
8.363
6.051
1.107
0.298
0.011
0.634
2.970
2.724
9.057
0.000
0.033
22.018
7.354
5.744
2.155
0.000
0.000
0.000
0.000
0.000
0.000
0.000
0.177
9.808
1.338
1.716
0.000
0.000
0.000
0.000
0.000
0.103
0.219
0.268
0.000
12.794
0.005
4.410
1.915
3.673
3.079
1.472
6.591
6.960
3.184
0.698
9.302
7.632
0.259
22.662
0.039
0.000
0.049
0.245
0.187
0.855
16.358
6.519
2.402
0.046
0.000
0.000
0.000
0.000
0.000
31.172
0.158
0.219
8.131
0.015
0.291
1.520
3.245
0.003
0.000
26.219
5.118
0.000
0.080
44.388
0.000
1.260
0.004
0.037
6.477
2.310
1.107
0.000
20.934
26.568
0.000
0.027
0.523
1.064
37.622
0.000
0.000
0.000
0.000
0.029
12.478
0.020
0.021
16.646
2.014
31.274
3.971
2.879
0.000
0.000
0.085
1.648
7.136
0.000
0.000
0.000
11.073
0.000
0.000
0.000
0.000
0.000
0.000
18.872
0.000
8.826
6.627
0.000
0.000
0.020
36.825
0.500
0.038
16.961
15.466
0.000
0.111
0.432
0.282
12.289
2.580
0.222
0.005
0.000
0.110
0.000
0.533
16.799
3.006
0.833
0.000
0.000
0.060
0.083
0.259
0.767
0.000
0.000
0.000
0.000
0.000
0.000
0.093
0.510
0.000
0.000
0.000
0.000
0.000
0.000
0.000
0.000
0.000
0.000
0.000
0.000
0.256
11.003
5.241
21.261
19.971
0.575
0.008
0.000
0.000
0.000
0.000
0.002
0.000
0.000
0.000
0.000
0.000
0.000
0.028
8.251
0.077
0.000
1.081
0.046
0.000
0.000
0.000
0.000
0.000
0.004
0.260
1.888
0.000
1.560
0.041
0.010
0.000
0.073
6.667
0.238
0.000
0.016
2.645
0.357
0.737
0.000
0.000
0.258
0.103
0.819
0.000
0.000
0.000
0.000
0.001
0.039
0.020
0.000
0.207
8.022
0.222
0.000
3.225
0.058
0.000
0.094
0.000
0.000
3.335
16.188
3.557
0.000
0.004
0.255
0.134
0.023
0.792
0.222
0.037
0.281
2.588
0.641
0.000
0.236
3.215
0.280
1.302
0.035
0.067
0.292
0.008
1.104
0.000
0.146
0.069
0.000
1.155
0.145
0.000
0.017
2.650
2.877
0.049
0.000
0.000
0.000
0.000
0.048
0.000
0.000
0.000
0.000
0.017
0.000
0.000
0.000
0.000
0.000
0.003
0.000
0.000
4.610
1.152
0.031
0.139
0.022
0.014
0.079
0.018
0.000
0.000
0.000
0.000
0.000
0.030
2.676
0.000
0.107
0.068
0.000
2.683
0.000
0.000
0.000
0.000
0.000
0.697
0.004
1.118
0.624
1.397
16.784
0.029
0.000
0.000
0.000
0.000
0.000
0.000
0.327
1.679
0.034
1.325
0.109
0.007
0.000
0.000
0.051
0.000
6.055
4.757
0.000
3.812
0.000
0.002
8.239
0.018
0.146
0.000
0.031
0.036
1.242
11.153
0.026
0.000
0.231
2.486
4.077
0.000
9.096
4.244
0.290
0.000
0.000
3.522
0.002
0.374
1.974
16.755
0.143
0.023
0.000
0.321
0.665
3.323
0.005
0.000
0.000
0.000
0.000
14.989
16.738
14.294
0.000
0.000
0.000
0.000
18.300
0.201
3.117
27.007
0.101
0.000
0.142
0.000
0.000
0.000
0.000
0.000
0.000
0.096
2.418
0.292
0.310
1.990
11.617
10.853
0.408
2.987
0.027
0.025
3.850
20.189
5.796
0.003
0.000
0.961
18.157
1.654
0.000
0.000
0.497
5.787
0.000
0.000
9.680
0.000
0.082
0.000
2.470
0.022
17.063
0.000
0.000
17.467
6.129
5.211
0.000
1.933
13.989
7.744
0.010
0.461
22.355
0.534
0.147
0.000
20.349
0.000
1.033
0.086
9.114
4.419
16.802
0.022
0.000
0.000
0.522
19.873
0.038
0.112
0.000
0.002
0.006
11.876
0.077
0.038
0.549
10.517
0.000
0.181
0.034
1.046
0.003
6.300
0.000
0.000
0.014
0.000
0.000
0.000
0.000
4.318
0.802
0.365
0.000
0.144
0.181
0.000
0.000
0.000
0.000
0.000
0.000
0.000
0.000
0.000
0.000
0.000
0.140
2.895
9.395
3.310
5.829
0.072
0.000
0.000
0.000
0.000
0.000
0.000
0.004
0.888
0.000
0.000
0.000
0.000
0.000
0.006
0.097
11.500
1.679
0.979
3.377
5.582
1.871
0.003
0.000
0.000
0.000
0.000
0.000
0.000
0.000
0.001
2.625
2.508
0.415
1.920
0.325
0.000
0.005
0.011
1.088
0.052
0.003
0.000
0.000
0.000
0.612
0.044
0.000
0.000
0.194
0.000
0.000
0.000
0.000
0.454
0.188
0.029
0.014
0.491
0.815
0.000
0.000
0.000
0.000
0.001
0.698
0.129
0.000
0.000
0.248
0.403
0.000
0.000
0.000
0.000
0.000
0.000
0.035
0.000
0.000
0.000
0.000
0.000
0.146
0.581
0.000
0.000
0.000
0.000
0.000
0.011
0.000
0.423
0.104
0.000
0.000
0.000
0.047
0.360
3.740
0.673
0.183
0.116
0.000
0.000
0.000
0.000
0.063
0.000
0.000
0.005
1.327
0.106
0.002
0.954
0.278
0.000
0.000
0.003
0.752
0.004
0.000
0.724
2.826
0.002
0.015
0.000
0.489
1.338
0.225
0.050
0.000
0.000
0.000
0.000
0.000
0.000
0.000
0.000
0.000
0.000
0.000
0.000
0.000
0.000
0.000
0.619
0.185
0.000
0.000
0.000
0.040
5.697
0.095
0.000
0.000
0.000
1.674
2.121
0.002
5.983
1.149
0.000
1.336
0.000
0.021
0.190
0.000
0.038
0.219
0.000
0.000
0.153
0.778
0.000
0.000
0.001
0.000
0.000
0.130
12.278
0.335
0.012
2.719
0.104
0.000
0.004
0.126
0.011
0.000
13.922
0.000
0.000
0.036
0.508
0.000
0.000
0.000
0.000
0.038
0.000
0.000
0.000
0.000
0.268
6.154
11.636
47.992
0.139
7.342
0.000
0.000
5.122
13.048
0.011
0.000
0.140
0.000
0.003
0.384
0.038
0.000
11.292
2.290
10.093
0.660
0.533
1.903
1.528
1.868
3.706
0.000
0.000
0.001
0.000
0.000
0.000
0.000
0.000
0.235
18.940
13.051
1.454
0.215
6.210
9.938
3.751
0.159
65.070
6.119
0.283
0.000
0.000
0.016
0.000
0.000
0.000
0.000
0.000
0.301
0.392
0.000
0.045
8.024
0.115
0.000
13.908
0.771
0.010
3.443
16.414
8.523
50.365
10.622
0.085
0.050
0.178
0.000
0.000
0.000
0.600
0.000
0.000
0.007
0.001
21.300
0.000
1.283
15.015
7.068
0.000
5.257
0.000
0.000
0.000
0.654
1.128
0.000
0.337
1.072
0.950
2.764
0.000
0.135
0.000
0.371
1.177
56.836
3.356
1.011
0.000
0.407
0.023
0.000
0.589
0.540
3.620
22.058
0.414
0.000
0.000
10.943
3.286
0.000
0.000
0.000
0.000
0.000
0.000
3.089
0.000
0.007
0.000
0.000
0.000
0.000
0.000
0.262
0.002
0.094
0.018
0.113
0.131
0.033
0.074
0.000
0.000
0.000
2.380
0.437
0.001
1.600
0.000
0.000
0.000
0.000
0.000
0.000
0.000
0.000
0.819
3.593
0.025
0.052
0.329
0.977
0.041
0.000
0.000
0.000
0.000
0.000
0.000
0.000
0.000
0.001
0.000
0.000
0.191
0.378
0.009
0.000
0.007
0.444
0.195
0.246
0.000
0.000
0.000
0.000
0.391
3.857
7.723
12.480
3.562
0.017
0.006
0.593
0.912
2.608
0.000
0.002
1.302
0.239
0.000
0.000
0.000
0.000
0.000
0.000
0.001
5.786
0.161
0.000
0.001
2.329
6.672
0.318
0.122
0.000
0.000
0.000
0.000
0.000
0.000
0.000
0.000
0.111
2.016
0.000
0.000
0.204
0.000
0.000
0.000
0.000
0.000
0.000
0.000
0.016
0.000
0.000
0.000
0.527
4.864
1.982
0.020
0.000
0.759
0.000
0.412
9.866
0.000
0.221
0.497
0.000
0.000
0.000
0.000
1.005
0.177
0.353
0.000
1.686
0.000
0.000
0.000
0.000
1.312
0.010
0.000
0.000
0.000
0.000
0.000
0.000
0.000
6.439
2.790
0.000
0.000
0.000
0.670
0.000
1.243
0.000
0.000
0.000
0.000
0.209
0.000
0.013
0.000
0.000
0.078
8.428
0.000
0.013
0.000
0.441
1.220
0.093
0.237
0.060
0.469
0.000
0.000
0.831
23.068
0.002
0.000
2.648
0.000
0.000
0.000
0.000
0.038
0.000
0.000
0.323
0.808
0.000
0.000
0.000
0.000
0.000
0.000
0.000
0.000
0.290
8.573
0.650
0.000
0.000
12.275
11.144
0.000
0.000
0.000
6.061
2.227
6.431
0.000
8.822
0.017
0.000
0.000
0.000
0.000
0.000
0.020
0.000
0.000
0.000
0.000
2.205
0.000
0.000
0.000
0.000
0.000
0.000
0.404
0.216
2.432
0.000
0.000
3.220
5.858
1.835
0.378
8.886
0.570
0.000
2.566
7.297
0.042
0.214
5.404
0.138
0.026
0.576
0.000
0.000
0.000
0.989
2.049
0.000
0.000
0.027
0.910
1.060
0.000
0.000
0.008
0.564
0.026
0.298
0.000
0.000
0.161
0.007
0.000
0.000
24.794
6.724
25.841
21.287
6.647
2.032
0.229
3.999
0.344
0.000
0.000
0.052
9.083
8.998
0.135
0.003
0.056
5.225
13.688
1.618
0.000
0.000
4.522
9.542
0.253
0.000
0.000
0.066
0.000
0.000
0.018
0.079
0.000
14.206
62.444
6.220
9.120
0.004
0.022
4.716
0.000
0.243
1.189
0.015
0.005
0.000
0.000
0.000
0.000
0.543
1.313
0.074
4.661
2.831
0.000
1.293
11.199
13.378
26.986
0.287
0.000
0.014
0.000
3.754
0.106
0.089
0.044
1.139
8.833
0.696
0.164
0.000
0.003
0.147
0.001
0.000
0.000
0.000
0.000
0.025
0.206
2.811
0.000
0.000
0.000
0.002
0.000
0.000
0.000
0.000
0.000
0.000
0.000
0.006
0.002
0.001
0.000
0.000
0.000
0.010
0.000
8.704
0.000
0.029
0.366
0.055
1.406
0.000
0.000
0.000
0.000
0.000
0.000
8.102
49.978
3.029
0.000
0.000
0.000
0.000
38.308
0.000
0.000
0.113
5.083
4.606
0.574
0.000
0.000
0.000
0.024
0.000
2.539
6.485
5.971
0.000
0.000
0.000
7.482
5.200
7.268
11.649
1.259
0.065
0.000
0.000
0.000
14.084
1.041
0.060
44.713
2.245
0.203
1.610
1.228
3.483
4.768
0.016
0.001
0.000
0.000
0.000
0.000
0.000
0.080
1.856
1.410
0.022
0.000
0.000
0.072
1.134
0.000
0.048
0.029
1.117
0.001
0.000
0.000
0.000
0.000
0.000
0.090
0.976
0.048
0.000
0.000
0.000
0.000
0.003
0.000
0.000
0.000
0.000
0.000
0.000
0.000
0.000
1.088
13.622
6.237
9.008
0.000
0.000
0.009
0.573
0.648
0.000
0.195
0.213
1.160
0.491
0.751
1.166
0.001
0.019
1.347
0.000
0.523
0.787
0.022
1.685
0.530
0.044
0.000
0.000
0.001
0.623
0.000
0.000
0.000
0.171
0.000
0.000
0.000
0.000
0.000
0.000
0.000
0.147
0.131
5.400
0.050
0.567
0.288
6.302
0.000
0.000
0.000
0.924
0.000
0.328
1.058
2.636
0.278
0.000
0.000
0.006
0.000
0.000
0.000
0.000
0.000
0.000
0.000
0.000
0.000
0.000
0.000
0.000
0.903
1.871
0.000
0.000
0.000
2.674
0.413
0.000
0.081
2.013
0.015
0.000
0.000
0.000
0.000
0.000
0.000
0.000
0.000
0.013
1.249
0.000
0.000
0.191
0.000
0.000
0.000
0.000
0.000
0.000
0.000
0.000
0.000
0.000
1.011
0.007
0.028
4.253
0.604
0.000
0.029
0.039
0.000
0.079
2.888
0.000
0.000
0.000
13.764
0.000
0.053
1.492
0.000
0.058
2.145
0.000
0.000
0.000
0.405
8.799
0.000
0.000
0.000
1.794
1.889
0.000
1.451
0.197
0.000
0.000
0.026
17.586
15.348
0.102
9.072
15.351
14.283
1.551
1.513
0.006
0.000
0.000
0.025
0.001
1.912
15.928
13.311
3.873
0.980
10.567
8.175
0.657
0.000
0.000
0.000
0.002
1.521
7.202
0.000
0.000
0.000
0.069
0.000
0.002
0.610
10.657
0.000
0.000
20.248
10.995
4.288
0.184
0.000
0.000
29.334
4.548
0.000
0.369
0.000
0.000
36.874
0.016
2.986
20.041
24.126
1.130
0.000
8.477
3.718
6.521
0.013
0.000
0.002
0.067
0.000
1.060
15.883
5.840
0.584
3.222
3.415
0.000
0.000
0.007
39.702
0.542
1.251
0.000
0.000
65.893
0.000
0.032
0.064
0.009
0.000
0.000
0.000
0.033
0.000
0.155
11.178
0.000
0.064
2.816
0.000
0.978
3.577
0.002
0.000
0.000
1.019
0.205
0.053
9.248
0.000
0.000
0.000
0.000
0.000
6.358
10.017
0.000
0.000
0.000
0.000
0.000
30.827
10.430
5.224
0.010
20.134
0.147
0.638
14.325
0.029
0.242
2.077
0.000
7.249
0.954
0.020
0.341
9.058
0.053
42.192
0.004
0.000
0.000
0.000
0.082
6.860
0.000
0.005
0.047
0.036
0.000
0.000
0.000
0.000
0.000
0.555
5.535
0.024
0.000
0.110
0.011
0.000
0.000
0.139
1.829
0.000
0.073
0.002
0.361
0.253
0.006
0.371
0.000
0.000
0.000
0.000
0.000
0.005
4.915
0.046
0.000
0.000
0.028
0.000
0.000
0.000
0.081
0.004
3.580
0.000
0.000
0.000
0.456
1.999
0.525
0.173
0.008
0.000
0.000
0.000
0.567
0.413
6.390
0.050
0.669
0.092
3.884
5.288
0.126
0.159
0.004
0.000
0.000
0.008
0.000
0.212
0.015
0.000
0.000
0.018
0.012
0.004
0.177
0.152
1.578
0.002
0.000
0.000
0.000
0.000
0.000
0.000
0.000
0.000
0.281
0.008
0.000
0.000
0.000
0.031
0.000
1.289
3.579
0.000
0.000
0.000
0.597
0.004
0.705
1.639
0.009
0.000
0.126
0.009
0.000
0.000
0.000
0.000
0.797
0.000
0.000
0.384
0.000
0.000
0.000
0.019
0.827
0.000
0.000
0.595
0.000
0.000
0.181
0.000
1.372
0.042
0.009
0.000
0.003
0.000
0.009
0.000
0.004
0.000
0.000
0.000
0.011
0.000
0.000
0.000
0.000
0.157
1.609
0.000
0.000
0.000
0.000
0.000
0.244
5.281
0.169
0.000
0.000
0.098
1.181
0.000
0.000
0.004
1.021
0.000
0.000
0.000
0.006
0.000
0.000
0.000
0.000
0.001
0.093
3.725
1.467
0.000
0.000
0.000
0.000
0.000
0.000
0.000
0.000
0.000
0.000
0.000
0.039
0.498
0.000
0.011
0.015
0.381
0.000
0.000
0.008
0.427
0.014
0.000
0.008
3.657
0.812
0.042
0.000
0.000
0.000
0.000
0.000
0.055
0.112
0.101
0.711
0.020
0.000
0.000
0.000
0.000
0.000
0.000
0.000
0.087
18.465
0.260
0.199
0.261
0.086
2.962
0.469
0.022
0.000
0.308
0.022
0.096
3.438
0.000
3.876
0.005
0.000
1.320
8.377
6.224
0.010
11.438
21.443
3.620
1.806
4.936
5.636
12.557
32.812
25.593
0.044
0.000
0.000
0.000
0.000
1.419
23.317
17.031
0.000
0.372
11.745
0.334
0.000
0.051
0.001
2.310
0.009
0.000
7.662
14.380
1.429
0.000
0.004
0.000
0.000
0.000
2.219
4.052
1.891
10.822
0.053
1.588
5.099
1.540
5.103
0.093
0.234
1.409
1.825
9.818
3.122
0.000
0.000
0.000
0.000
0.000
0.000
0.089
1.551
3.777
0.001
0.036
0.000
0.000
5.930
16.630
1.139
9.134
4.775
4.209
0.716
0.213
0.000
0.114
1.927
0.071
10.888
0.000
1.014
0.040
7.554
0.091
0.000
0.000
0.000
1.579
1.085
0.000
0.000
6.686
12.503
8.117
0.751
2.224
0.001
0.079
7.838
0.576
0.037
14.532
0.694
0.286
20.067
7.005
0.000
0.339
6.388
0.139
0.000
0.000
0.000
0.000
0.000
0.000
0.000
0.000
0.000
0.000
0.014
13.173
27.710
6.037
0.280
0.030
0.032
0.000
0.000
0.000
0.000
0.000
1.336
0.000
0.461
0.023
0.000
0.000
0.049
8.324
3.008
0.325
0.000
0.000
0.000
0.003
0.429
0.000
0.000
0.000
0.004
0.574
0.138
0.832
7.670
0.000
0.000
0.000
0.792
1.301
0.460
0.000
0.000
0.000
0.000
0.000
0.004
0.000
0.552
12.179
7.044
0.160
1.016
0.270
3.309
5.832
1.257
0.075
0.020
0.000
0.000
0.000
8.875
2.038
0.387
0.000
0.000
0.000
0.000
0.001
0.182
0.000
0.000
0.074
8.099
16.995
11.006
0.251
0.000
0.000
0.002
0.000
0.000
0.000
0.000
0.000
0.000
0.019
6.274
3.687
0.000
0.000
0.000
0.000
0.000
0.000
0.000
0.874
3.176
0.002
0.001
0.205
0.000
4.585
3.069
0.067
0.014
0.000
0.000
0.000
0.214
0.011
0.000
1.304
1.592
0.280
0.023
0.483
0.316
0.000
0.000
0.000
0.000
0.000
0.000
0.217
0.208
0.000
0.000
0.085
0.713
0.042
0.198
1.422
0.000
0.000
0.000
0.020
0.791
0.004
0.000
0.000
0.002
2.436
2.097
0.000
0.013
0.000
0.136
0.010
0.000
0.107
0.296
0.556
0.000
0.029
0.819
1.553
0.016
0.000
0.000
0.000
0.000
0.416
1.882
0.489
0.000
0.026
1.216
1.722
0.000
0.000
0.063
0.000
0.000
0.000
0.000
0.000
0.008
0.000
0.000
0.014
0.010
0.692
0.000
0.000
0.012
0.217
1.219
0.000
0.000
1.347
3.066
3.915
0.263
1.454
0.688
0.126
0.000
0.007
0.006
0.000
0.000
0.018
1.528
0.199
0.000
0.000
8.277
1.687
0.786
0.990
0.000
0.000
0.000
0.071
0.157
0.400
0.004
0.000
0.000
0.057
0.009
0.000
0.009
1.609
0.012
0.416
6.254
3.495
0.000
0.000
0.012
19.593
33.979
1.221
0.003
0.395
0.000
0.000
0.000
0.000
0.000
0.000
0.000
0.000
0.329
0.110
0.262
3.263
5.154
6.278
0.005
0.006
0.000
0.000
0.012
0.000
0.000
0.000
0.000
0.000
3.583
1.688
2.352
3.999
0.021
2.693
2.127
0.203
16.142
1.448
1.284
0.000
9.047
1.162
2.003
2.239
0.000
0.001
0.000
0.184
1.620
1.386
0.000
23.579
0.330
0.000
27.792
0.076
0.757
0.000
1.046
0.356
0.000
0.160
0.024
0.002
0.000
0.000
0.865
0.029
0.000
0.000
0.000
0.500
1.263
0.340
7.797
0.001
42.644
40.167
56.522
0.000
5.712
7.854
0.000
16.300
0.000
0.000
0.000
23.468
0.011
0.000
9.450
0.000
0.853
11.632
2.606
0.000
0.010
0.000
0.000
1.145
1.057
14.777
0.068
0.000
0.000
0.000
0.093
30.299
33.877
0.001
0.359
0.981
0.349
2.901
9.646
0.158
15.263
1.122
3.007
0.000
0.000
0.030
0.000
0.000
0.106
0.472
35.701
0.001
0.000
0.000
0.000
0.000
0.000
16.254
8.940
0.535
28.015
0.082
0.638
0.000
0.000
0.000
0.000
0.000
3.223
2.385
0.000
0.009
0.000
1.251
0.850
0.350
3.526
5.276
1.644
0.000
0.261
0.000
0.003
0.000
0.000
0.000
2.636
17.766
0.000
3.704
0.000
0.000
0.000
0.039
0.983
0.000
0.000
0.000
0.000
0.760
1.526
3.279
0.000
0.000
0.000
0.000
0.000
0.000
14.596
0.562
0.001
0.000
0.063
0.000
0.161
0.000
0.020
0.000
0.000
0.000
0.000
0.000
0.000
0.000
0.000
0.000
0.000
0.000
0.291
0.018
0.000
9.700
14.825
0.000
0.000
1.409
1.768
0.001
0.286
0.000
0.000
11.873
5.602
6.244
0.360
0.000
0.001
1.325
1.013
1.073
3.816
0.663
0.013
0.008
2.097
1.439
1.484
0.000
0.000
0.719
4.090
0.000
0.000
0.000
0.000
0.204
0.000
0.000
0.470
16.041
2.345
0.040
0.411
0.013
0.000
0.050
3.167
4.383
0.000
0.000
0.000
0.000
0.177
1.082
1.353
5.704
0.044
0.153
0.000
0.000
0.000
0.000
0.000
0.000
0.679
1.218
0.186
0.000
0.000
0.000
0.000
0.000
0.000
0.000
1.067
0.887
0.415
0.000
0.000
0.000
0.017
0.000
0.574
1.946
0.000
0.000
0.000
0.297
0.000
0.000
0.000
0.000
0.000
0.000
0.000
0.591
6.057
0.063
6.341
0.000
0.000
3.320
0.044
0.007
0.000
0.000
0.000
0.000
0.000
0.000
0.905
0.540
0.000
0.000
0.000
0.000
1.188
0.000
0.000
0.000
0.298
0.042
0.000
0.000
0.000
0.000
0.012
1.111
0.000
0.000
0.005
0.000
0.000
0.000
0.000
0.016
0.000
0.002
0.000
0.077
0.003
0.000
0.000
0.382
2.962
0.000
0.122
0.000
0.000
0.507
0.908
0.158
29.097
8.308
10.652
2.117
0.002
0.638
0.271
3.166
7.046
4.113
0.005
0.000
0.000
3.670
6.521
0.112
2.291
0.000
0.000
0.000
0.000
0.239
0.000
0.000
0.037
0.000
0.000
0.003
6.000
7.409
10.982
0.083
0.000
13.993
2.997
0.985
0.329
0.010
0.181
0.006
1.230
1.399
0.516
0.041
0.000
0.000
8.353
0.000
0.000
0.000
0.043
0.885
0.000
0.090
6.241
4.843
0.938
42.149
0.000
0.018
2.806
7.368
0.357
1.177
0.000
5.136
0.000
0.306
1.622
0.145
0.000
19.292
3.675
3.638
0.000
0.000
0.000
0.000
5.754
4.645
0.000
0.000
1.458
1.105
0.000
27.982
0.457
0.001
0.016
0.000
0.000
23.269
1.194
0.623
0.000
26.983
0.152
0.000
0.000
0.000
0.000
0.000
0.000
0.000
1.585
0.000
0.699
32.044
4.013
0.003
3.900
5.023
0.000
0.014
11.187
1.036
0.057
13.157
14.207
0.000
4.368
24.156
1.080
10.081
0.004
0.048
1.931
0.003
0.702
0.000
16.151
8.696
0.156
0.000
0.000
0.000
0.000
6.840
0.114
0.000
4.491
0.000
0.000
0.000
0.000
0.000
0.023
0.000
0.000
0.000
0.585
11.971
0.130
0.000
0.017
14.221
0.000
16.155
23.824
27.778
10.809
8.180
2.063
0.000
0.000
0.000
21.028
15.579
9.793
0.224
0.000
0.000
0.042
0.038
0.000
0.000
0.000
0.000
0.000
0.137
11.080
0.530
0.000
0.000
0.000
0.000
0.177
1.605
0.021
0.000
0.000
0.034
0.976
0.000
0.000
0.061
0.081
1.336
1.165
0.084
2.704
0.197
0.085
0.000
0.029
1.590
0.000
0.044
0.000
0.000
0.000
0.026
0.006
0.006
0.025
0.000
0.000
0.000
0.000
0.064
0.113
0.409
0.000
0.000
0.000
0.000
0.000
0.000
0.000
0.000
0.010
2.495
0.000
0.030
0.000
0.420
0.028
1.799
0.002
0.258
0.006
0.174
2.203
0.047
0.023
0.603
1.084
3.708
0.001
0.187
0.000
0.000
0.014
0.000
2.392
0.043
0.000
0.000
0.000
0.000
0.000
0.000
0.000
0.000
0.000
0.000
0.000
0.232
2.530
0.270
0.000
0.339
0.864
0.008
0.000
0.000
0.000
0.000
0.000
0.000
0.000
0.000
0.000
0.000
0.000
0.000
0.000
0.000
0.154
0.143
0.000
0.760
3.160
0.008
0.000
0.498
0.000
0.000
0.000
0.000
0.000
0.024
0.000
0.000
0.000
0.000
0.398
0.321
4.603
0.305
1.073
7.064
0.141
6.802
0.000
0.000
0.000
0.000
0.000
0.000
0.000
6.370
12.478
0.000
0.000
0.000
0.003
1.695
0.000
0.000
0.000
0.000
0.000
0.000
0.000
0.000
1.127
0.800
0.110
0.000
1.558
0.029
1.784
11.036
0.000
0.000
3.011
11.182
0.000
0.124
1.026
0.010
0.007
0.032
0.000
0.000
1.115
0.000
0.008
1.055
0.000
0.000
4.827
2.792
0.000
0.000
0.000
0.000
0.000
0.000
0.000
0.007
0.434
0.000
0.000
0.000
0.000
1.749
4.937
0.000
0.000
0.000
0.000
0.273
0.056
2.398
10.122
1.676
0.000
0.000
0.000
0.000
0.074
0.000
0.149
0.528
2.003
0.000
0.206
0.086
0.026
2.321
0.440
0.004
0.363
2.939
1.929
7.876
0.256
0.000
2.913
7.694
0.116
0.000
20.596
0.000
0.000
0.770
0.336
10.755
25.644
0.022
0.000
0.997
4.270
68.189
6.995
0.387
0.116
0.000
0.000
0.000
5.092
0.008
0.082
0.000
0.000
0.012
8.327
2.707
9.811
5.087
11.876
5.662
0.000
0.040
0.000
42.483
0.106
2.607
12.211
0.126
0.000
0.090
0.090
0.000
0.000
0.372
31.547
0.793
0.000
2.511
0.000
4.400
0.641
0.000
0.000
1.579
0.840
0.081
3.846
0.001
0.058
9.059
0.011
0.535
0.006
0.000
0.000
0.000
0.000
0.000
0.000
2.701
5.537
0.000
0.000
0.119
0.000
19.685
0.015
0.113
0.000
7.961
5.429
1.417
8.072
6.326
0.302
0.000
0.040
8.615
15.729
0.288
7.364
3.767
0.000
0.012
0.009
0.000
0.166
0.134
0.001
0.080
0.009
7.932
0.000
0.000
0.152
0.015
0.269
14.097
0.000
0.005
1.058
7.340
2.161
1.037
0.050
0.040
0.750
0.151
1.037
0.446
0.949
8.207
1.587
0.000
7.690
8.998
20.044
8.745
0.185
0.000
0.003
0.105
0.000
0.000
0.000
0.000
0.000
0.000
0.000
0.000
0.000
0.694
17.102
4.172
7.004
0.000
0.000
0.000
0.000
0.087
0.000
0.002
0.199
7.830
3.552
0.465
0.385
0.457
2.285
0.272
0.017
0.023
0.000
0.210
0.000
0.025
1.139
0.000
0.000
0.000
0.000
0.000
0.000
0.000
0.000
0.000
0.219
0.220
0.000
0.000
0.000
0.000
0.000
0.001
0.000
0.000
0.000
0.000
0.000
0.000
1.042
0.175
0.000
0.000
0.000
0.000
0.000
0.026
0.000
0.786
0.253
0.005
0.130
0.000
13.309
12.186
0.000
0.000
5.799
0.000
0.000
0.000
0.000
0.000
0.000
0.695
0.000
0.000
0.000
0.000
0.000
0.000
0.000
0.000
0.000
0.000
0.000
0.000
0.000
0.000
4.132
0.029
0.167
0.064
0.592
0.054
4.401
0.148
0.000
0.000
0.156
0.000
0.000
4.803
0.000
1.429
3.487
4.569
0.000
0.000
6.144
3.274
0.758
0.000
0.704
0.000
0.000
0.000
0.000
0.954
7.146
0.221
1.083
0.091
0.012
0.000
3.087
0.000
0.050
2.764
0.130
0.000
1.643
0.000
0.000
0.000
0.045
14.223
0.000
0.000
0.008
27.259
1.699
0.000
0.000
0.000
0.000
0.000
0.000
0.000
0.000
0.000
0.000
0.000
0.000
0.000
0.000
0.006
0.005
0.267
0.000
1.086
0.000
0.000
0.231
6.296
5.147
0.000
0.000
1.430
14.753
3.638
0.000
0.000
0.109
0.548
7.569
0.021
0.000
0.571
1.605
0.002
0.000
0.002
0.000
0.000
0.000
7.545
1.456
4.056
4.516
0.042
3.429
0.273
0.000
0.009
0.544
10.122
0.002
0.000
0.000
0.000
0.000
1.721
6.642
0.000
15.743
14.061
5.266
0.000
8.960
12.440
0.000
9.449
0.094
0.333
0.000
0.000
0.000
0.000
0.000
0.000
0.000
0.000
7.014
0.002
0.000
0.000
30.999
0.396
0.222
3.779
0.008
6.520
0.262
5.939
2.304
0.005
0.000
1.578
5.911
0.030
1.774
10.907
4.670
0.502
0.041
6.053
0.000
1.794
4.087
0.138
0.000
3.304
0.005
4.193
0.000
0.000
11.949
25.355
1.956
0.189
0.000
0.000
4.377
4.254
6.263
10.550
4.071
6.462
1.063
0.003
0.000
0.000
0.000
1.936
0.000
0.000
23.545
0.000
0.000
0.000
0.065
1.988
0.045
10.090
9.174
0.000
0.000
0.000
0.092
0.289
1.576
2.959
6.540
0.018
1.234
0.000
18.307
0.000
13.007
4.139
0.000
0.000
0.000
0.203
7.311
14.020
3.842
0.000
0.000
0.000
0.008
0.000
19.959
0.000
0.754
0.077
0.000
3.341
0.298
34.517
1.118
12.164
24.156
0.059
0.396
0.029
6.370
9.926
0.000
0.000
3.628
2.738
0.156
0.000
0.010
0.342
1.183
0.000
0.625
23.619
2.776
0.018
9.045
0.043
18.892
4.744
0.014
0.000
0.000
1.119
18.994
4.635
13.071
0.390
0.005
0.044
0.001
0.000
0.001
0.000
8.254
31.168
0.502
0.000
0.000
0.000
0.000
0.000
0.071
0.000
0.000
0.000
0.000
0.019
0.092
0.027
0.000
0.000
0.000
0.007
0.559
0.013
0.000
1.032
0.091
0.000
0.000
0.219
0.000
2.457
0.000
0.896
0.003
0.007
0.000
0.014
0.035
2.846
0.006
0.134
1.945
14.803
0.466
0.000
0.000
0.000
0.000
0.000
0.000
5.595
0.000
0.000
3.212
0.118
1.507
0.000
0.032
0.000
0.000
0.000
0.000
0.000
0.000
0.000
0.000
0.000
3.702
0.278
0.667
19.310
16.066
1.814
0.000
0.366
0.000
0.002
0.000
0.000
0.000
0.000
0.016
0.002
0.000
0.000
0.009
3.026
2.086
2.435
0.055
6.790
0.798
3.549
0.000
0.000
0.045
0.784
0.101
0.000
0.000
0.000
0.000
0.000
1.679
0.000
0.000
0.000
0.003
0.000
0.000
1.001
0.001
0.000
0.000
0.000
0.000
0.000
0.000
0.000
0.000
0.115
0.353
0.000
0.000
0.000
0.000
0.000
0.000
0.000
0.000
0.000
0.000
0.000
0.000
0.000
0.000
0.000
0.088
0.019
0.000
0.000
0.000
0.000
0.001
0.255
1.515
0.000
0.000
0.243
0.000
1.015
0.482
0.000
0.040
0.652
0.015
0.000
0.020
0.000
0.000
0.031
0.217
0.000
0.000
0.027
14.648
7.451
0.161
0.000
2.037
6.333
0.005
0.365
0.434
0.000
0.000
0.000
0.446
0.055
0.000
0.000
0.000
0.000
0.002
0.041
0.031
0.197
0.206
0.021
0.147
4.783
6.662
2.747
0.000
0.081
1.349
0.000
0.000
1.963
0.645
0.000
0.000
0.119
8.347
0.000
0.000
0.000
2.871
0.014
0.000
0.014
0.000
0.000
0.000
0.000
0.000
0.000
0.000
0.502
3.064
6.960
0.016
0.000
0.000
0.000
0.088
0.447
2.428
0.200
0.137
0.000
5.430
7.759
18.175
6.813
0.000
0.074
0.000
0.000
0.079
0.006
0.000
29.940
5.641
0.008
15.102
0.010
0.000
1.719
0.002
3.869
0.000
0.000
3.203
8.878
4.607
0.642
0.000
0.000
0.000
0.141
0.065
30.286
17.827
0.000
0.000
4.595
0.000
5.919
2.310
0.632
0.640
47.411
1.233
0.000
19.390
0.001
0.000
0.000
32.628
2.925
0.000
0.000
0.000
0.000
0.000
0.475
0.000
0.000
0.000
0.000
0.007
0.002
0.347
11.540
0.978
0.000
0.407
9.956
33.459
40.561
0.007
0.118
0.000
0.000
1.601
0.003
1.496
2.163
5.205
0.241
0.338
1.468
8.925
1.057
0.000
16.205
0.000
0.011
1.522
0.000
0.026
0.027
0.000
0.000
0.000
0.000
0.000
14.904
0.502
0.000
0.000
0.000
0.000
0.000
0.000
0.000
1.590
0.000
0.000
17.707
0.030
0.508
1.918
1.774
0.865
1.029
1.836
0.000
0.099
0.000
0.045
0.000
0.013
0.000
0.000
0.000
0.000
11.662
0.000
0.572
1.367
0.000
1.812
3.714
0.117
0.311
9.253
3.115
7.429
0.000
0.553
0.006
0.000
0.000
0.000
0.042
0.000
0.000
0.000
0.000
0.000
0.000
0.000
0.000
0.000
14.364
6.941
0.912
0.000
0.065
0.000
0.000
1.342
0.868
0.000
0.000
0.304
0.000
5.412
0.000
0.691
0.327
0.000
0.000
0.000
0.000
0.000
0.000
0.000
0.000
0.000
0.000
0.000
0.000
0.000
0.000
0.000
0.000
0.000
0.099
0.867
0.000
0.000
0.000
0.364
1.624
0.000
2.747
0.000
0.028
2.878
0.100
0.000
0.258
1.762
0.318
6.985
0.000
